44.383163 -21.439150
3.295441 -12.390854
8.019507 -15.597860
22.880945 18.229322
18.426842 -18.805782
-23.021177 -57.186653
2.220816 -12.709714
-30.827984 27.880947
-28.641338 -27.112915
2.262414 21.599501
37.190506 -3.274086
31.099979 46.594215
22.236855 25.175518
22.292652 -17.035730
-78.365494 2.404441
65.988052 0.279954
-0.627999 23.727757
31.430365 13.396249
10.363711 -51.132080
-52.795822 10.034482
11.936410 -15.899027
0.563263 21.408432
-17.273211 -54.852524
-0.481898 -7.143081
-10.040477 -2.094070
-31.468697 -36.386131
2.798597 24.609444
-19.202223 -2.512408
-0.760433 -2.954525
-21.512096 -57.511475
37.448174 -8.613175
-0.384290 -8.625419
-28.206100 -32.056778
-23.523888 -33.687393
0.115378 -8.101905
63.581036 -17.953253
-29.356844 -37.258698
-29.439699 -11.642124
-29.439697 -11.642125
7.459216 -5.262746
-8.619654 -11.578545
25.788269 -6.761381
-0.751508 -46.953091
-31.170372 -16.346022
9.687874 23.835257
12.473915 20.544861
-17.264162 -54.959492
21.264317 24.576265
-1.911191 -5.550809
-7.036736 51.972282
17.001871 18.773466
30.986860 14.397424
-9.437269 55.298626
-0.762138 22.422619
26.913246 -10.863806
15.655571 -53.146271
4.915248 -13.815830
-6.636565 -58.414497
-9.958795 -39.805462
-12.269059 23.109804
-33.185444 -31.177132
38.003292 -5.518187
49.553928 32.480766
40.532394 -0.848016
17.063545 58.931133
10.448772 -53.140320
66.121689 1.355499
67.063248 0.903788
10.447270 -53.140381
48.578136 30.556225
39.024429 -6.609827
-34.176174 -7.900240
3.074080 24.631479
24.455341 11.589142
15.430455 23.481491
-27.835245 -61.822147
-11.827531 34.472958
26.029240 -6.573831
-9.437269 55.298626
31.945496 46.525318
14.638386 58.158157
32.888668 12.934721
-29.608782 -8.029227
-9.437269 55.298626
-10.486623 24.066359
-56.167702 -12.689560
10.447268 -53.140297
-9.437269 55.298626
-9.694504 -42.010937
17.645895 16.845783
0.496849 21.460917
-4.851524 -3.159711
-25.720423 -5.485618
-8.582857 51.391708
50.217674 32.818119
-23.378166 -33.360661
-6.503192 -54.453564
-12.549941 -3.201482
-23.707615 -4.742654
19.197582 12.817771
-25.071033 -30.030369
31.801579 -17.260662
-5.481438 -9.782165
-24.886761 -11.802425
-6.468608 -4.225142
37.876148 -3.984337
22.464649 9.868733
-23.219660 26.453608
10.657941 -49.380524
-9.847071 -7.470484
-11.385376 -3.093440
-10.024096 -44.266605
20.521917 -19.149788
-6.032383 -45.498749
-31.799679 -14.697095
-8.135948 53.022785
-20.191868 -3.114189
-24.874664 -58.886814
-29.155432 -9.707423
-43.979408 34.414574
44.162357 -21.180511
-30.716940 -20.250423
-25.055466 -9.777686
36.279251 -0.099081
-19.254856 -4.943306
-21.362011 -55.333519
-15.299922 -46.716534
-11.827531 34.472958
31.733946 45.889023
-55.731392 -12.655465
2.846372 -5.491748
-28.545635 -9.510358
37.412525 -2.053940
15.889457 57.917976
-30.808105 -34.388016
-31.821074 -33.646744
36.233875 8.026229
-29.365395 -38.965496
33.570526 7.248990
-34.176025 -7.900979
-37.390144 -38.766018
-16.086290 -1.381837
38.613770 1.045505
-3.902312 23.980598
-8.588297 -44.760540
-27.997934 27.981220
-23.810074 -9.786990
-28.216101 -8.422530
-13.842175 24.915382
-1.392392 -8.531730
24.216917 21.081781
16.607624 55.483482
-22.392702 -37.142376
1.945948 -10.484252
-9.437269 55.298626
48.929291 -13.633717
-29.411955 -19.834450
14.957603 56.866764
-25.975033 -4.559791
-18.418673 26.661701
21.374359 -19.042147
14.197833 57.178490
33.081825 12.137156
12.929236 56.335636
-16.482740 26.814257
-46.887070 36.482243
-16.956121 -52.833946
31.991238 -13.770236
-14.855749 -53.304901
26.865505 15.834508
-77.462105 2.595740
2.779301 22.750572
-6.708075 54.635391
20.005882 -19.252796
-9.174611 52.767399
-11.417575 53.283546
-20.824497 25.859005
-33.185493 -31.177500
-13.306513 -42.067539
13.633986 56.638458
-21.376139 -1.936412
26.618071 -21.014076
-9.437269 55.298626
-36.381138 35.131302
49.418255 30.549000
14.323535 54.724186
-2.331750 -47.937271
9.318509 -52.043804
63.493126 1.516980
26.911026 20.373722
-45.356030 35.431217
4.846317 -3.921819
13.858221 29.383198
-38.660126 29.370342
29.315695 16.609116
-15.786037 -54.153038
12.795100 -50.793335
15.724305 21.289108
-11.076515 -53.105862
-4.253160 -46.111866
-41.610542 -1.557232
-25.271143 -59.969917
-28.025419 -61.455387
-34.603352 -11.953541
43.508011 -22.278505
-53.785477 11.622110
-21.958033 -1.698712
2.286480 -9.876544
21.926525 9.448118
-78.452217 3.127504
-34.922001 -10.837753
-27.401255 -61.119991
19.061224 -9.796059
-24.483746 -31.811178
-41.122063 29.553535
-46.533783 4.847677
-56.029228 -11.998684
-9.082036 52.288719
32.046074 44.376434
31.237545 45.914627
24.047480 20.724792
-9.437269 55.298626
-30.723217 -14.216529
-21.430492 -35.012035
0.556121 -46.746735
20.240185 -52.697941
1.110230 -52.781269
-18.118702 -9.150688
-23.886868 -53.628967
-29.280960 -10.125655
15.250234 57.622322
32.500824 45.365711
18.560928 -17.680397
49.601593 29.474117
51.173653 31.117939
2.663249 -5.720037
-27.430780 27.832857
-45.291325 35.439796
23.554312 -9.684494
-12.304163 34.490490
-44.873672 -25.534653
32.655640 10.277496
0.024468 -8.084575
-29.311255 -35.831821
-30.038256 -21.407568
51.966328 33.554874
51.645229 29.091637
58.642921 20.132685
-7.533950 -45.030621
13.244611 55.954678
-16.985018 -55.649147
-20.759283 2.478244
13.638551 54.651001
-32.397182 -35.903767
33.106373 -16.688658
-9.460951 -3.932973
25.403326 22.167944
14.263576 -16.585711
0.266079 -11.322637
59.995869 20.444662
-9.437269 55.298626
-9.437269 55.298626
47.371029 30.166258
-9.437269 55.298626
1.331987 -47.216278
-30.044693 -10.381216
-19.570196 26.063135
28.764263 25.817354
4.298836 23.908421
33.806507 -11.429712
-28.095623 -8.723503
-29.974649 -28.055679
10.073945 -49.140980
13.672003 -51.261379
-3.279272 -6.408367
-9.437269 55.298626
-22.738405 -2.154343
12.070519 -3.694861
-43.044315 -4.464477
66.497902 1.688460
66.729233 0.323639
-48.149086 6.442791
9.468097 -16.776623
-30.856764 -14.003832
19.399008 -19.882135
1.324029 -46.432552
27.115314 16.302412
26.428242 20.091337
-26.102661 -30.707119
47.969849 30.980511
-28.263727 -13.022365
-3.966446 23.157507
38.027939 -9.620997
35.766415 -3.710548
-29.623631 -25.298588
0.402264 -10.324414
-21.878273 26.115797
18.793982 25.397617
3.873185 22.577393
36.291855 5.339294
39.343750 -5.943568
-13.634890 -42.261635
60.054550 20.939289
-10.228866 -55.211433
13.283367 54.170738
23.684443 -7.937108
-7.365415 -3.332721
9.562452 -50.001595
7.025046 -8.826900
12.328351 -20.127939
0.923213 -46.451252
0.923212 -46.451416
14.160149 54.253250
24.125479 -9.389789
-25.271143 -59.969917
-44.704376 1.832970
-4.245174 24.635782
38.438602 -2.580658
38.153423 -13.912388
-7.738095 -1.331273
33.250801 9.351519
27.764034 17.764257
-38.879673 -28.776762
-32.684113 -39.841881
-24.733084 -32.294315
9.651383 -11.785403
34.354610 -16.418020
-24.830517 -4.557520
10.196780 -49.537247
17.958059 -52.967812
15.616251 55.539131
-36.026970 32.162060
-33.745064 -37.279556
24.734148 22.176542
-9.675181 23.799334
-15.247454 -0.785673
-9.437269 55.298626
9.754383 20.520355
18.211864 -14.452901
10.080100 -15.329641
-28.244822 -21.151346
19.615778 -52.248867
-25.703352 -29.420998
-52.499924 10.734261
18.318459 27.644646
33.386227 -14.169670
26.156527 12.342943
43.835819 -21.747908
9.793000 -49.252659
-46.887070 36.482243
39.888790 0.344780
-13.181349 -1.535973
-55.558231 -11.159035
-6.259127 21.790173
13.381626 57.957874
32.839222 17.913246
-13.032634 -0.620875
-35.980164 31.625141
-7.738094 -1.331274
31.164898 13.001934
-37.711185 30.893259
-25.193510 27.369114
-56.438972 -12.532105
-9.906733 21.552635
-32.297050 -38.542992
-12.539789 26.269543
-44.483170 -26.120640
-38.813992 -29.150831
18.474709 -16.593525
36.021812 -13.770095
31.733946 45.889023
22.464912 9.868990
-8.850024 -13.493888
11.306465 24.494036
-18.242531 25.426628
59.942188 20.113701
-13.078414 24.720722
12.187257 20.715736
-35.489395 29.687193
-47.052673 36.568836
22.236904 25.175598
39.690739 -1.313720
31.836527 45.439060
-9.437269 55.298626
-8.319862 -10.363632
-8.850102 -13.493717
-27.722218 -18.516384
31.446703 14.128770
67.168594 -0.287995
-27.789358 -37.633209
8.875006 23.073750
-27.173491 -61.595898
21.355801 20.212980
48.929379 -13.633704
49.124691 31.301689
32.425415 13.991482
-11.461420 23.676144
3.689567 -51.170929
16.228880 21.842791
-15.629006 0.073006
19.607296 -52.291325
-31.297035 -39.893368
36.960423 -14.885735
36.621326 -15.465664
-21.315434 -9.280159
-45.494923 35.614243
-7.235684 -6.331809
6.900677 -53.796986
16.678442 23.384489
-30.046700 -35.075951
-31.678751 -38.079891
17.490297 -18.006565
-9.437269 55.298626
63.895214 -18.678736
-22.357912 -57.011421
-7.361055 -58.170708
-35.332027 -32.641598
30.437468 21.929436
39.891296 -9.489234
-10.070488 24.893204
12.036403 20.109875
36.535858 5.840360
-13.085019 -1.086488
-11.827531 34.472958
-2.387839 23.877142
-14.638309 -41.494152
16.922758 22.290806
-35.226250 -31.940041
-20.696960 0.001966
23.826567 -13.943295
22.795988 -12.313582
31.865717 12.992454
-31.039886 -19.931396
16.355259 -16.151861
-5.788512 -5.519658
6.628362 -8.665769
23.684443 -7.937108
-35.808491 29.239616
-23.666777 -35.765114
16.316759 -16.100912
-24.439369 -3.822075
26.551929 -18.396332
-24.249073 0.936485
-10.048539 52.106300
63.895214 -18.678736
33.301796 -17.900845
-13.930608 -53.263294
-28.190393 -13.485270
-36.026623 32.162056
66.510178 0.493878
10.447268 -53.140297
5.316401 -52.164692
10.448771 -53.140297
-23.069075 -9.899761
11.286942 -52.653515
-1.015901 -50.043545
-11.827531 34.472958
13.429009 22.624809
28.739656 17.973452
8.392046 -15.794427
8.391950 -15.794412
-9.437269 55.298626
23.390045 -17.452225
39.844429 -7.785628
-4.214517 -3.348766
-5.584526 21.549398
13.331840 -16.007744
47.689304 31.692703
0.677400 -51.645325
8.260452 23.351835
12.809213 -14.519018
59.929916 20.453279
-1.223692 -47.476151
12.271845 -4.143156
-9.437269 55.298626
33.593967 -15.222581
-22.450727 27.628073
5.516774 -10.920130
-39.370274 31.396393
18.160006 -10.353971
-35.226196 -31.939775
20.318707 21.748257
-21.512245 -57.510777
8.926120 21.873867
-22.671093 -9.976957
-43.939384 34.413136
10.566016 -16.475496
8.296984 23.300037
-17.373508 24.598686
-52.798283 10.468666
-52.557701 10.709689
-17.114832 25.557436
50.644867 32.630947
-4.638424 -4.366295
20.374819 22.618820
14.875695 21.218430
-29.733812 -12.088510
-9.437269 55.298626
64.229774 -17.390383
-20.690086 -4.509850
15.784379 54.948418
-9.437269 55.298626
3.484787 -47.472652
51.815945 31.330412
59.612453 20.535744
-30.278551 -14.019264
17.604393 22.005371
-1.242637 -10.145249
-12.754874 -41.396992
26.141319 -18.620388
14.352015 -15.956807
-19.547085 -4.799560
30.082035 -18.443993
14.825187 55.800175
10.489342 -49.462273
64.170593 -17.933100
30.279078 45.654297
11.440533 -16.684263
-10.403363 -0.817171
48.168549 -13.582112
-35.513073 -33.434776
-36.381126 35.131275
-7.167828 -44.972977
-56.042313 -11.897672
13.652453 56.286438
23.397890 18.945765
-55.496696 -12.504496
33.278992 -13.945536
-30.640676 -14.604201
33.316017 7.704036
2.870127 -7.335339
43.322052 -21.958393
-8.869637 -13.447744
63.488815 1.140307
13.858222 29.383221
-30.469591 -27.494209
12.976380 -17.530281
3.492065 -11.906945
-27.883526 -61.111851
-27.273756 -25.102520
-20.759281 2.478244
-0.184122 -51.208611
-24.978449 27.686850
-35.808491 29.239344
-39.632668 30.037649
62.257454 -2.473415
42.430317 6.174117
32.607491 10.823908
-41.870514 29.366909
64.960854 -18.180176
-45.034340 -26.429382
-31.260204 -39.291496
10.834026 -49.789604
3.534084 -51.890106
31.028788 45.932327
23.643555 -19.602255
21.147194 -20.412968
-7.504798 53.473408
-17.302992 -2.451401
-31.448576 -38.236782
-9.109000 52.260925
-6.682589 54.753433
-55.402641 -12.422128
6.275668 -19.031075
13.101009 -15.259157
-28.182907 -38.219044
-11.438563 24.770300
25.324549 21.525379
-20.792900 24.194099
38.928856 -1.484789
36.223991 8.125360
-9.437269 55.298626
30.412926 44.840210
47.939545 29.774487
-33.366676 -35.746864
21.154371 22.919991
34.710835 -13.567077
-23.664177 -35.764484
-36.665142 29.307703
-30.537003 -27.801453
-29.507936 -36.211124
-29.922050 -16.667957
23.328241 -19.981947
10.523231 -11.718031
-15.299921 -46.716534
-5.932924 -8.552814
7.824573 24.219492
44.369774 -22.028597
23.639538 -9.468141
-9.183133 -10.214890
-16.690283 -39.307369
-13.004210 -0.098978
7.275240 -12.126046
-8.940662 -42.769001
-24.970703 -6.244891
32.036705 12.483208
11.346571 21.857124
12.070519 -3.694861
-5.469381 25.940163
14.793192 53.835735
-7.188153 52.860573
38.818630 -1.286460
-77.609711 3.258897
-35.226017 -31.939749
37.230423 -3.674771
31.163729 15.667581
-44.483170 -26.120640
4.108747 -11.574916
29.507931 12.572844
15.279016 23.622208
-8.850102 -13.493717
28.779499 -18.202127
-43.339485 33.852436
7.578495 -52.047832
18.167828 18.202417
26.594288 18.045666
-15.299926 -46.716595
-8.850024 -13.493888
14.832022 23.098413
30.565434 12.070553
-42.907787 -2.505790
-23.460459 -31.497454
-27.852314 -25.990637
37.853809 -12.680263
-30.051985 30.942366
-34.509060 -9.462722
-9.437269 55.298626
34.390732 -13.492043
-9.437269 55.298626
5.924978 -18.656971
-0.195106 -51.256973
16.071775 56.377056
-34.213699 -24.388388
51.643074 30.178642
9.674078 -49.234283
-43.528667 -4.298824
31.602066 46.534912
-9.437269 55.298626
37.258892 6.488673
-9.437269 55.298626
32.566772 45.589596
15.623808 58.171520
7.921151 23.738361
64.260841 -18.806170
-9.437269 55.298626
30.426750 46.027466
-9.283399 25.504625
-37.145138 32.816895
11.408177 22.450668
-31.498034 -11.148164
20.966303 21.130419
49.790981 31.826532
-18.537724 25.596954
12.042953 -16.738415
-6.572910 53.352764
-34.922043 -10.837423
13.735814 23.283672
-32.042133 29.487316
-27.326164 -27.191648
-27.609650 -3.255479
-44.572189 2.175479
31.820368 -17.424593
-18.118738 -9.150715
-27.497890 -61.898621
-9.934691 51.144550
-6.434919 53.502148
9.429943 -14.692065
26.297327 12.001610
-29.706707 29.996000
-8.621930 52.821842
15.010315 22.761553
40.042099 -8.854249
2.667214 23.982143
-35.545757 -35.706844
12.108134 -4.139774
-18.118738 -9.150715
36.414700 -12.797420
31.813690 44.953907
-16.397707 -54.785362
21.892870 -18.451616
-39.408302 -28.401230
-24.929546 -7.566893
22.464912 9.868990
22.464911 9.868989
9.091785 -52.938351
-20.825602 26.280506
24.905350 -13.937247
2.335634 -7.990232
18.785040 -10.309766
38.009998 7.157804
6.275926 -19.030983
43.785809 -21.124884
50.000507 29.485163
20.371746 -53.143242
-9.437269 55.298626
41.540436 -7.028260
37.942638 -8.601721
2.994533 24.138668
-55.731392 -12.655465
-78.452217 3.127504
37.678173 5.826694
-23.010826 -5.642422
12.961400 -16.170956
-18.982510 -2.757468
42.430149 6.174185
28.607319 25.803118
11.261018 -18.000059
-4.077704 24.535425
-4.070782 24.513634
-17.337271 25.508636
-11.493345 25.031218
-7.120383 -10.252452
12.438435 -3.991133
11.937243 -3.900876
14.505281 57.478745
-9.815729 24.542536
29.329014 25.942425
-23.426207 -33.282139
13.331112 23.525774
17.265779 23.980820
-3.801645 -46.332664
32.001911 14.526571
5.462363 23.853497
-28.575140 -10.711068
-9.512692 -41.071285
40.572594 -3.011559
37.722679 5.354241
38.786522 -8.733651
-19.854506 -56.053368
32.838608 17.913256
14.233648 -53.235226
-52.097134 10.114411
63.171768 0.563322
-9.437269 55.298626
-15.896861 -40.654011
-9.437269 55.298626
-31.905037 -11.909664
12.384152 -20.632748
12.384031 -20.632748
37.690495 -10.417665
-35.671787 30.907379
65.940163 0.707688
12.407355 55.533092
16.048758 19.176580
24.748369 -18.937180
30.299097 14.206293
27.666018 21.497347
-27.701843 -37.270416
-28.182682 -38.219074
16.528334 -54.059059
-24.591599 -4.784457
-46.533783 4.847677
36.522434 -8.311399
25.532757 -15.295025
-42.019596 29.715487
-32.268967 -13.228648
22.802200 -10.438143
-6.259128 21.790173
-2.610106 -6.497433
5.040519 -52.025135
20.311516 23.330605
-10.821694 25.854811
-30.476049 -16.136417
31.401581 44.886105
-31.213017 -12.492887
24.162508 21.501760
-14.001890 -43.056202
-5.424513 -44.142109
-15.543247 -0.961735
-7.832605 53.230232
21.458038 -53.360558
23.385000 -16.636044
-9.437269 55.298626
-28.405890 28.124510
0.183217 -51.893101
24.535328 -17.778234
-29.706936 29.996059
-37.871094 33.289799
-19.793325 -3.587681
36.755215 5.461257
12.327502 -15.303228
12.327417 -15.303294
-40.247791 -27.730272
-52.557701 10.709689
-31.220472 -36.481560
10.448771 -53.140297
31.007532 45.017986
28.698143 25.822906
-22.060053 -9.325459
-28.821787 -31.520956
63.489296 1.140306
1.603352 24.615376
-55.232048 -12.111020
20.253330 -18.539228
-41.358570 30.114857
-34.420959 30.883331
-2.514537 23.522356
-30.026640 -16.447596
26.626783 8.067582
-22.481710 -5.748024
-52.720535 9.941173
-33.189793 -25.444418
27.158129 -16.636946
-9.195506 -4.403090
-9.437269 55.298626
12.108134 -4.139774
-9.437269 55.298626
-3.927535 -10.965572
7.459288 -5.262796
-1.288217 -8.505549
-29.998533 -35.236752
21.670141 -18.802607
-45.048344 -25.525944
38.165043 -1.925899
-78.538246 2.728352
35.623219 -3.569309
-28.619123 -8.621773
-34.024097 -31.715017
36.308960 -0.258707
19.696148 12.280386
12.235104 56.456493
-5.825021 -4.056532
-15.299926 -46.716595
-20.835522 -2.581004
-7.361019 -58.170826
-7.813239 50.030041
-32.147930 -35.878769
-30.126114 -14.873359
-52.085857 10.140656
-8.869637 -13.447744
-19.530344 -8.460586
27.922401 17.772419
-53.557476 11.353642
-9.422089 24.615187
-27.978210 -58.547672
1.706503 -51.857109
-0.082491 -8.654803
-30.114943 -28.518417
-16.769711 25.655706
1.484757 -13.915218
7.090101 -8.844945
-47.613586 36.783298
-41.358570 30.114857
32.878048 7.795926
19.372253 12.639561
23.508856 20.950613
-9.643644 25.069424
-8.850024 -13.493888
49.114700 30.343351
50.194611 29.013813
-26.002174 -30.673983
-29.975407 -17.471100
-15.299925 -46.716595
9.223698 -49.984283
51.184174 30.250885
37.899548 -20.320097
-25.889006 -11.236741
-38.879528 -28.776487
-19.994526 -1.079345
31.768959 12.705891
-10.389718 26.207642
17.585337 16.827785
49.282005 32.009384
-14.965082 -53.622536
-41.358570 30.114857
-9.566251 -44.003105
-37.236332 30.023764
18.310974 -18.808390
-52.795822 10.034482
-30.827904 27.880957
-22.088570 -0.696877
32.255692 8.098229
-1.188514 -46.541603
42.255566 -19.216349
-36.664993 29.307821
-6.026003 -4.729106
23.410662 -9.336067
-28.909414 -23.740705
-9.437269 55.298626
28.155148 -17.677319
-24.653503 -9.381240
18.122608 24.704708
39.421314 -8.671935
-31.754639 -37.393341
48.802891 28.404383
31.018921 12.044402
7.259721 -8.219237
-7.368407 25.111757
32.334751 44.626987
-43.876450 -4.261264
25.799187 -17.718372
-2.079614 23.824898
-5.904337 -4.695563
-1.479668 -10.478189
2.582057 21.653473
27.621338 -17.836124
27.621374 -17.835962
14.994718 57.347301
-25.212067 -29.348499
23.207293 19.979704
20.456455 -53.401867
67.782372 0.907031
-16.350788 26.088465
22.464911 9.868989
-14.203298 24.974518
35.515732 -13.987592
-9.650634 26.261553
-9.437269 55.298626
-11.009692 -3.214195
-5.348181 -6.959757
28.038013 -16.556360
9.290753 19.309496
-11.681002 34.089832
-17.312851 -55.122295
26.921141 -16.760139
-6.636523 -58.414722
10.400575 25.483337
-24.257982 0.922776
9.008441 24.281321
6.146918 -52.201546
35.962128 -12.154819
-78.011658 2.234946
-28.637438 -20.989899
19.695938 12.280669
67.246956 0.485581
-9.437269 55.298626
-29.753536 -20.459112
12.190024 23.870941
14.275808 54.968925
-12.972759 -40.193737
15.691677 57.378235
-29.077686 -24.022497
59.599567 19.961262
-38.879642 -28.776974
-25.271235 -59.969788
-11.827531 34.472958
43.335770 -21.489073
-77.466507 2.966268
-41.116779 29.871475
5.305442 -12.430820
12.872097 -11.891692
-44.496124 34.739674
43.622200 -21.205492
51.427914 30.873133
-31.302647 -18.407164
38.342640 8.783248
-24.387619 -9.724422
51.878719 29.506992
-9.437269 55.298626
-9.437269 55.298626
32.965023 13.162807
2.041964 -51.858204
24.373371 7.804493
-17.722490 25.176693
39.402954 -0.166186
30.470552 46.086433
-6.970198 -4.908530
-2.216593 -4.342137
-78.050819 3.338748
0.805677 -10.404763
-27.174469 -3.849872
-28.081179 -22.756180
-27.942255 -61.724827
-52.467617 9.875821
63.609287 -18.355415
-52.429485 9.880512
22.464911 9.868989
-46.832226 36.452320
-6.998863 54.150127
64.960854 -18.180176
-29.018654 -39.014935
37.781769 -0.449068
3.989676 -8.387553
13.654194 -14.677218
-6.193386 -54.263462
-34.632454 31.000017
25.046627 20.872364
-10.978284 52.162491
19.759008 18.210758
-22.344242 -57.393078
-8.693499 52.824654
48.962681 32.030495
-30.543287 -15.712186
6.478202 -10.927266
-18.678209 -55.948830
3.369894 -9.730351
-15.299923 -46.716595
-9.857944 -53.597740
-52.093460 10.594208
-52.326107 10.761607
8.912295 -52.672817
-17.386993 -56.002689
25.974262 -12.369839
39.571308 -1.225466
-9.633568 52.703800
25.326786 -19.331770
-7.319293 -54.061131
18.408215 -9.554323
-24.988628 -29.910334
42.430176 6.174166
-56.291615 -11.093944
8.333066 -14.676562
16.528774 -54.059494
15.693512 -52.516026
59.478363 19.487867
28.140285 17.326853
-21.917147 -1.696270
-30.600216 -38.467113
-31.386177 -13.366565
-8.748201 -43.959023
-22.058249 -33.077461
22.077749 -19.941164
-35.545753 -35.707066
-45.046642 -25.525307
-12.451915 -42.582012
-55.310825 -11.365893
-9.437269 55.298626
-9.074825 -3.267372
-2.336880 -44.871639
-9.437269 55.298626
-9.437269 55.298626
18.318544 27.644327
-4.588463 22.326361
-55.163803 -11.673962
-5.258840 -7.659525
25.611099 -20.067583
-3.080232 -46.540390
-12.205875 -1.460282
63.613831 -18.381866
26.029264 -6.573983
-34.110203 -24.592724
-19.935377 -5.761018
-1.687417 -46.317383
20.493881 -18.771385
11.994861 -50.048431
-10.422496 23.864094
-9.429854 -4.656833
-26.419464 -8.819290
38.164448 -1.513669
-37.871513 33.289722
-19.800753 -55.150913
-9.292974 -54.997173
-48.149891 6.442929
-43.500690 -3.681092
-32.187901 -21.531527
-27.958263 -7.048392
-9.437269 55.298626
-78.050819 3.338748
21.205263 -15.095011
21.204868 -15.095013
9.699187 -17.331764
-20.779387 -1.818054
63.766712 -17.561275
-37.389984 -38.765972
26.405912 -19.397123
-29.334431 -19.337656
4.871659 22.142809
-1.354337 -46.255093
12.781516 57.791233
13.687441 23.383795
-9.437269 55.298626
3.702099 22.515448
36.124680 -4.231494
-15.299923 -46.716599
41.872299 -4.472225
-46.294773 36.139481
-28.863077 -11.913128
34.969131 4.646649
-9.437269 55.298626
-37.236206 30.023602
17.061193 21.776163
-9.437269 55.298626
-8.248741 -52.637234
-9.437269 55.298626
38.393822 -7.009274
-25.270950 -59.969498
31.994467 -9.160857
-0.725966 -7.141346
3.553010 -52.047047
12.485832 -17.860205
-9.906610 21.552656
-6.636523 -58.414719
48.929340 -13.633718
-56.042297 -11.897583
-7.604765 52.487495
16.419012 -19.954048
-22.142694 -1.614920
-39.633236 30.037651
-13.388804 -41.061958
-9.274518 23.231205
24.780142 -18.790928
51.079086 30.555521
15.902596 -15.926287
36.533501 7.483054
-10.847331 52.971107
-37.236168 30.023575
15.821578 23.473709
-2.786247 -46.545925
29.989716 19.148386
-9.437269 55.298626
60.072201 20.918446
-21.466578 -33.216251
15.214952 -18.695910
-36.665260 29.307693
-28.630596 -4.972567
-8.664758 -43.742741
40.899815 -2.376641
11.322996 24.561375
-52.257416 9.937285
-9.530864 24.155029
18.165991 -15.453426
27.050562 -5.938425
30.564798 44.605339
33.931873 -12.981536
-11.827531 34.472958
-2.945081 -5.618939
-43.876453 -4.261264
-9.437269 55.298626
-9.437269 55.298626
10.320616 -50.054871
37.519707 4.765257
-33.514755 -34.644726
5.794588 -15.958556
-10.398231 -1.489452
3.446176 -11.202299
-5.108085 -48.910931
13.858222 29.383221
-15.497796 -40.889141
-33.311771 -34.917984
-43.621532 -4.504389
-37.236340 30.023523
2.536668 23.583647
12.923085 -16.846405
31.776468 45.337597
32.086704 46.396740
-28.743029 28.643614
-29.942940 -38.172947
-29.660746 -13.912543
20.947626 -53.311440
-44.656555 1.398859
21.926571 9.448135
12.737820 -50.535152
-9.124146 -11.151336
-42.577953 31.740395
-11.827531 34.472958
6.535379 23.378035
35.084930 7.536907
-78.050819 3.338748
42.478123 -19.709215
28.356787 -5.214710
-55.260109 -12.288137
-9.280508 -6.982369
-33.338989 -25.655552
13.677848 57.629200
48.219620 30.226831
64.960854 -18.180176
51.008701 31.414743
10.535831 21.309092
-8.085787 -3.525576
6.275908 -19.030941
-2.165164 -51.022511
-9.437269 55.298626
33.839294 -14.054842
15.019752 55.980221
-3.311215 -46.196812
22.794418 -10.600755
-29.905806 -20.680561
-25.681662 -6.944827
6.401063 23.219007
-37.495678 33.095398
-9.437269 55.298626
32.716702 -17.416552
1.150321 -9.376123
-6.561813 52.520126
-23.666441 -35.765129
-45.469559 35.865597
-10.270295 52.777882
-77.466507 2.966268
-19.460436 25.652067
37.844238 0.723892
4.521650 -8.732368
-10.727483 -5.518227
31.975449 10.544077
30.669592 -18.540520
-9.520842 -6.036430
43.999580 -22.306158
-55.295193 -11.374134
-28.100399 -31.935032
38.381458 -3.536194
-30.458902 -13.652069
36.690552 -0.944313
-26.959848 -23.397957
-7.054043 -11.562758
-25.473179 28.363987
19.383001 -13.331354
12.451412 -3.939313
32.014565 -15.118523
-55.595314 -11.147337
0.316247 -8.781502
-46.931946 36.507458
-12.443727 25.628626
21.926525 9.448118
66.631607 -0.310804
1.484815 -13.915303
25.003193 9.386957
-28.413237 28.171667
-18.188383 -1.383290
-31.697567 -36.209080
64.850075 -17.591339
63.581036 -17.953253
-43.247375 -4.741928
20.693253 -18.689718
-31.547293 -33.706013
-2.866192 23.129707
-27.835245 -61.822147
40.215851 -0.383614
50.725990 28.868395
-13.718269 1.301864
-29.706934 29.996059
-26.702839 27.217356
-14.390843 -1.902138
25.758209 16.692192
-12.282063 33.645016
66.506714 0.874781
59.918247 19.377943
-10.295339 0.330789
42.430202 6.174186
40.300220 -6.903791
-33.655941 30.688393
4.452985 -11.405132
48.523182 -13.901258
27.946766 15.582244
-45.590889 35.649307
4.938522 -8.307759
16.310152 -15.687949
25.240618 9.041345
-27.184261 -61.651161
-0.928376 -8.175735
-7.162879 -45.388454
-8.587061 51.986465
-9.437269 55.298626
-12.499966 33.388775
-29.004965 -6.983852
-36.665115 29.307318
18.318521 27.644356
-47.052666 36.568836
-43.137436 -4.725883
-9.437269 55.298626
32.077641 -16.189747
-44.638466 3.000106
44.435829 -21.428064
-9.906465 21.552662
-29.706926 29.996065
28.606236 25.803305
23.334557 17.645973
-78.050819 3.338748
-34.270157 -23.952105
-5.192791 -6.288126
17.198402 53.764439
-1.235229 -6.731478
19.846157 23.252239
50.083790 32.164768
-42.505905 33.079819
-10.680536 26.681246
39.262398 -3.021363
13.783450 55.908054
35.577908 9.000626
51.318695 28.773537
28.607609 25.803604
-6.316607 -10.096237
-16.652300 -54.523342
9.263507 -14.119200
-9.437269 55.298626
-19.141066 25.627474
-20.112993 -1.389655
-55.866844 -11.054417
-29.187445 -10.141068
-41.122063 29.553535
27.131575 -5.455701
-27.252785 -31.264793
-9.338008 -43.260170
-5.803581 -9.022654
18.883078 -14.818802
-44.483170 -26.120640
39.782768 -4.896651
10.505865 -14.902637
32.411770 -15.513515
0.022663 -46.627060
-9.437269 55.298626
22.874365 -11.537446
-8.167302 -13.039544
2.634886 -9.807781
-2.086230 -7.116704
-26.572559 -30.346550
8.869791 24.436707
-36.381241 35.131039
16.196867 56.747765
12.264902 57.300411
39.920177 -0.459792
-8.619272 50.954033
26.217970 20.238993
-48.149979 6.442923
64.710510 -18.703493
-29.969345 -9.290399
-4.347565 25.545168
-27.401255 -61.119991
-9.633570 52.703793
-77.609711 3.258897
39.474815 -6.985334
-0.222376 23.686432
-28.854343 -19.018503
23.916470 22.756805
-9.672254 51.069016
12.915030 56.027229
-6.602253 -2.604088
-7.036736 51.972282
39.040478 0.274565
12.631824 54.759247
12.913366 54.441986
-24.977119 26.255487
42.430317 6.174117
-7.251153 52.818657
-2.530473 -5.316738
-23.666359 -35.765079
-14.447366 -53.515854
-77.969414 2.233998
-27.255880 -24.242188
-48.149906 6.442928
-13.242477 0.362689
-13.367968 -1.420253
-27.804413 -5.641909
-29.709793 -13.341567
-12.126791 -2.310768
-30.344481 -37.539131
22.821718 -18.276646
63.256527 0.305529
-2.723390 -6.471383
-6.636505 -58.414764
16.262062 24.418190
-12.626358 23.676485
-27.809271 29.873867
-20.528976 -34.325371
-13.888917 -1.839053
49.710434 28.161160
-24.339245 -31.287056
12.373089 -16.944178
-6.030632 21.724400
31.569643 44.233295
-20.805040 2.509149
33.403606 -15.619575
-16.585320 27.478571
-19.526325 -7.816186
-30.587381 -18.267342
17.063351 -17.386984
24.342398 -19.085011
38.704449 -0.201966
14.961113 56.315392
17.432360 16.844444
-44.704372 1.832973
-24.257893 -6.024340
-18.842474 -4.233128
26.924093 -4.538825
-12.499987 33.388779
-77.609718 3.258905
14.251874 55.445248
-9.437269 55.298626
6.013692 -13.777891
6.013564 -13.777826
-5.577322 24.974434
-9.437269 55.298626
14.817677 54.398712
25.643639 19.142698
-0.989769 -10.289980
16.224163 -15.130702
-29.817684 -13.073988
-46.533783 4.847674
30.214626 -17.806705
38.165119 -1.470293
50.417870 31.383810
17.835709 18.316908
-7.054042 -11.562757
26.172741 -12.306972
-13.068753 -0.260223
-10.212262 -54.566448
-26.909945 -8.964432
-22.779810 -9.882706
63.895214 -18.678736
-21.278730 -1.018190
-26.226906 -29.144396
12.338263 -3.703556
-9.437269 55.298626
-29.962940 -19.905848
-77.422859 2.763559
1.109372 -6.166369
-12.827953 -40.650517
-15.984859 -40.842945
-20.434633 -4.056220
21.479441 10.494877
3.182570 24.243374
9.995888 -11.530075
-7.441586 -5.686661
-32.826427 -39.515942
-2.876841 24.897060
-10.864959 -43.320065
5.964665 -12.948700
-10.367715 51.425499
-7.248890 53.660870
-40.454910 -25.732239
-45.034340 -26.429382
22.507818 18.674568
-11.827531 34.472958
34.517704 -9.616142
-28.296404 -21.243258
12.803548 -14.353009
-9.383543 50.986965
-12.779276 -45.203091
17.820330 -18.812168
-33.366692 -35.746822
-2.527151 -44.474003
-41.122063 29.553535
-28.070955 -6.285710
52.069225 30.468054
38.206211 -7.711502
28.632362 17.754482
12.973576 -12.272964
-31.249086 -13.446601
-22.521626 -57.693844
15.029312 23.273951
-8.056220 23.258631
11.558145 -16.028109
-10.750060 51.822746
-8.650909 51.027782
15.762556 19.448437
11.149593 -15.042201
-22.959736 27.219040
33.003036 -13.564692
10.503660 -52.645432
-28.961100 -31.557352
32.403980 45.996796
25.751768 20.404566
4.339459 -12.136702
-10.270295 52.777882
10.612515 22.086439
-9.583341 52.012505
23.684418 -7.937107
-13.054704 -53.091179
34.101585 -10.746455
-28.253698 -6.104716
-16.411093 26.250084
26.306047 13.576760
-5.731438 -8.558449
-7.852607 53.221470
-16.607227 -39.833031
28.356783 -5.214710
28.985126 -17.898529
41.803814 -7.023719
48.549801 -13.905045
-8.310390 52.914543
36.036873 -13.727004
24.863663 9.580497
12.079529 56.161819
26.615477 -6.349329
-23.810642 -30.755964
8.587520 23.026920
-42.397144 -27.183567
-29.016903 -15.233433
-9.437269 55.298626
60.048832 20.588692
-8.724326 -54.579308
-43.899162 34.337151
-43.830471 34.701271
-32.864201 -39.358242
-10.228798 -55.211517
-45.275082 35.694389
-45.356033 35.431217
-1.691303 -8.307857
23.684443 -7.937108
-46.232132 6.758766
-6.636566 -58.414490
-37.871513 33.289818
19.199800 -16.745186
-32.561104 -38.909382
19.126173 24.898968
23.356861 -9.403607
-4.282324 -5.948178
9.106583 23.715107
-8.157936 -1.946669
7.644980 -11.979061
43.849506 -22.335455
-24.961990 -9.273128
-11.484740 25.328999
-2.821896 -5.676680
38.942905 -8.461568
43.002953 -6.078928
-28.608061 27.140806
-11.512982 -43.783245
-27.164553 -61.531807
24.561398 -16.810789
-9.437269 55.298626
-16.737932 25.431246
-35.813705 34.379677
-11.414495 -4.719513
35.583717 -9.787466
1.802006 -12.197237
-37.390530 -38.766590
67.432068 -0.196920
-46.533783 4.847677
-14.410203 26.297676
-12.236837 33.340611
50.464424 30.330717
-7.360872 -58.170162
-9.437269 55.298626
6.049099 -15.014210
35.253395 5.739405
-9.437269 55.298626
32.403980 45.996796
-19.519283 -55.057388
17.689400 21.916321
35.479778 -6.629893
-33.326622 -24.998707
-43.891956 -3.487487
-29.345453 -27.375980
33.678123 -15.546185
-22.392712 -37.143219
-53.881493 11.164560
31.691977 12.342084
67.416649 1.593114
-25.581932 -32.597622
-9.717744 -54.099297
-35.603828 -34.174896
-9.437269 55.298626
-9.437269 55.298626
-9.437269 55.298626
-8.458151 24.056349
39.316559 4.095692
25.813995 -18.933731
-9.417112 -8.308078
7.339359 -8.330986
-24.730375 -8.318840
-27.215714 -61.722710
11.815638 -50.887016
-17.932253 24.877508
9.466488 -15.479095
-41.122063 29.553535
-21.930664 26.491751
25.804056 18.651634
-9.437269 55.298626
-41.428261 29.236595
-44.572899 -25.722521
-8.850102 -13.493717
-43.118671 -2.848173
-44.985485 3.497857
-29.706707 29.996000
7.831296 -15.968697
11.584052 -19.825933
35.699078 7.443597
-56.610615 -11.413185
13.858228 29.383173
66.898376 -0.329735
-20.997833 -1.732825
9.551497 19.442728
-44.680759 -26.374935
-21.664331 -1.583298
-21.664326 -1.583299
20.840010 -53.461506
-30.831566 -36.429867
-31.495537 -29.600777
-37.389519 -38.765949
23.684443 -7.937108
-9.437269 55.298626
-77.926743 2.232851
-26.681252 -27.975576
-20.792854 24.194096
-6.406746 53.269493
30.854321 46.446308
37.620136 6.514738
-56.191368 -11.167342
-1.362330 23.788054
31.602066 46.534912
-0.566831 -51.612339
-7.951344 -11.544853
-26.917486 -34.494469
-33.280937 -33.151073
-22.285955 -57.210560
3.594677 23.633472
-5.108073 -48.910748
-42.770313 33.157612
-41.432426 29.235327
10.230948 22.221569
2.728775 23.705347
30.325865 45.058701
23.203318 21.123205
-33.413494 -32.746029
23.414791 -9.304431
11.971342 -4.016704
-9.897336 -3.853462
-7.251857 53.795898
24.628468 21.789467
-35.225910 -31.940123
-9.553253 0.065313
-4.568645 -7.654943
50.637897 29.190828
-9.174060 52.765663
-21.824137 26.548836
17.923635 14.072150
25.017021 18.067812
-55.232048 -12.111020
13.858222 29.383196
64.361420 -17.405811
-35.603985 -34.174522
2.056046 -52.342125
-14.300432 -41.681721
25.617283 17.736408
-56.614357 -11.362132
-29.229687 -19.807175
26.519888 19.416916
-1.150871 -52.119698
29.911932 13.043965
5.944693 -12.993372
11.197145 -17.991995
-32.280388 -34.759609
38.516056 -8.357212
-20.792856 24.194101
13.858222 29.383196
-56.642456 -12.270939
-12.668983 -40.566082
-5.108088 -48.910938
-19.928648 -0.150399
-6.362915 -54.437267
67.192284 0.523135
-11.681002 34.089832
15.923536 -53.105175
37.608173 -9.444191
-28.520634 -12.887382
13.858221 29.383198
37.125927 -0.679667
51.696526 31.653421
17.899002 -53.086308
16.837374 -52.595554
58.644493 20.132956
-9.437269 55.298626
34.365376 -13.624133
-16.411781 26.901722
50.577888 29.918846
-30.091930 -14.724277
62.531311 -1.615210
-30.221245 -18.507877
-24.297949 -34.697403
1.110191 -52.780827
-25.493130 -10.685344
-20.265337 -6.532470
19.055407 25.280664
-35.814476 34.379452
-22.539478 -34.551456
12.339294 -3.704206
32.537327 45.059742
23.764256 20.019230
-29.896915 -14.601221
-9.437269 55.298626
24.532053 -14.168761
-28.180275 -7.469921
-29.706934 29.996063
19.402512 23.144371
14.971922 56.848732
16.986811 -52.762539
17.687077 21.683664
-3.399238 24.342056
-41.432426 29.235327
44.385532 -21.995024
-26.517923 -26.117998
-9.437269 55.298626
-2.493309 -50.377430
-2.493312 -50.376862
-33.655319 -24.994738
36.351723 5.652541
-9.437269 55.298626
17.292164 -16.744436
-39.610626 -29.027082
-13.673326 -0.897420
14.299050 58.643726
-7.903637 -5.181564
33.892078 11.457524
0.842641 -9.323643
15.535182 56.785519
-10.650530 52.909954
14.754996 55.422066
42.430202 6.174186
-29.706924 29.996063
-9.071598 51.338432
43.408253 -22.088854
37.056889 7.599178
19.506062 -9.610683
48.102295 31.650814
-1.840560 -50.824123
49.630180 31.569139
15.877886 -17.627142
-8.263217 -45.303776
0.762568 -8.920525
50.435608 28.288509
10.490926 23.435495
-9.437269 55.298626
-35.226093 -31.940079
35.678989 9.535166
66.728851 0.323746
-26.488386 -59.177895
25.003197 9.386956
31.836527 45.439060
-11.737835 -43.776169
-26.642574 -26.213707
28.482721 -15.812868
4.188441 -8.701878
-9.437269 55.298626
-7.908207 -54.352219
-7.908207 -54.352219
42.430317 6.174117
33.045170 14.639938
-5.108065 -48.910721
-14.243828 -43.081959
-18.575970 -55.030712
-27.780296 -18.456030
16.693161 56.877460
5.842280 24.150740
35.752029 8.340557
-20.637480 -1.236138
-12.099835 -0.687753
-15.299922 -46.716534
-45.383762 -26.123535
-56.783573 -11.830088
18.971985 -54.211781
-42.397144 -27.183565
66.586929 1.641916
67.662498 0.062923
67.750252 0.220575
-33.185440 -31.177143
-52.139091 10.045314
-29.670158 -37.786041
8.261059 -52.932976
27.257120 21.574495
-9.437269 55.298626
-36.381241 35.131039
-36.381241 35.131039
25.561899 -7.220178
-5.624583 -0.953725
-9.896634 51.530392
28.089472 15.806791
32.621098 45.567360
-7.750038 51.924591
37.524403 -3.420635
-30.198179 -39.534531
-19.784008 27.179646
-3.413623 24.267960
-20.321316 -1.869260
-21.766636 26.083389
-27.242676 -61.311619
25.359921 -14.552523
64.260841 -18.806170
-6.561813 52.520126
44.465855 -21.702000
-9.437269 55.298626
66.734451 1.729811
63.255791 0.305503
35.244030 6.911040
-8.442277 -44.556702
41.750084 -18.833233
26.371464 -6.461568
-27.242676 -61.311619
-29.162703 -8.909848
20.989117 -16.599171
-8.995028 -2.565500
48.634205 31.701731
49.361298 30.118843
-29.729576 -9.030681
-21.800091 -33.898495
-20.986616 -4.841590
14.342154 -18.278938
15.713638 19.227322
-46.232117 6.758766
-9.435398 24.893518
-29.110262 -6.601158
-43.779583 34.031765
-24.166958 -29.238253
19.632551 -16.901651
-29.706936 29.996059
59.460476 18.963575
19.592348 23.764254
-27.249659 -9.507765
-30.647766 -36.518234
49.800293 30.234989
-43.408913 -4.808888
66.512260 0.883050
-25.271248 -59.969711
-30.348282 -21.008791
22.769402 21.336502
-9.437269 55.298626
-14.622660 -1.589866
-14.622631 -1.589882
-0.430222 -46.510284
-29.706936 29.996059
4.481228 -8.333447
-35.225906 -31.940081
-28.200195 30.106131
-31.801960 -29.752636
-9.437269 55.298626
48.465229 32.420033
21.525366 -52.624744
-28.952791 -37.700153
-29.223843 -22.140663
-34.485413 -9.457556
-15.580267 -53.841057
-46.533783 4.847677
-19.041515 -4.109349
65.942612 0.521524
47.375774 30.729549
17.580439 -17.530600
-31.815081 29.170937
-36.665344 29.307537
66.892006 1.065321
-24.696730 -7.970148
4.222006 24.664515
26.089088 -6.590627
-6.636574 -58.414616
-6.123564 21.859047
-42.184471 33.143036
-8.869637 -13.447744
21.789654 20.430815
-25.929417 -4.893026
27.831333 16.829332
26.450096 21.471785
4.846264 -3.921811
-37.389755 -38.765919
-19.951036 -55.036064
-29.093168 -5.785294
-56.739285 -11.825686
-7.368407 25.111757
-29.706934 29.996061
-15.094605 -40.994682
-19.361805 -2.864679
17.029440 -53.620289
6.225449 -15.306549
-37.389893 -38.765980
27.594969 -19.975782
-38.879723 -28.776785
-9.437269 55.298626
18.393011 -16.045195
29.989626 19.148830
-19.132380 -56.247662
-7.315164 -5.838033
13.310696 -53.221291
-9.437269 55.298626
30.280592 12.774753
23.373310 -9.374549
-11.827531 34.472958
43.327042 -21.493120
-0.480490 -9.249154
34.399303 -10.261903
28.277245 16.415663
-9.437269 55.298626
-16.137234 26.056334
26.924088 -4.538826
-34.603115 -11.953613
37.638512 -6.406078
-22.723576 26.420345
5.285940 -13.955421
-5.108097 -48.910744
-22.111015 -35.775219
-5.841899 -8.789408
48.475788 31.381636
-1.194065 24.822866
13.537102 -53.200661
-37.389931 -38.766079
-25.188948 -33.932327
-43.121632 -3.814644
-10.061135 -39.423000
19.186743 -53.252182
60.049023 20.311007
36.398964 -4.206810
10.447268 -53.140297
38.072891 -9.700076
16.348213 55.212959
67.876289 0.470219
67.772057 1.096077
66.587891 -0.294272
31.672112 -29.986998
11.665787 -19.830019
-44.638836 3.000074
-26.794500 -0.961990
-30.537857 -9.333692
-18.590723 25.566263
-9.437269 55.298626
12.070519 -3.694861
22.064562 23.308697
-9.437269 55.298626
9.725063 -17.421186
-31.989565 -36.610424
-30.069571 -8.392669
-41.432411 29.235331
-9.437269 55.298626
15.197939 21.986002
15.809127 23.540518
-9.437269 55.298626
38.865868 -9.674671
-25.600006 -2.391028
8.319850 -24.033787
65.941063 0.879947
-55.293270 -11.714513
66.121292 1.354782
67.345490 1.635353
67.055016 1.707698
8.319864 -24.033787
-16.382044 1.846796
-25.599964 -2.391057
-16.382053 1.846797
11.686008 -52.594749
-34.385448 -31.945356
6.240860 22.107555
31.993147 -13.178339
24.038931 -19.977055
-4.067963 22.730461
29.072079 20.558969
50.093689 31.320656
2.941260 24.772934
-8.885469 -45.063538
37.493637 -7.873080
-48.150154 6.443038
-30.831558 -36.429798
-7.925048 -7.253510
1.282578 -52.347229
21.186861 10.688447
14.835005 54.866455
14.881084 22.992414
12.403689 55.078873
13.858221 29.383167
-7.036736 51.972282
7.764471 -12.243448
9.364911 -49.492733
4.170589 23.186163
-23.886610 -53.628155
39.514973 -10.962874
2.770330 25.395081
8.977739 25.218079
-38.879601 -28.776508
-20.470335 -33.293709
23.470119 9.945390
-44.496109 34.739670
13.270961 58.396862
-21.905949 26.058519
-78.365494 2.404441
-14.589723 -0.416438
64.260841 -18.806170
0.944635 -51.838497
51.190865 29.852594
50.249798 29.721401
-7.036736 51.972282
59.584454 19.806108
-23.136419 -0.961097
-16.780497 -55.444012
12.478466 -16.310818
-24.215618 -5.162730
29.088636 12.915014
17.092607 -52.762375
-29.599535 -37.126759
43.337318 -21.478403
13.509294 55.572628
47.509544 31.215092
17.321163 14.533386
17.321159 14.533512
29.454100 -19.350714
-42.715069 -3.751633
-22.939110 -4.319077
14.264500 56.516155
15.922347 -53.767990
-52.429485 9.880512
-11.790647 -3.196788
28.164099 -18.315351
5.512526 -15.100182
-9.326118 -5.671704
-6.199018 -43.521828
-8.850102 -13.493717
59.959396 21.649553
29.835964 16.027411
-3.075402 23.945564
13.815368 56.757988
23.960819 20.742579
-31.158150 -22.734741
-44.134098 -24.766994
-36.381241 35.131039
44.094135 -21.142385
36.434978 -15.548198
31.906488 -16.305897
-27.689772 -61.022930
1.603350 24.615376
-25.271143 -59.969917
20.893429 22.210773
-6.636556 -58.414677
60.214710 20.747309
25.363817 8.715493
67.055016 1.707698
26.688181 -6.064516
-23.986217 -3.782070
23.402397 -16.604418
-28.025419 -61.455387
-12.773002 -4.557454
35.470486 -9.638873
-9.437269 55.298626
-19.596251 -56.501865
-41.786316 29.299904
26.386374 -5.955328
-13.295930 -40.790546
-1.110208 -6.402236
-45.320919 -25.691999
35.417416 -9.476754
-29.877710 -21.074429
48.953049 30.787470
-14.058584 -0.877341
13.886525 -53.386719
-9.437269 55.298626
-16.009893 -0.415990
67.941765 0.622306
-12.708083 -41.174408
-25.271248 -59.969711
39.180908 -8.847910
9.945464 -16.912416
-52.795822 10.034482
1.679953 -46.772442
-1.627610 -47.198071
7.776265 -16.630779
-12.110902 25.239904
-9.437269 55.298626
59.858898 20.920353
-25.271248 -59.969711
33.443859 -12.818416
-77.599800 2.398304
11.047732 -17.838367
12.649589 -15.984681
14.891572 58.592812
22.464214 9.869898
28.698257 25.823141
26.683836 22.006258
26.683739 22.006212
11.965322 -15.934082
-8.869637 -13.447744
-7.903342 -5.181434
-7.903547 -5.181718
-13.448936 -3.148678
9.167451 22.054216
2.383966 24.754313
23.493856 20.324280
19.804037 -52.231880
13.009761 22.464241
10.431012 19.571514
21.396723 -18.227793
32.371849 44.690765
7.880023 -12.028935
31.150709 13.835366
-36.665287 29.307716
-1.174488 -50.323505
10.302608 20.695601
22.864727 19.592667
-27.695944 -61.021523
-12.499967 33.388779
51.115349 32.132851
30.906986 -16.934702
2.070831 -52.341572
-9.592723 -42.127937
8.486839 -52.553917
10.915511 22.281454
19.104864 25.293631
30.668133 46.335144
-9.437269 55.298626
36.162624 7.874685
32.906921 13.341323
-9.292579 -3.376537
-17.388330 -56.002449
-7.468943 -1.218668
42.347206 -19.296473
22.275879 -15.693223
-9.437269 55.298626
19.726803 -16.010653
-9.437269 55.298626
23.684443 -7.937108
13.018223 -17.974737
-30.442932 -20.658892
-21.684687 -0.253417
-29.193577 -23.663826
-11.827531 34.472958
0.182453 23.032291
30.992876 45.539433
8.890138 -11.541397
17.785887 24.292988
-46.533783 4.847677
16.172215 54.800529
-23.663179 -2.098490
-21.512094 -57.511318
47.811962 30.356838
-7.458377 51.349716
-31.490618 -16.341667
59.433010 18.637001
-8.951140 -3.698848
11.538306 -14.160490
30.924891 13.223766
-9.533569 -54.756275
0.291599 23.162212
-17.293118 24.472633
-52.847530 10.298792
-26.669823 -5.688820
51.201012 29.401421
28.356787 -5.214710
-32.075184 29.483707
53.398815 31.514029
-1.523222 -6.996525
-27.972330 -61.221680
6.275668 -19.031075
-38.879566 -28.776981
-23.664579 -35.764618
48.168549 -13.582111
-23.581848 26.462641
-52.841534 10.318021
-24.535189 -32.384792
-26.282946 -29.623432
19.718206 22.349543
0.664518 -8.559574
-7.091706 22.084854
-11.391544 53.257614
-32.199715 -29.227362
-29.039194 28.313238
-44.572899 -25.722521
62.335670 -1.720341
23.574251 -18.517298
-26.727495 27.378378
-41.865429 30.018822
23.787203 -19.547316
-2.736498 -46.537071
64.695724 -18.714342
3.679500 -47.787838
-2.791392 25.871317
-45.410599 -26.012140
-4.280894 -5.312234
-45.303509 -26.268831
35.165466 7.300696
33.306007 8.779136
-8.315742 51.903603
30.886292 44.364983
38.841721 -2.935616
-6.132932 -3.612558
-19.132381 -56.247784
-30.051620 -17.663612
15.353472 54.070763
38.898937 -10.450488
20.689487 -19.328455
38.590179 -8.984760
-6.537361 -9.452768
13.483333 23.648251
-10.048539 52.106300
-32.488224 30.042278
44.145103 -22.279846
-29.480158 -10.692512
24.846081 -19.283978
6.626992 24.427179
-25.410553 28.855806
12.575780 22.196989
-23.223667 -2.305362
-20.723492 -6.102914
-44.455612 -25.928370
26.531179 -12.347342
-11.472720 25.382042
13.650944 55.427471
-7.450000 51.353519
18.693327 -9.883349
-9.437269 55.298626
12.730714 -18.842424
-20.094978 -2.016093
-13.018133 -40.938004
14.950475 24.636044
-13.123180 24.336926
15.338817 55.101337
38.455444 -2.295337
-28.911343 -23.254030
-44.108879 2.013386
29.458635 -17.444624
-13.521824 23.332527
11.451591 -19.281340
-27.616102 -24.512981
26.936111 -20.945477
-11.156592 27.149426
-26.355705 -3.523215
-44.572899 -25.722521
48.929287 -13.633714
14.119140 -17.325514
30.365715 15.731506
-12.461514 -41.091145
-0.352653 22.548050
-9.307663 -41.287956
-43.913445 34.190689
-29.706936 29.996061
48.773911 32.619942
6.227717 -13.985254
12.070519 -3.694861
22.414612 21.689085
-56.739296 -11.825800
-13.286903 -0.844333
-28.870750 -8.164170
1.559602 -7.404618
-10.270295 52.777882
11.759005 -50.054195
-46.232525 6.758772
8.034455 -52.472202
-43.774872 -0.040764
-34.342815 -24.132235
4.263549 -52.000984
-14.933454 -42.322826
39.391010 -8.348049
10.557395 -50.102699
49.328094 31.299488
34.170345 -13.537163
63.581036 -17.953253
-7.211029 -44.229729
-9.437269 55.298626
10.713871 -11.796614
-30.937366 -37.017498
22.072201 -19.016548
43.645931 -21.192289
-43.250244 -3.045989
31.316011 45.079273
-18.206509 -0.475197
-19.059465 25.472109
-18.118738 -9.150715
-10.493430 -54.625378
31.733969 -10.597264
5.907990 -52.140591
22.464214 9.869898
-27.972330 -61.221680
50.661011 31.619375
-13.655335 -53.571995
-10.469119 -4.227410
49.841454 30.978462
44.106804 -21.248117
29.329021 25.942410
23.090481 -21.145596
-24.257988 0.924286
-22.421503 24.878366
-35.489525 29.687504
-29.175299 -17.653927
25.240614 9.041348
-16.329273 -54.962589
21.926571 9.448135
31.672112 -29.986998
35.756138 -0.244517
20.382252 22.224901
-8.038973 -43.383278
-8.524107 -55.190445
31.672112 -29.986998
-9.437269 55.298626
-16.135975 24.956415
1.110191 -52.780827
36.117363 7.881567
39.333160 -2.513774
-55.866844 -11.054417
21.040171 -53.435703
-5.401762 -54.006508
-28.525642 -37.742977
-9.437269 55.298626
36.126465 8.465276
39.355812 1.171845
13.537102 -53.200665
-16.031897 -54.610863
15.782239 23.591642
0.779764 -9.193713
8.255989 -50.889717
-10.185039 24.847235
30.660852 44.523960
-8.711782 23.858500
-22.421495 24.878347
5.724604 24.137205
35.499126 10.729124
-9.437269 55.298626
38.106831 8.772766
14.107575 -27.052860
-25.271248 -59.969711
-45.339554 -26.215164
33.068073 -15.903411
0.923208 -46.451290
39.103012 -0.571083
39.102997 -0.571086
-27.497890 -61.898621
31.672112 -29.986998
32.306225 -17.407412
-29.356367 -18.631504
-42.397144 -27.183556
-33.533142 -38.306274
-21.574202 -5.947747
-29.547853 -11.041601
18.554043 -53.197346
19.035934 -52.532944
34.306412 -15.795292
-17.388065 -56.002449
-9.437269 55.298626
31.599474 -16.521721
-6.231081 -46.865108
-18.996557 -55.113186
-29.706940 29.996058
34.485817 -9.515902
-6.629662 27.469488
-23.232355 -33.001614
-9.437269 55.298626
-32.746895 -38.247314
-4.421143 22.842175
-31.783834 -12.964241
33.312019 -14.280408
-6.302104 -5.132875
-27.698250 -61.021099
-34.325249 -24.252913
-9.349380 -7.260098
9.206203 -14.650865
-9.437269 55.298626
16.620901 -16.200087
31.276392 -14.385798
35.023243 -14.823974
-8.824369 -44.380524
39.867180 -9.309838
-32.298004 29.027794
-56.191368 -11.167342
49.046001 29.445019
-53.939274 -11.919307
-25.193666 27.190636
-27.419096 -7.333115
-30.086601 -19.265593
11.263410 23.474722
14.107577 -27.053007
31.672112 -29.986998
50.100700 28.276014
-19.151569 -0.370907
7.901695 24.860071
-13.007724 -39.297260
59.834118 19.506477
-15.299423 -46.716461
-22.568024 -9.543508
20.661356 23.310282
-3.904266 23.196356
40.683037 -10.283388
-9.437269 55.298626
30.226547 45.207283
-5.825442 -46.701824
-12.547976 -53.097443
-21.072289 25.938841
-10.403453 26.881001
13.073256 -52.766289
9.033443 -14.831004
-27.136505 -4.082026
13.148298 56.613369
31.793045 -30.252686
14.107577 -27.053007
19.978844 21.646578
13.703669 53.979828
-44.888973 35.155132
11.104570 26.072582
-36.381241 35.131039
-24.843687 26.893568
11.534297 23.453062
44.376743 -21.705332
-8.643616 -11.552849
-30.828548 -27.226130
1.460051 -46.513905
-46.533783 4.847677
60.006470 21.703583
-23.666788 -35.765068
-30.051973 30.942326
6.900716 -53.797047
-7.360884 -58.170403
-23.066271 25.708683
-52.016151 10.312406
30.953077 -15.187739
31.207008 -15.166918
12.107813 -53.067757
-77.969414 2.233998
15.745802 55.683880
-20.622395 -33.708481
4.846317 -3.921819
-8.815390 -54.325802
-5.108068 -48.910721
25.929276 10.236805
23.353331 -15.178788
7.811081 -52.298882
37.942322 8.570149
-53.878983 10.513257
-55.731392 -12.655465
6.900684 -53.797153
-28.665667 -9.838192
12.936946 55.428215
-8.790642 -54.265320
-5.858893 -54.260307
-29.975319 -11.657878
23.568987 -13.811408
-12.450716 -53.611526
-22.451401 -56.965706
-8.850024 -13.493888
-25.599943 -2.391057
-11.827531 34.472958
-10.538921 24.093204
-17.614586 25.342857
16.976002 -52.781315
-42.847248 -2.227299
-42.694443 -3.552578
-48.149979 6.442923
-41.358570 30.114857
14.864014 -14.791454
20.395584 -17.524458
49.736088 30.813051
30.447720 13.435699
17.024067 -53.708698
18.967476 -9.802767
7.309637 -8.265963
-23.407106 27.255201
23.689709 -17.669806
-45.048344 -25.525944
50.276936 31.976389
-27.002995 -3.875509
-9.437269 55.298626
-24.791939 -30.513546
-17.685406 -55.049728
-45.034340 -26.429382
-1.512741 -5.790113
-41.922482 3.316590
-6.636556 -58.414677
-44.680759 -26.374935
35.920845 6.861619
-24.784460 -29.607569
-15.119151 -53.303883
21.520248 10.592799
42.430317 6.174117
5.470281 25.288980
-19.535336 -7.279764
-23.205219 -57.054031
6.570198 -15.791277
-23.626860 -29.887636
-52.093460 10.594208
35.030220 4.509923
2.924790 -7.542974
-19.479422 -2.254398
13.772356 58.534088
-11.331808 0.435299
17.379948 -19.467270
17.379669 -19.467224
-9.437269 55.298626
31.698803 44.950634
-9.437269 55.298626
-24.633966 -9.644624
43.285969 -21.884907
25.434509 20.155947
2.820795 -51.835949
-30.448059 -17.293488
-42.577961 31.740393
34.238647 12.507808
-42.019596 29.715487
-30.807444 -27.375572
37.899433 -20.320107
16.115921 23.043518
-6.828424 -54.395832
-11.827531 34.472958
-18.678228 -55.948757
35.488922 6.735093
59.800976 20.366858
-10.847331 52.971107
-25.760887 -30.733150
-15.536650 25.332222
-40.877262 -25.881273
23.774755 -13.902329
-13.244867 -40.547016
-9.437269 55.298626
-30.513010 -19.901127
-56.642456 -12.270939
-8.869637 -13.447744
-3.436566 -45.492954
26.300369 21.095238
-9.437269 55.298626
-9.437269 55.298626
-23.662287 -32.596752
24.007643 23.200998
-9.437269 55.298626
31.019566 45.534973
-25.157679 -31.760082
-16.826620 -2.247629
26.605555 -18.118191
-78.050819 3.338748
-35.604050 -34.175011
-27.623331 27.766552
-43.655518 0.992024
66.065750 0.123718
67.923836 0.813000
-27.824501 -61.831528
-0.069357 -8.332695
-13.422331 -41.842590
-5.692019 -54.173901
67.695068 1.363487
43.822361 -22.336880
-12.795197 -44.901646
59.941574 19.860617
19.019707 -54.325237
48.929287 -13.633717
48.929291 -13.633717
37.240814 -3.591227
10.448772 -53.140320
-29.433979 -10.706005
51.440254 32.022015
23.567276 20.772276
48.929577 -13.633714
20.967817 11.046180
-24.715179 -5.412570
-0.297328 -7.944603
35.387196 0.541320
-9.103804 50.929340
-44.419083 1.132758
39.332928 -12.139190
14.875695 21.218430
-8.850102 -13.493717
16.275928 -15.059220
-9.461287 51.627758
-9.437269 55.298626
-30.218626 -24.414669
-45.317471 3.776242
14.351488 -20.535244
-2.202171 -46.264568
6.942740 -13.185036
17.207808 21.993349
-9.437269 55.298626
-5.243697 -4.218948
28.383434 -17.581598
-9.437269 55.298626
48.745712 30.151939
-46.533783 4.847677
10.330396 25.370686
-10.125853 25.184464
-15.550035 -42.022724
34.949680 -13.327287
58.642254 20.132801
-11.056620 -3.113101
-28.128510 29.994940
-29.839863 -38.035088
7.917659 24.263515
3.057028 -8.590187
-13.561121 -2.341866
49.244156 -13.459434
37.139061 -9.758423
-23.870922 -53.652016
-44.704220 1.833313
37.550259 -10.114242
-29.891346 -34.997849
-23.324511 -56.910954
1.112112 -6.374360
-25.271248 -59.969711
-44.495518 34.739948
-34.309124 -7.534098
37.265518 -0.821678
-9.437269 55.298626
37.265541 -0.819250
0.098377 -47.735027
-44.493698 2.513674
18.857441 -9.668289
-2.498858 23.502565
-35.525784 31.996119
-36.661297 32.280807
-37.389931 -38.765942
-25.332626 -29.647173
4.527199 -52.001823
16.491762 -19.366013
26.743706 19.346922
22.464214 9.869898
-10.501294 -4.320368
-42.018852 29.639156
-3.975900 -5.793161
22.599180 -17.487541
32.963478 -15.887917
-9.437269 55.298626
-9.437269 55.298626
-9.437269 55.298626
25.848349 15.060718
-77.462105 2.595740
-46.887283 36.482174
15.273227 -18.932333
-52.093460 10.594208
31.672112 -29.986998
-45.034340 -26.429382
-9.906465 21.552664
17.007992 18.744999
36.583855 -12.338806
19.438446 -18.313665
-5.696786 -8.560134
17.069305 -52.739937
20.854734 22.315804
5.252584 23.159477
-27.730703 -35.302326
-42.891808 -4.709845
24.810654 21.748556
0.288110 23.067814
-15.300138 -46.716099
64.775566 -17.599482
33.808754 13.005888
39.101181 -2.981387
-10.933764 -1.096748
27.607338 -18.564508
-15.959085 -1.079611
31.954945 -9.202953
13.946671 20.908491
1.675934 -10.567720
28.689793 -17.317175
-10.762628 51.870403
-43.573555 34.253761
-15.505568 24.956457
13.058820 57.085800
-8.089944 51.153690
-2.722042 24.744936
35.294544 -16.588091
24.114586 7.580333
16.527790 -54.059811
16.984396 -17.434940
64.347366 -18.176666
-15.299921 -46.716545
21.926573 9.448137
-8.104099 -53.568237
27.196463 18.161133
64.960854 -18.180176
64.642212 -17.476337
64.710510 -18.703493
26.961872 -4.410668
-7.360964 -58.170925
-26.535643 -28.039892
13.956918 -17.430359
-9.437269 55.298626
-9.437269 55.298626
9.360402 -11.619609
-38.879707 -28.776440
-0.760466 -2.954457
12.636217 -5.647888
-25.379021 -30.869289
28.683676 16.121321
43.002720 -6.078927
-6.629516 27.469654
19.399475 -52.046200
41.872227 -4.472183
-3.321831 23.279364
64.170593 -17.933100
43.617359 -21.212372
13.810152 57.131023
-9.437269 55.298626
23.143570 -10.068373
-2.937587 -46.528915
-15.299924 -46.716599
9.670563 -13.816782
12.271845 -4.143156
-19.222549 -36.771729
64.229774 -17.390383
-42.102917 -0.111604
-6.010768 -54.376316
-12.304154 34.490601
44.441158 -21.726461
-26.913567 -4.699579
18.631069 -9.618169
-19.222527 -36.770237
59.953743 21.197401
1.036039 -7.948636
33.989468 -10.849607
33.635464 11.151491
-6.749970 -2.370272
-23.051615 -36.554913
-10.349053 -1.723240
15.270657 58.348335
-14.677167 -40.109344
-46.232498 6.758772
13.160460 55.111649
18.184528 13.900569
-21.355448 -55.671936
49.069832 29.729568
-25.271143 -59.969917
-32.432953 -15.080689
-9.437269 55.298626
28.703535 -16.523731
24.656309 -17.812654
26.913313 -10.863700
2.502618 -51.850853
-43.894260 -0.463192
28.638285 14.744980
67.230400 -0.225613
50.883240 32.339005
23.004641 8.712938
67.695221 1.363312
-6.636505 -58.414764
3.490540 -13.414809
-9.437269 55.298626
-9.437269 55.298626
43.655312 -22.203741
-6.625455 -44.484894
-0.899722 -5.438981
-46.533783 4.847677
2.718090 24.648069
52.001102 30.876976
22.670847 -11.098115
11.915081 -50.703392
52.067539 29.901377
-8.315742 51.903603
-9.447715 51.923340
-44.495525 34.739902
14.760872 23.767385
10.603744 -14.663289
0.944130 -51.351265
49.687622 29.836477
9.370797 19.234440
-18.072643 -9.106344
-1.526494 -51.020714
-37.871117 33.289944
-20.061678 -54.336464
1.423229 -51.401310
3.430491 24.424583
25.781656 14.836692
-30.305559 -38.435791
39.541424 -1.620199
14.902723 -15.319203
16.201622 -52.739857
20.360374 -53.359100
18.892271 -53.177826
-11.290370 52.575455
-23.188725 26.992472
-6.446053 54.122063
-7.620633 52.562794
-45.349133 -25.732553
-7.611491 53.441807
39.344452 -3.917092
37.371124 -1.860912
-18.568838 -2.257976
12.706881 -51.003094
-41.811920 30.065672
23.684443 -7.937108
-45.001587 35.498318
-7.266632 53.766602
-8.017192 -13.392985
32.839092 17.913313
-28.013498 -61.531429
-30.358410 -38.595901
-19.312557 -1.627900
-3.068843 -48.823376
-14.638755 -2.075773
-6.696293 54.710094
-24.692381 26.852871
32.218281 -15.911914
39.316750 4.095671
48.844704 -14.057375
43.317650 -21.503397
16.576014 -53.042904
66.269821 1.473003
49.252811 29.078571
6.147030 -52.202156
4.846318 -3.921712
-10.367715 51.425499
27.379383 -6.386598
39.260601 4.122970
-33.660969 -25.064611
-27.401255 -61.119991
48.012047 32.213573
-12.304154 34.490601
12.449594 -3.950541
31.607656 44.288799
13.512137 22.920126
-52.557701 10.709689
-0.794922 -46.590427
-9.740094 -54.151295
8.221750 -52.334053
-44.062515 0.585267
32.810177 -15.315204
11.575354 -50.071522
6.900664 -53.797203
-24.606478 -9.951635
-24.513979 -26.269464
15.777301 54.378063
-0.014389 -8.622426
-22.012691 -32.916195
-0.844501 -46.560921
16.887943 -52.267849
6.970310 -11.949533
31.672112 -29.986998
2.122450 23.050840
-9.437269 55.298626
14.107577 -27.053007
16.456121 57.306404
-32.177544 29.708401
-36.381138 35.131302
-25.161367 -3.634791
15.124370 55.384098
-9.437269 55.298626
7.495951 23.527828
28.221888 16.891796
15.783379 21.190945
22.177219 -18.526928
20.347765 -10.637925
37.205662 -11.290896
-24.977118 26.255495
26.723370 -13.993429
-9.437269 55.298626
-28.553686 28.244514
-46.533783 4.847677
-22.999235 -34.222740
12.339294 -3.704206
-12.801724 23.698277
-30.553568 -21.291332
-30.745445 -22.574049
22.785292 22.383907
-23.407112 27.255201
-33.280495 -33.151131
-11.665374 24.396614
26.580877 -12.141862
-29.024113 -15.376800
29.665600 12.353853
-11.019990 24.200478
-30.530823 -11.354434
-26.086372 -36.746441
-42.019596 29.715487
-24.788324 -3.907601
-15.299926 -46.716595
-25.486874 -10.452327
18.417376 18.270679
-22.421497 24.878351
26.913225 -10.863783
-42.025433 -1.856668
38.058868 -2.476059
63.608841 -18.354321
50.609734 30.932285
34.944416 7.739819
3.041589 -8.384914
14.813437 57.770527
11.118715 -16.330008
-8.645377 -53.062996
-45.289848 4.362601
14.289524 -17.962761
-29.607149 -26.757215
21.926571 9.448135
21.926571 9.448135
-32.055721 -39.799286
11.551022 -16.943897
23.602903 -20.504589
64.348381 -18.180447
11.256831 26.182114
-35.814434 34.379635
-21.712442 -2.269144
-33.920677 -10.975059
12.314938 20.215467
-39.792118 31.238031
-23.629854 26.558039
48.528080 29.819931
-1.856401 -46.644634
10.632170 -49.063286
28.256710 -18.743435
-44.461884 3.783177
33.160152 12.731977
-9.437269 55.298626
0.342050 -46.010326
31.793045 -30.252686
15.652927 57.023434
8.049599 23.764624
-9.437269 55.298626
-13.841805 -41.972118
15.799070 -16.761898
-14.609246 0.518462
32.831184 12.295092
11.381236 -50.364517
20.413860 -53.170059
42.430317 6.174117
8.319789 -24.033955
25.590603 23.174973
34.044437 6.996123
18.954279 22.585152
-25.746521 -9.455935
49.199310 32.833035
-9.437269 55.298626
-6.495306 52.762867
11.289986 23.569843
-3.128045 23.319256
14.092142 -53.164093
66.251793 -0.080876
36.269611 6.963612
32.838406 17.913269
-55.245338 -11.773319
16.960226 -16.513781
-78.452217 3.127504
-36.665211 29.307486
-23.666492 -35.765156
-11.343306 24.714828
15.297947 22.276276
-45.365360 3.223697
-9.342269 -44.888786
-30.152842 -17.919447
-9.437269 55.298626
-6.998863 54.150127
-9.437269 55.298626
31.793045 -30.252686
-6.416710 -53.783989
40.643478 0.452408
-28.518232 28.316099
35.016811 6.863868
-9.029496 51.715443
-11.477948 -41.456085
-9.137224 -4.723111
-1.836713 -7.674029
-7.983362 -10.964143
67.248520 0.969814
-7.178618 -10.134569
-12.304154 34.490601
-28.451654 -26.618023
-31.437597 -19.801622
-12.486573 -42.289433
27.827299 17.061680
-8.888881 51.949837
-52.016151 10.312406
65.974174 1.006883
-46.533783 4.847677
-43.655518 0.992024
-33.542183 -24.681950
-7.796620 51.518364
-13.953755 -0.401690
-9.633570 52.703793
-6.259119 21.790165
-2.370614 -4.951631
-23.454493 -57.133553
-26.036055 -5.345419
19.975292 -52.084217
50.644691 30.628578
58.644505 20.132956
-6.205752 -54.367519
25.801798 14.366569
-23.886797 -53.628368
14.255497 53.864231
11.664763 -52.110020
-29.039198 28.313240
14.107574 -27.052927
6.900703 -53.796947
27.044703 18.812029
8.319844 -24.033703
-77.608589 2.398072
27.948040 19.842392
38.153351 -13.912386
-27.287844 -61.806805
23.312033 -16.565058
8.319844 -24.033703
9.625570 23.208965
-29.527941 -25.121790
-44.419296 1.132704
43.268799 -21.821016
-34.760750 -10.357763
-26.024160 -10.894433
-1.974030 -51.079498
-27.262877 -11.351892
16.404427 -18.879019
-21.808319 -56.191231
-18.943926 -55.464886
-13.799480 -1.085795
-9.988600 -39.846058
-9.437269 55.298626
-20.792854 24.194096
44.093723 -21.269602
-30.427172 -27.754303
-2.597968 25.911196
-15.290896 -54.067158
-48.149906 6.442928
19.372259 12.639560
26.254999 -12.230298
-9.437269 55.298626
29.724934 16.625425
-5.108080 -48.910919
30.437466 21.929935
-23.666611 -35.765114
67.662498 0.062923
-52.322113 10.759525
50.133835 30.213217
-28.858292 -19.842878
14.439258 56.989124
3.659527 22.724289
-4.266691 -6.396092
12.448807 -3.955329
36.935806 -0.310994
-12.838585 -53.030674
29.072023 20.558971
39.146492 -7.319803
-34.133911 -24.017426
-3.141556 23.592119
11.848459 -17.332073
-7.103546 -44.565784
-11.945469 -0.690694
-11.945555 -0.690670
17.374212 -53.102440
15.592838 56.390358
31.672112 -29.986998
14.107578 -27.053007
4.073167 -13.216810
-32.544872 -37.201145
17.104671 -9.892559
-14.375066 25.028313
-2.775264 22.541794
-20.805038 2.509024
31.672112 -29.986998
41.315510 -9.058357
-28.073008 -32.229786
31.672112 -29.986998
-10.400582 23.223961
-2.022831 -47.140694
20.163815 22.225716
48.494289 29.446657
-2.300589 -44.568424
-21.794998 -33.719299
8.545183 -11.886432
28.157272 16.550213
8.319855 -24.033756
-28.419884 -23.836775
49.776443 32.818363
28.575867 -19.501503
-39.791595 31.237030
11.242407 -50.385132
47.843899 -13.465018
-34.176109 -7.902330
-6.629834 -45.234905
8.913334 23.094841
-30.616306 -6.589421
-32.862896 -37.460239
-9.437269 55.298626
-29.116079 -38.947945
21.343794 -53.328327
-10.006637 -42.493954
11.078088 -16.229967
-5.337886 -3.121249
38.555492 -9.224871
7.448571 -52.180725
29.583059 -19.584738
-9.437269 55.298626
-9.437269 55.298626
-5.211649 -5.131382
50.941406 28.383846
-21.159573 -0.748369
-14.012708 -1.278631
-25.271248 -59.969711
38.590332 -1.334220
12.710365 56.949570
34.541161 6.411016
36.993237 -4.037913
-48.150192 6.443035
-1.700869 23.869576
16.762579 55.922691
-8.578982 -54.510483
-78.365494 2.404441
8.319864 -24.033787
32.208282 -15.422343
-9.437269 55.298626
5.379713 23.851664
-19.796114 -56.330521
5.379712 23.851934
-9.437269 55.298626
-2.177425 -46.405216
-30.800230 -7.484107
-30.038870 -35.767673
25.412523 20.301025
8.890854 -52.802067
31.793045 -30.252686
14.107577 -27.053007
-2.819439 -5.533959
14.107574 -27.052927
27.710447 -18.037699
20.203495 -17.295290
26.082863 21.667925
-15.159444 24.189848
34.395714 9.915883
-2.363444 24.386288
-30.270885 -5.426119
18.098568 18.262442
14.086968 57.709599
-10.228829 -55.211441
8.319860 -24.034153
-25.271143 -59.969917
-23.870312 -53.713650
14.847198 23.795723
24.656733 -18.956427
8.319853 -24.033812
14.206579 55.420551
3.962770 -47.062977
-42.264977 30.984888
-22.370518 26.250700
-56.148788 -12.687119
-0.797872 -45.895851
-19.643942 -7.133077
-27.901440 -5.802440
33.005188 -12.655627
-78.538383 2.723379
31.672112 -29.986998
31.672112 -29.986998
18.334799 -15.425004
7.013901 -14.505912
26.089052 -6.590569
36.952869 6.161093
-32.177547 29.708401
-9.186156 -10.398304
-9.312614 -54.298462
-34.316376 -7.852559
49.837139 28.941111
-35.304955 -32.674248
-11.827531 34.472958
-24.883923 27.916384
18.215441 -19.037991
-9.437269 55.298626
-17.786699 -55.829700
-44.141479 -24.454021
-29.240864 -23.426498
13.880475 -53.187607
-20.581091 26.245060
31.895569 12.015671
-9.437269 55.298626
-9.437269 55.298626
-9.437269 55.298626
-9.437269 55.298626
-77.466507 2.966268
3.545306 24.717180
-27.298559 -24.816225
11.971342 -4.016704
-12.784531 -54.073151
17.973516 14.117086
-9.437269 55.298626
24.496956 21.465799
-28.233011 -24.356173
-21.413725 -9.376653
27.052944 -6.016006
-45.349133 -25.732553
14.623934 56.361755
38.838699 -8.614271
31.276196 -17.348120
36.404438 6.278140
18.286261 -16.695921
6.900712 -53.797276
-6.386110 53.872421
31.175154 44.277657
27.186817 16.884613
-8.187166 -4.339705
21.324444 21.807940
-55.943562 -11.972958
12.217775 55.737923
30.417198 14.494900
-3.399221 -46.857422
64.850075 -17.591339
-7.034175 53.067902
-28.377640 -24.261326
13.993306 22.819626
-27.497890 -61.898621
14.159000 -15.567942
-27.177038 -5.121081
-12.738646 -40.872002
-45.046642 -25.525307
-12.347192 -40.933437
-44.638466 3.000098
-23.666536 -35.764866
-41.358570 30.114857
-41.849468 30.036638
-28.854870 -31.557154
-21.261589 -3.205994
-21.321783 -2.022011
6.211815 23.397814
48.929577 -13.633714
32.325043 46.211926
-9.884585 52.716999
-6.522281 -9.994954
59.510162 19.196980
-10.340317 52.201405
32.837669 17.913122
-44.572899 -25.722521
-15.077789 -0.856047
-19.268019 -4.676799
-8.310879 52.914169
-7.832605 53.230232
-11.167901 52.353962
33.348949 10.435865
-55.945595 -11.592795
10.462668 -15.933628
50.790043 29.645367
0.580501 23.347048
-8.851206 52.747692
-27.945902 -19.844078
44.331280 -22.073311
-45.410599 -26.012140
-41.380116 3.673426
11.971586 -4.017158
2.549889 -11.212543
63.766712 -17.561275
-10.540111 -5.468444
0.210782 -7.482128
-7.368356 25.111731
-56.610615 -11.413185
-30.828104 27.880980
-11.412623 53.278717
48.889996 31.083294
-7.784714 -9.955554
31.373386 45.815441
-46.533783 4.847677
-46.887074 36.482246
0.377402 23.596907
24.260803 -19.101706
-25.189034 -33.932388
37.799793 -11.843509
62.452168 -1.600981
14.107577 -27.053007
27.662834 21.802958
-36.381222 35.131023
-55.833767 -11.781634
-8.744845 -6.548310
-31.148355 -19.680967
-8.185423 52.250313
-11.649360 -42.747360
33.965981 -15.402546
-12.790366 0.077973
14.107577 -27.053007
32.764320 13.180367
-6.069112 -54.443687
26.152170 -15.866203
25.003191 9.386957
-44.704376 1.832971
13.929122 -16.536791
4.120258 -51.131008
7.232704 -52.307751
-26.795242 -0.961895
-32.724594 -37.378376
12.203480 56.875134
30.437382 21.929625
14.107577 -27.053007
-30.616308 -6.589421
12.305509 -50.605919
-38.660168 29.370348
-11.708013 24.538782
-31.881338 -37.623028
-42.984344 -2.321104
-8.185423 52.250313
23.875031 -13.981903
-15.258195 -0.941437
17.147846 16.405560
-6.636566 -58.414490
25.318331 -15.669007
-29.675299 -23.953289
-8.289410 52.920555
-25.700994 27.142406
6.194659 -8.813603
31.672112 -29.986998
5.161702 -11.120823
-20.130735 25.836170
6.406945 -12.211419
-7.775664 52.314171
10.459271 -50.406197
-0.871210 -46.058773
-24.412462 -3.069147
8.319900 -24.033949
-6.629531 27.469624
14.107574 -27.052927
-30.616409 -6.589459
-7.278371 -52.959312
-8.100767 51.227211
31.068581 45.080177
-31.236357 -35.316753
-15.287677 -2.662087
-15.584449 -40.977364
26.665855 12.193912
14.363936 56.139042
29.923861 15.412146
34.034081 -14.971652
43.506012 -22.258904
30.775478 12.148972
-22.856068 -34.096291
-12.539775 24.855453
24.888037 17.949707
-9.437269 55.298626
-77.608620 2.398005
14.107574 -27.052927
-8.568667 -3.211395
-47.586617 36.772396
1.153192 -51.691963
-9.260427 -44.190083
17.597691 21.970245
6.510373 -15.272748
-44.656555 1.398859
21.008781 -52.953259
-29.697075 -14.166521
-10.360758 -5.596351
62.256962 -2.473442
-19.132431 -56.247715
21.225023 -20.391346
-2.754525 22.254602
-48.149891 6.442928
-25.768370 -59.166389
-6.259128 21.790167
14.107574 -27.052927
-9.437269 55.298626
2.868740 22.829945
-10.590832 25.294157
-32.280407 -34.759827
13.390183 -50.329170
-42.192307 -0.021322
-0.956956 -51.415157
20.139515 -52.697350
-48.150188 6.443035
13.932173 -20.447834
44.175747 -22.256042
20.312553 20.237028
-29.315033 -18.281052
-35.545788 -35.706612
37.935272 -1.353799
-12.341991 26.032686
-11.418200 -5.570195
-31.219246 -15.486360
4.649879 22.230682
-17.082560 24.175833
-6.790777 -4.042921
-8.946034 52.738651
3.337745 -10.929013
26.418575 -18.619671
-5.292353 -53.104515
13.343822 57.326485
-14.803334 24.973118
10.636635 -11.627802
-15.299924 -46.716599
-12.434142 -52.991581
-27.493977 -35.526913
-7.335734 -3.656826
-9.437269 55.298626
25.998629 -13.215838
-22.608101 26.519684
63.254051 0.305507
8.319860 -24.033621
-22.907743 -35.847797
-15.571436 24.998598
-9.437269 55.298626
-9.437269 55.298626
-9.437269 55.298626
-9.091640 -54.105152
-9.437269 55.298626
-5.095938 -2.595089
15.495999 56.096878
32.520943 45.026249
-2.870915 -47.379917
-30.616310 -6.589421
39.129620 0.329975
-9.437269 55.298626
-41.358570 30.114857
-41.849468 30.036638
33.457050 -15.888854
66.250610 -0.080021
1.110191 -52.780827
14.078541 58.128922
-9.437269 55.298626
-19.048893 25.676365
4.171110 -51.888649
12.672265 57.822350
31.977163 44.384201
-11.980003 -42.355057
-25.621166 -32.559036
41.080963 -1.961968
6.974287 23.832287
-25.905098 -30.280256
37.029224 -7.393225
24.812998 20.044350
2.561421 24.091196
0.386361 -9.462703
3.190577 25.187204
15.288156 54.517670
-9.437269 55.298626
-27.750313 -25.982924
-41.122063 29.553535
-9.437269 55.298626
-23.925371 -30.557894
23.617601 -15.032211
31.649467 12.329441
-9.437269 55.298626
9.377977 -15.774236
29.523808 13.562851
-78.365494 2.404441
49.447502 28.739296
-12.725471 24.631815
39.478287 -2.291531
-56.353115 -12.570404
38.148350 6.309023
-9.437269 55.298626
-78.539337 2.760822
-23.795063 -5.987343
-9.788753 -11.124339
31.247969 46.566833
18.841373 22.885370
63.766712 -17.561275
-28.426369 -7.981665
5.111166 -14.972702
35.501629 3.896883
-5.810672 -54.317257
-1.363314 -45.679600
-30.637522 -11.347342
4.846354 -3.921873
17.851305 23.183369
-12.656354 26.388128
19.502842 -52.295143
64.341026 -18.161076
-28.259985 27.742449
-29.444590 -36.410919
-78.499977 2.995927
-29.033979 -8.235961
14.133582 56.042850
-9.437269 55.298626
-43.194542 -2.187542
-52.847530 10.298792
50.138855 30.777580
59.386906 19.681543
-12.424307 -42.362751
16.753567 56.374039
36.537926 8.975878
-38.741608 33.240845
21.673410 17.927818
-31.395651 -29.612499
-8.634616 -10.756706
13.858222 29.383196
-9.437269 55.298626
-24.084427 -4.063756
21.616167 19.006533
17.795650 16.964844
-28.110977 -24.408930
8.364172 -50.384995
-16.557531 -0.128421
47.523090 29.520666
25.403852 -15.581630
-0.995830 -7.080344
66.913162 1.040793
-9.437269 55.298626
36.875484 7.433825
25.557163 23.130322
9.925898 -16.686335
-9.437269 55.298626
-31.448591 -38.236862
-9.533110 -54.755508
5.833405 -12.058398
-31.672277 -34.853722
-0.958428 24.988054
-28.944462 30.044502
-10.036996 -39.743664
12.152799 21.648041
3.740857 -47.128376
-24.483351 -26.319834
-19.696245 25.722795
-18.072416 -9.106346
-21.243237 -55.931511
66.985939 0.298924
-9.437269 55.298626
48.425598 28.537018
41.968254 -22.360193
48.095955 29.169167
47.978107 28.945990
49.253849 28.160143
-9.437269 55.298626
26.172577 12.537504
26.183441 16.854731
37.634369 -8.436073
34.714760 -15.327708
-41.836868 29.339396
-5.628392 -45.985622
16.346899 18.987820
0.560894 -46.827934
-34.176071 -7.901987
-2.254710 -8.137583
36.397339 6.561262
-5.326600 -3.560074
-19.590109 -7.168892
25.882908 14.404106
13.627721 54.861164
29.281542 17.148272
-23.587706 -3.629487
38.153069 -8.437441
-46.533783 4.847674
-27.578176 -5.606133
-29.068356 -26.642181
-22.461226 -3.054610
-7.783245 -11.336191
-9.437269 55.298626
30.354347 12.579926
48.791729 28.945597
18.927040 18.478762
-45.906277 35.866894
35.479694 -6.629908
36.513504 -3.441150
-9.437269 55.298626
-31.242678 -12.139830
18.915829 -16.935320
63.422596 1.398740
17.757364 22.006323
-29.617123 -12.532092
38.371593 -8.497799
64.960854 -18.180176
-9.437269 55.298626
-9.437269 55.298626
-23.222969 -33.166218
-9.437269 55.298626
-9.437269 55.298626
-23.227741 -1.014630
-9.437269 55.298626
37.238338 -8.701654
-9.437269 55.298626
-5.846607 23.820480
-9.533129 -54.756454
31.174068 44.277885
16.059765 23.301954
-21.557775 -33.534199
41.446632 -9.039195
-31.250021 -35.250019
-46.533783 4.847677
-53.508797 11.126537
3.067860 -52.297539
-24.205391 -4.266922
1.039375 -8.238770
-29.192921 -35.756950
16.117641 55.877964
30.602814 45.364452
-24.304678 -30.673145
16.222666 57.576694
-25.534697 27.242939
25.236618 -17.816149
-6.787473 -44.991783
-0.174285 -46.888073
64.229774 -17.390383
37.144493 -3.203229
48.284203 30.794228
22.546906 -18.116499
-32.280315 -34.759781
38.224415 1.880818
-44.680759 -26.374935
-21.334290 -57.468136
-31.441109 -38.449253
30.279078 45.654297
-41.836868 29.339396
13.305577 -53.037903
-25.712778 26.930899
-56.642456 -12.270939
-48.150150 6.443037
-33.026119 -30.810196
