33.790382 -1.289792
35.081730 -3.428155
-20.236008 -47.239826
-64.674667 -23.261438
0.868097 3.511286
-1.544461 3.183889
32.409580 1.852350
-40.658859 31.817167
35.081730 -3.428155
35.081730 -3.428155
35.081730 -3.428155
35.081730 -3.428155
35.081730 -3.428155
35.081730 -3.428155
-32.478523 -16.311405
-19.664370 -38.425419
35.081730 -3.428155
-46.161896 -38.989799
35.081730 -3.428155
-30.224823 -16.123783
2.204484 2.048802
27.916302 -3.774844
-33.359299 -16.456781
-39.543888 31.121721
2.110030 28.723047
35.081730 -3.428155
35.081730 -3.428155
-0.465529 -3.767550
35.081730 -3.428155
-40.428219 32.360916
-40.038349 32.501411
32.409580 1.852350
-10.020462 47.015034
-26.810499 40.984440
-19.616461 -38.016724
-0.465529 -3.767550
-67.654190 34.548027
2.847823 32.866875
-34.569534 -5.453946
-21.159721 11.409918
-23.662708 9.966882
33.789955 -1.292866
-0.465529 -3.767550
34.151527 -0.929044
-56.816204 -0.793324
-0.465529 -3.767550
33.848278 -0.498627
-18.571880 -32.312721
-5.445389 -6.618362
-11.148870 46.428135
-39.543888 31.121721
-2.190251 -2.444397
-22.570141 39.495583
-5.155795 42.762161
-0.465529 -3.767550
33.845104 -0.498188
32.999821 -0.911192
33.002060 -0.880317
-19.277853 -35.973263
33.789913 -1.292888
33.789932 -1.292875
33.792587 -1.288465
6.743674 -34.698692
33.414513 -0.595196
33.405910 -0.598851
33.355923 -0.636822
-19.616278 -38.016514
-10.513189 -67.252266
32.994606 -0.944465
-18.145447 -28.202642
31.196754 -2.025954
33.219940 -1.488870
33.219540 -1.488693
33.025234 -0.844580
32.989960 -1.055216
-19.278116 -35.974083
-0.465529 -3.767550
-4.938678 42.884460
33.853024 -0.500110
-18.411810 33.122601
33.014862 -0.880558
33.350895 -0.641386
33.177406 -1.465784
33.401016 -0.600907
-0.465529 -3.767550
8.741200 -34.269650
-0.465529 -3.767550
8.741200 -34.269650
-2.313481 -2.639652
33.359600 -0.633804
-0.465529 -3.767550
-0.465529 -3.767550
2.158429 30.601955
-34.004177 -14.215993
-19.416594 -36.694534
-0.465529 -3.767550
34.151573 -0.928520
-35.055210 -8.606159
32.997688 -0.920732
-4.661442 0.174113
-33.248993 -15.556138
-0.465529 -3.767550
-32.837234 -16.042931
-30.224823 -16.123783
-32.312115 -15.729188
-10.513189 -67.252266
33.478741 -0.563735
-19.615084 -38.009026
32.995770 -0.943612
-1.800769 -2.079067
-1.987231 -2.223735
34.151569 -0.928725
33.314171 -1.514265
33.845078 -0.498201
-0.465529 -3.767550
-22.570118 39.495285
-29.624262 7.371408
-0.465529 -3.767550
-35.847164 -18.339203
33.030960 -0.830727
-0.465529 -3.767550
33.329792 -0.653724
-12.526726 -64.168869
34.151478 -0.929440
-0.465529 -3.767550
33.219810 -1.488846
33.269638 -1.508495
-30.224823 -16.123783
-19.278116 -35.974083
-41.868046 30.059797
-22.570179 39.494675
-0.465529 -3.767550
33.322487 -0.659139
-19.782488 -47.397495
33.855904 -0.498629
-6.723128 -1.139253
-10.334437 -67.004967
34.151218 -0.930143
-17.430424 36.176746
-0.465529 -3.767550
-55.156090 8.478120
2.847901 32.866879
34.151215 -0.930139
33.374165 -0.615466
33.007526 -0.868086
-30.224823 -16.123783
33.845074 -0.498202
33.269661 -1.508491
-52.918320 11.769465
34.151474 -0.929437
33.027554 -0.835696
-33.096088 -18.155357
-34.004177 -14.215993
4.052178 -33.658749
33.219822 -1.488857
33.269691 -1.508506
-0.465529 -3.767550
32.989925 -1.055513
33.269524 -1.508451
32.996086 -0.938883
33.313446 -1.514234
33.845295 -0.498231
33.856899 -0.498532
33.792152 -1.291969
2.772175 32.862114
8.741200 -34.269650
-19.067158 -35.638542
-10.513189 -67.252266
34.151142 -0.930803
-55.155960 8.478093
33.845070 -0.498182
33.770775 -1.302391
-0.465529 -3.767550
33.313526 -1.514242
-2.429384 -2.920932
-0.465529 -3.767550
33.240860 -0.735087
33.170650 -1.458848
34.151218 -0.930225
-0.465529 -3.767550
-0.465529 -3.767550
-0.465529 -3.767550
-30.224823 -16.123783
-11.166667 46.446075
34.151493 -0.929489
33.845097 -0.498208
-12.526690 -64.169144
-76.111740 -5.119026
33.415878 -0.593032
2.131534 30.357819
-2.723050 24.663794
-0.465529 -3.767550
33.003147 -0.910733
33.796982 -1.290177
33.269493 -1.508460
33.845081 -0.498199
34.151066 -0.931547
34.151566 -0.928616
33.302158 -1.512382
33.789932 -1.292878
33.269432 -1.508431
-34.673679 -5.046084
34.151566 -0.928605
-12.610309 43.984127
-0.465529 -3.767550
2.132252 30.761116
33.269638 -1.508486
-22.569702 39.496780
-6.741624 42.998806
33.772854 -1.300394
33.796139 -1.290540
-40.038349 32.501411
-4.661442 0.174113
-17.560652 -28.826118
-33.359299 -16.456781
34.151134 -0.930819
33.220104 -1.488981
33.799885 -1.289468
-40.492920 31.334072
33.845188 -0.498197
-34.783455 -10.088042
-3.685712 23.343876
-0.550210 -35.702309
34.151539 -0.928898
-22.133528 10.835887
-18.725056 -33.023537
33.796127 -1.290545
-16.399809 38.691319
-10.334437 -67.004967
-19.415627 -36.692898
-19.614941 -38.008820
-19.277939 -35.973454
-39.752480 31.060123
35.081730 -3.428155
-34.666317 -6.049579
35.081730 -3.428155
-31.730455 -16.073683
-33.359299 -16.456781
-10.334437 -67.004967
-31.635622 -13.673635
-0.465529 -3.767550
-10.513189 -67.252266
32.409580 1.852350
2.421776 31.406273
35.081730 -3.428155
35.081730 -3.428155
35.081730 -3.428155
32.409580 1.852350
32.409580 1.852350
-19.615824 -38.017944
32.409580 1.852350
32.409580 1.852350
-3.488738 23.974644
-15.737998 40.375916
35.081730 -3.428155
35.081730 -3.428155
-10.993237 46.607376
-32.280998 -16.294750
-10.956104 46.486980
-28.963568 -8.645330
-31.757153 -16.120159
-4.621457 42.768787
-0.465529 -3.767550
35.081730 -3.428155
-0.465529 -3.767550
-0.465529 -3.767550
2.083898 28.631384
35.081730 -3.428155
4.847115 30.771620
35.081730 -3.428155
32.409580 1.852350
-33.096088 -18.155357
-0.465529 -3.767550
-22.570644 39.495323
-0.465529 -3.767550
35.081730 -3.428155
32.409580 1.852350
-0.465529 -3.767550
-0.465529 -3.767550
-28.963608 -8.645330
1.387932 33.191906
35.081730 -3.428155
0.077003 27.682396
-0.465529 -3.767550
35.081730 -3.428155
32.409580 1.852350
35.081730 -3.428155
-0.465529 -3.767550
-64.674484 -23.261417
35.081730 -3.428155
-26.813208 40.985397
35.081730 -3.428155
35.081730 -3.428155
32.409580 1.852350
35.081730 -3.428155
32.409580 1.852350
32.409580 1.852350
32.409580 1.852350
32.409580 1.852350
-46.161980 -38.989983
-6.334663 44.184052
-1.544461 3.183889
-2.231305 1.527765
-18.250120 -30.970659
32.409580 1.852350
-43.147644 -32.425526
-75.846680 -4.883299
-0.465529 -3.767550
35.081730 -3.428155
-32.127678 -15.076363
-10.513189 -67.252266
-21.392597 -48.694031
32.409580 1.852350
-19.277832 -35.973454
32.409580 1.852350
35.081730 -3.428155
-22.201620 10.825033
32.409580 1.852350
32.409580 1.852350
-17.285517 39.144676
32.409580 1.852350
35.081730 -3.428155
-53.107162 9.969630
32.409580 1.852350
-5.171581 -7.871647
-67.654121 34.548546
-2.190215 -2.444340
35.081730 -3.428155
32.409580 1.852350
35.081730 -3.428155
35.081730 -3.428155
-1.155666 -1.804523
-2.437618 -2.944422
-2.530364 -3.471689
-0.465529 -3.767550
-12.514080 41.529068
-0.465529 -3.767550
32.409580 1.852350
-35.848251 -18.339230
-56.816433 -0.793326
35.081730 -3.428155
35.081730 -3.428155
35.081730 -3.428155
-34.967041 -16.214314
-0.465529 -3.767550
-0.465529 -3.767550
-53.107101 9.969629
-22.569967 39.495216
32.409580 1.852350
35.081730 -3.428155
-5.334384 43.334454
35.081730 -3.428155
32.409580 1.852350
32.409580 1.852350
-0.465529 -3.767550
-34.844719 -6.893348
-0.465529 -3.767550
-56.816498 -0.793679
-0.465529 -3.767550
32.409580 1.852350
-0.465529 -3.767550
-32.846020 -15.296392
32.409580 1.852350
-76.111519 -5.119282
-0.465529 -3.767550
-26.810989 40.984344
-26.813141 40.985275
-0.465529 -3.767550
-17.607216 -28.848488
-0.465529 -3.767550
-0.465529 -3.767550
-0.465529 -3.767550
35.081730 -3.428155
32.409580 1.852350
32.409580 1.852350
-12.526789 -64.168579
35.081730 -3.428155
-0.465529 -3.767550
-25.391527 8.205064
-0.465529 -3.767550
32.409580 1.852350
-10.334437 -67.004967
-39.127129 31.917349
-0.465529 -3.767550
-34.843319 -6.893346
-0.465529 -3.767550
35.081730 -3.428155
-15.148511 39.373425
-29.959656 7.008568
-18.250193 -30.970642
-0.465529 -3.767550
-75.875076 -5.139812
-32.505066 -15.022044
-67.654144 34.548759
35.081730 -3.428155
35.081730 -3.428155
-16.852015 37.399303
-19.036411 -34.759716
-0.465529 -3.767550
-33.096088 -18.155357
-5.861957 -2.493077
-5.861957 -2.493077
-64.674820 -23.261473
35.081730 -3.428155
-19.722973 -39.018257
3.609050 31.421535
32.409580 1.852350
-0.465529 -3.767550
-19.278009 -35.973473
-0.465529 -3.767550
32.409580 1.852350
-20.195436 -47.187366
-0.550210 -35.702309
-0.465529 -3.767550
1.590696 32.858139
-0.465529 -3.767550
0.077000 27.682390
-3.421670 24.032995
35.081730 -3.428155
35.081730 -3.428155
0.724358 30.148228
-4.661442 0.174113
-4.661442 0.174113
-17.618876 -29.300795
-19.816895 -47.222473
32.409580 1.852350
-76.089066 -4.878477
35.081730 -3.428155
-33.248993 -15.556138
-32.803467 -16.078337
-43.147263 -32.425701
-8.880930 -2.101723
35.081730 -3.428155
-31.718065 -15.475651
-19.938158 -47.122272
35.081730 -3.428155
-39.130959 31.834393
-2.132178 -2.372161
-4.410628 23.289131
32.409580 1.852350
-0.465529 -3.767550
35.081730 -3.428155
32.409580 1.852350
32.409580 1.852350
-3.068152 24.340277
-17.320028 36.464489
32.409580 1.852350
-6.334623 44.183693
-64.674339 -23.261360
-0.465529 -3.767550
35.081730 -3.428155
-0.465529 -3.767550
-0.465529 -3.767550
-0.465529 -3.767550
-0.465529 -3.767550
-0.465529 -3.767550
2.847821 32.866905
-33.096088 -18.155357
-28.963432 -8.645330
35.081730 -3.428155
32.409580 1.852350
32.409580 1.852350
-0.465529 -3.767550
35.081730 -3.428155
-76.089066 -4.878477
35.081730 -3.428155
32.409580 1.852350
-34.004177 -14.215993
-32.014042 -14.733048
-5.643846 -5.481736
-10.963958 46.496281
-2.431166 -2.925801
35.081730 -3.428155
-0.550209 -35.702259
35.081730 -3.428155
35.081730 -3.428155
32.409580 1.852350
-2.432389 -2.930192
-39.882992 31.762802
-1.165519 -1.806957
-2.314586 -2.643180
35.081730 -3.428155
-20.021587 -47.582592
-2.214118 -2.478660
-10.334437 -67.004967
33.269737 -1.508508
-2.532191 -3.534796
-22.506439 39.385349
-2.424330 -2.903475
-19.865610 -47.164471
-6.334620 44.183662
-0.034508 27.344521
32.409580 1.852350
-33.096088 -18.155357
-0.465529 -3.767550
35.081730 -3.428155
-17.285513 39.144444
35.081730 -3.428155
32.409580 1.852350
-75.875076 -5.139812
-14.789474 39.734837
32.409580 1.852350
32.409580 1.852350
-0.465529 -3.767550
-18.526609 32.366901
32.409580 1.852350
-1.945403 25.427483
35.081730 -3.428155
32.409580 1.852350
32.409580 1.852350
-0.465529 -3.767550
5.526068 -36.279091
-0.465529 -3.767550
35.081730 -3.428155
35.081730 -3.428155
-28.963570 -8.645331
0.593470 30.087425
-0.465529 -3.767550
-0.465529 -3.767550
-18.755497 -33.187691
35.081730 -3.428155
35.081730 -3.428155
-52.918247 11.769474
-19.782488 -47.397495
32.409580 1.852350
35.081730 -3.428155
-18.497086 32.559265
0.379867 29.252800
-12.526690 -64.169144
-75.846680 -4.883299
35.081730 -3.428155
-31.771561 -15.987262
-33.512798 -16.130318
-33.359299 -16.456781
-76.110107 -5.121002
-40.013424 32.559822
35.081730 -3.428155
-0.465529 -3.767550
32.409580 1.852350
-17.285511 39.144646
-28.963512 -8.645331
32.409580 1.852350
-52.918156 11.769452
2.847896 32.866871
32.409580 1.852350
-33.248993 -15.556138
-17.410414 36.343140
-0.465529 -3.767550
32.409580 1.852350
-0.465529 -3.767550
-29.719126 6.337623
-10.958419 46.489429
-16.567194 38.690514
-17.383959 -28.912426
35.081730 -3.428155
-39.535919 31.125772
-25.881407 6.875476
-10.334437 -67.004967
-64.674820 -23.261473
35.081730 -3.428155
35.081730 -3.428155
-0.465529 -3.767550
35.081730 -3.428155
-0.465529 -3.767550
32.409580 1.852350
-0.465529 -3.767550
-17.285927 39.144562
-56.816311 -0.793203
35.081730 -3.428155
-11.143392 46.422932
-0.465529 -3.767550
32.409580 1.852350
35.081730 -3.428155
32.409580 1.852350
-6.289792 43.356441
32.409580 1.852350
35.081730 -3.428155
32.409580 1.852350
-32.510120 -16.757059
-32.130703 -16.867279
-19.615902 -38.016312
-40.039474 31.052345
-32.561413 -15.038325
32.409580 1.852350
32.409580 1.852350
-31.819172 -15.227782
-0.465529 -3.767550
35.081730 -3.428155
-21.392584 -48.693932
-35.055035 -8.606160
-31.790787 -16.669369
35.081730 -3.428155
32.409580 1.852350
-31.707651 -15.545583
32.409580 1.852350
35.081730 -3.428155
-55.155964 8.478115
35.081730 -3.428155
-19.277794 -35.973282
-17.529234 -28.841124
-0.465529 -3.767550
-18.346310 33.584957
-6.289732 43.356201
2.285904 31.191202
35.081730 -3.428155
-28.961966 7.011035
-11.224135 44.509148
32.409580 1.852350
32.409580 1.852350
-19.276642 -35.974117
-0.217904 27.404444
35.081730 -3.428155
-4.661442 0.174113
-4.661442 0.174113
35.081730 -3.428155
32.409580 1.852350
-40.210861 31.149326
32.409580 1.852350
32.409580 1.852350
35.081730 -3.428155
35.081730 -3.428155
-55.156124 8.478061
-0.465529 -3.767550
-17.571247 -28.969799
32.409580 1.852350
35.081730 -3.428155
32.409580 1.852350
-64.674843 -23.261444
-6.381919 -4.876747
-67.654152 34.548561
-67.653885 34.548706
32.409580 1.852350
-6.236441 42.539856
-33.475349 -15.869006
-2.231305 1.527765
32.409580 1.852350
32.409580 1.852350
32.409580 1.852350
-19.938158 -47.122272
-4.683072 23.082520
-0.465529 -3.767550
35.081730 -3.428155
35.081730 -3.428155
-32.801422 -16.080576
35.081730 -3.428155
32.409580 1.852350
32.409580 1.852350
35.081730 -3.428155
-19.936087 -47.126522
-1.775198 -2.062608
-29.972263 6.662557
35.081730 -3.428155
35.081730 -3.428155
35.081730 -3.428155
-0.465529 -3.767550
-0.465529 -3.767550
-15.234497 39.337051
-39.704365 32.525822
-0.465529 -3.767550
35.081730 -3.428155
32.409580 1.852350
-32.810120 -16.071377
32.409580 1.852350
35.081730 -3.428155
35.081730 -3.428155
-52.918278 11.769463
-20.190500 -47.516994
-67.653961 34.549091
-32.877911 -16.685286
35.081730 -3.428155
32.409580 1.852350
35.081730 -3.428155
-19.855806 -47.517380
-34.612774 -5.391671
32.409580 1.852350
-12.526590 -64.168350
32.409580 1.852350
-5.675559 2.562407
32.409580 1.852350
32.409580 1.852350
32.409580 1.852350
-29.234514 7.277565
0.916134 2.188939
35.081730 -3.428155
-2.132690 -2.372764
35.081730 -3.428155
-76.111740 -5.119026
32.409580 1.852350
32.409580 1.852350
32.409580 1.852350
35.081730 -3.428155
35.081730 -3.428155
-33.096088 -18.155357
35.081730 -3.428155
-5.489197 42.515472
-3.998924 23.381367
-64.675423 -23.261417
-30.224823 -16.123783
-2.532173 -3.535769
-56.816475 -0.793322
35.081730 -3.428155
-28.970884 6.642890
-29.301527 6.316903
-52.918350 11.769487
-1.862940 -2.122426
-17.547989 35.951054
-0.465529 -3.767550
32.409580 1.852350
-17.417976 -29.739956
-39.704365 32.525822
32.409580 1.852350
35.081730 -3.428155
-64.675423 -23.261417
35.081730 -3.428155
-17.431952 36.211098
35.081730 -3.428155
32.409580 1.852350
-0.465529 -3.767550
-8.908462 -67.968803
32.409580 1.852350
35.081730 -3.428155
-22.570099 39.495296
-0.465529 -3.767550
32.409580 1.852350
35.081730 -3.428155
-10.252853 -67.270638
35.081730 -3.428155
-17.097801 37.178669
-40.210861 31.149326
35.081730 -3.428155
32.409580 1.852350
35.081730 -3.428155
-34.004177 -14.215993
35.081730 -3.428155
35.081730 -3.428155
-33.248993 -15.556138
35.081730 -3.428155
-0.465529 -3.767550
-40.039474 31.052345
-0.465529 -3.767550
35.081730 -3.428155
35.081730 -3.428155
35.081730 -3.428155
-0.465529 -3.767550
-0.465529 -3.767550
-6.352780 45.845596
-28.963558 -8.645330
35.081730 -3.428155
32.409580 1.852350
-0.465529 -3.767550
-26.810499 40.984440
-0.465529 -3.767550
32.409580 1.852350
35.081730 -3.428155
-0.465529 -3.767550
-10.334437 -67.004967
-32.127529 -15.076401
-0.465529 -3.767550
-0.465529 -3.767550
0.641111 28.085539
-34.844490 -6.893349
32.409580 1.852350
32.409580 1.852350
-0.465529 -3.767550
-67.653870 34.548557
-17.494989 -29.110826
32.409580 1.852350
-34.442432 -5.199811
-18.345224 33.707142
-32.545914 -15.024061
-18.217245 -30.724064
-18.145584 -28.202570
-18.621519 -32.585472
-0.465529 -3.767550
32.409580 1.852350
-2.027617 25.350155
-28.963558 -8.645330
-0.465529 -3.767550
35.081730 -3.428155
-0.465529 -3.767550
32.409580 1.852350
35.081730 -3.428155
32.409580 1.852350
-0.465529 -3.767550
32.409580 1.852350
-0.465529 -3.767550
32.409580 1.852350
-0.465529 -3.767550
32.409580 1.852350
-1.634857 -1.986743
32.409580 1.852350
35.081730 -3.428155
-12.526693 -64.169174
-36.675900 -18.728195
-28.839600 9.282341
-0.465529 -3.767550
-53.107151 9.969633
-30.224823 -16.123783
-12.628913 45.820877
-0.465529 -3.767550
-0.465529 -3.767550
-0.465529 -3.767550
32.409580 1.852350
32.409580 1.852350
-0.465529 -3.767550
-29.722874 6.332546
-26.813953 40.985786
-0.465529 -3.767550
-7.657309 42.214451
-0.465529 -3.767550
-0.465529 -3.767550
-43.146019 -32.425564
-8.939229 -67.956009
-17.402615 -28.804960
-46.161488 -38.989906
-0.465529 -3.767550
-0.465529 -3.767550
-29.722874 6.332546
-52.918316 11.769470
-12.510389 41.706364
-22.569967 39.495216
35.081730 -3.428155
-0.465529 -3.767550
-22.570120 39.494068
32.409580 1.852350
32.409580 1.852350
-29.301527 6.316903
-0.465529 -3.767550
32.409580 1.852350
-0.465529 -3.767550
-0.465529 -3.767550
35.081730 -3.428155
35.081730 -3.428155
-0.465529 -3.767550
-31.707651 -15.545583
-28.400494 9.404261
-76.089066 -4.878477
4.669162 30.796118
-28.963560 -8.645330
35.081730 -3.428155
-2.225756 25.139297
-18.492754 32.590656
-32.877911 -16.685286
32.409580 1.852350
35.081730 -3.428155
-17.432472 -28.836622
-0.465529 -3.767550
-19.277939 -35.973454
32.409580 1.852350
-43.147560 -32.425354
-0.465529 -3.767550
-22.697439 10.530493
-17.618288 35.738201
2.772174 32.862103
32.409580 1.852350
-0.465529 -3.767550
-0.465529 -3.767550
-0.465529 -3.767550
-3.103693 24.305544
32.409580 1.852350
9.981318 -28.063828
32.409580 1.852350
32.409580 1.852350
35.081730 -3.428155
-0.465529 -3.767550
-1.862644 -2.122257
32.409580 1.852350
35.081730 -3.428155
32.409580 1.852350
32.409580 1.852350
-34.673603 -5.046019
32.409580 1.852350
-0.465529 -3.767550
-0.465529 -3.767550
-0.465529 -3.767550
35.081730 -3.428155
-0.465529 -3.767550
-0.465529 -3.767550
35.081730 -3.428155
-36.675900 -18.728193
35.081730 -3.428155
32.409580 1.852350
35.081730 -3.428155
32.409580 1.852350
32.409580 1.852350
35.081730 -3.428155
32.409580 1.852350
-52.918308 11.769464
-26.810450 40.984432
-0.465529 -3.767550
32.409580 1.852350
-0.465529 -3.767550
-0.465529 -3.767550
-33.096088 -18.155357
-0.465529 -3.767550
-21.392609 -48.694000
-0.465529 -3.767550
-8.132755 42.156448
-4.113486 23.442894
35.081730 -3.428155
32.409580 1.852350
32.409580 1.852350
-0.465529 -3.767550
-0.465529 -3.767550
32.409580 1.852350
-34.843319 -6.893346
-28.963570 -8.645331
-4.783781 3.373653
-6.301956 -7.437563
35.081730 -3.428155
32.409580 1.852350
-32.127678 -15.076363
35.081730 -3.428155
-25.873363 6.815452
-10.334437 -67.004967
35.081730 -3.428155
-56.816311 -0.793203
32.409580 1.852350
35.081730 -3.428155
-34.673561 -5.046086
-33.096088 -18.155357
-0.465529 -3.767550
-34.004177 -14.215993
-56.816475 -0.793322
-0.465529 -3.767550
-10.971329 46.455990
-10.963001 46.515144
35.081730 -3.428155
-24.937761 9.001530
35.081730 -3.428155
35.081730 -3.428155
-7.054091 -5.437319
-7.492557 -2.061484
-67.653473 34.548744
-28.963568 -8.645330
-11.057026 46.635761
-8.654304 -0.562897
-7.306546 -0.881469
-67.654137 34.548775
-5.733002 -4.054752
-7.809198 0.771299
35.081730 -3.428155
32.409580 1.852350
-64.674515 -23.261454
35.081730 -3.428155
-6.661239 43.653095
35.081730 -3.428155
-26.812761 40.985207
32.409580 1.852350
-20.195436 -47.187366
-29.147535 7.245926
-0.465529 -3.767550
-2.417797 -2.874146
32.409580 1.852350
35.081730 -3.428155
35.081730 -3.428155
35.081730 -3.428155
-19.642311 -38.206268
32.409580 1.852350
32.409580 1.852350
32.409580 1.852350
32.409580 1.852350
35.081730 -3.428155
35.081730 -3.428155
35.081730 -3.428155
35.081730 -3.428155
35.081730 -3.428155
35.081730 -3.428155
-0.465529 -3.767550
32.409580 1.852350
-20.253635 -47.342655
-32.510120 -16.757059
-32.130703 -16.867279
-33.096088 -18.155357
-29.719126 6.337623
-0.465529 -3.767550
35.081730 -3.428155
-0.465529 -3.767550
35.081730 -3.428155
-0.465529 -3.767550
35.081730 -3.428155
-0.465529 -3.767550
35.081730 -3.428155
9.981293 -28.063826
-52.918297 11.769466
-19.002138 -34.567181
-18.267843 33.805229
0.863548 28.940718
-0.465529 -3.767550
-0.465529 -3.767550
-53.107140 9.969642
-4.029628 23.436783
-75.875076 -5.139812
-32.596539 -15.032611
35.081730 -3.428155
32.409580 1.852350
35.081730 -3.428155
-67.653946 34.548573
-0.465529 -3.767550
35.081730 -3.428155
32.409580 1.852350
35.081730 -3.428155
35.081730 -3.428155
35.081730 -3.428155
32.409580 1.852350
-3.142850 3.887193
-4.661442 0.174113
-0.465529 -3.767550
-34.004177 -14.215993
-56.816223 -0.793323
35.081730 -3.428155
-7.809198 0.771299
-5.670763 -4.608432
32.409580 1.852350
-26.813353 40.985405
-0.465529 -3.767550
-2.437615 -2.944472
32.409580 1.852350
-32.481987 -16.307972
-2.016700 -2.245136
35.081730 -3.428155
33.853096 -0.500122
-2.420285 -2.888707
-22.570246 39.494839
-43.147018 -32.425400
35.081730 -3.428155
-2.420462 -2.891266
35.081730 -3.428155
32.409580 1.852350
-29.111752 7.217600
-2.516677 -3.308074
-29.722874 6.332546
35.081730 -3.428155
-20.236008 -47.239826
-1.653209 -1.997444
-3.765685 -1.713515
32.409580 1.852350
-1.159360 -1.804005
-2.532446 -3.552269
35.081730 -3.428155
-12.514080 41.528629
-18.164915 -30.737553
-64.674812 -23.261473
-18.704798 -33.034668
-19.277842 -35.972019
-10.252853 -67.270638
35.081730 -3.428155
32.409580 1.852350
35.081730 -3.428155
-46.160465 -38.989765
-46.160465 -38.989765
32.409580 1.852350
-28.970884 6.642890
32.409580 1.852350
-17.652422 -29.273829
-46.161613 -38.989910
32.409580 1.852350
-29.997999 6.971739
32.409580 1.852350
-56.816490 -0.793333
-64.674843 -23.261444
-0.465529 -3.767550
-29.722874 6.332546
32.409580 1.852350
-39.543888 31.121721
-0.465529 -3.767550
-0.465529 -3.767550
35.081730 -3.428155
-31.790787 -16.669369
-11.155348 46.611637
35.081730 -3.428155
35.081730 -3.428155
-12.526720 -64.168716
32.409580 1.852350
35.081730 -3.428155
32.409580 1.852350
32.409580 1.852350
-32.938137 -16.626453
-33.359299 -16.456781
-0.465529 -3.767550
-0.465529 -3.767550
-67.654205 34.548931
-0.465529 -3.767550
32.409580 1.852350
-8.392962 42.100681
-19.277857 -35.973221
-10.513189 -67.252266
-0.465529 -3.767550
0.924104 28.268923
-0.465529 -3.767550
35.081730 -3.428155
-0.465529 -3.767550
-29.959656 7.008568
-0.465529 -3.767550
32.409580 1.852350
32.409580 1.852350
32.409580 1.852350
-10.955808 46.542721
35.081730 -3.428155
-10.356100 44.948025
32.409580 1.852350
32.409580 1.852350
-6.229351 43.023277
-29.624262 7.371408
-8.908447 -67.969284
-4.905430 22.962967
-0.465529 -3.767550
-0.465529 -3.767550
-39.862297 31.787836
-17.548737 35.950470
-0.465529 -3.767550
-0.465529 -3.767550
-30.224823 -16.123783
-0.465529 -3.767550
35.081730 -3.428155
32.409580 1.852350
35.081730 -3.428155
32.409580 1.852350
-0.465529 -3.767550
-39.401756 32.359287
-0.465529 -3.767550
-0.465529 -3.767550
-64.675438 -23.261368
-7.592343 44.549591
32.409580 1.852350
-75.875076 -5.139812
-0.465529 -3.767550
-25.923489 6.788188
-39.874535 31.774208
35.081730 -3.428155
-55.155987 8.478126
-1.760545 25.639341
-0.465529 -3.767550
-46.160465 -38.989765
32.409580 1.852350
35.081730 -3.428155
-32.519619 -15.765644
-35.054916 -8.606159
35.081730 -3.428155
-46.161465 -38.989914
-0.465529 -3.767550
-26.810987 40.984348
2.442467 31.851034
35.081730 -3.428155
32.409580 1.852350
-17.139311 -32.569740
-39.401756 32.359287
-0.465529 -3.767550
-0.465529 -3.767550
-0.465529 -3.767550
32.409580 1.852350
-52.918274 11.769444
-0.465529 -3.767550
35.081730 -3.428155
-22.569986 39.493935
-0.465529 -3.767550
-33.096088 -18.155357
35.081730 -3.428155
32.409580 1.852350
-0.465529 -3.767550
35.081730 -3.428155
35.081730 -3.428155
32.409580 1.852350
35.081730 -3.428155
32.409580 1.852350
32.409580 1.852350
-0.465529 -3.767550
32.409580 1.852350
32.409580 1.852350
-0.465529 -3.767550
35.081730 -3.428155
35.081730 -3.428155
35.081730 -3.428155
-32.140430 -16.858303
-34.843319 -6.893346
35.081730 -3.428155
32.409580 1.852350
-30.224823 -16.123783
32.409580 1.852350
-4.629799 42.748211
32.409580 1.852350
-0.465529 -3.767550
-0.465529 -3.767550
-0.465529 -3.767550
-17.746567 35.517792
35.081730 -3.428155
-64.675423 -23.261417
-26.810499 40.984440
-0.465529 -3.767550
35.081730 -3.428155
32.409580 1.852350
35.081730 -3.428155
35.081730 -3.428155
35.081730 -3.428155
32.409580 1.852350
-0.465529 -3.767550
32.409580 1.852350
35.081730 -3.428155
32.409580 1.852350
-10.334437 -67.004967
-0.465529 -3.767550
-0.465529 -3.767550
-0.465529 -3.767550
-0.465529 -3.767550
35.081730 -3.428155
35.081730 -3.428155
35.081730 -3.428155
-19.616451 -38.016796
-18.118853 34.312138
32.409580 1.852350
32.409580 1.852350
32.409580 1.852350
-19.792158 -47.422852
-11.566936 44.616367
-0.465529 -3.767550
35.081730 -3.428155
35.081730 -3.428155
35.081730 -3.428155
-19.804996 -47.461124
35.081730 -3.428155
32.409580 1.852350
35.081730 -3.428155
35.081730 -3.428155
35.081730 -3.428155
32.409580 1.852350
-0.465529 -3.767550
-0.465529 -3.767550
-0.465529 -3.767550
-0.465529 -3.767550
-35.055176 -8.606158
-0.465529 -3.767550
-0.465529 -3.767550
-6.661286 43.652138
-4.909712 42.919842
-0.465529 -3.767550
35.081730 -3.428155
35.081730 -3.428155
32.409580 1.852350
-0.465529 -3.767550
35.081730 -3.428155
-0.465529 -3.767550
-17.285515 39.144573
-21.126961 11.465588
32.409580 1.852350
-46.161480 -38.989906
32.409580 1.852350
-0.465529 -3.767550
-0.465529 -3.767550
35.081730 -3.428155
-19.792158 -47.422852
35.081730 -3.428155
-32.127529 -15.076401
32.409580 1.852350
35.081730 -3.428155
-52.918324 11.769472
35.081730 -3.428155
35.081730 -3.428155
32.409580 1.852350
-0.465529 -3.767550
-0.465529 -3.767550
35.081730 -3.428155
-53.106987 9.969629
32.409580 1.852350
32.409580 1.852350
35.081730 -3.428155
0.628368 30.415644
0.312369 28.879246
32.409580 1.852350
35.081730 -3.428155
35.081730 -3.428155
35.081730 -3.428155
35.081730 -3.428155
32.409580 1.852350
-23.347691 10.143212
32.409580 1.852350
35.081730 -3.428155
-12.526687 -64.168472
-12.526690 -64.168762
-19.865610 -47.164471
-0.465529 -3.767550
-10.513189 -67.252266
-19.429701 -49.483280
-14.789473 39.734840
2.847831 32.866695
-17.328863 36.408504
35.081730 -3.428155
32.409580 1.852350
35.081730 -3.428155
-32.519619 -15.765644
-75.846596 -4.883402
-17.700886 -28.766819
35.081730 -3.428155
35.081730 -3.428155
-76.089066 -4.878477
32.409580 1.852350
35.081730 -3.428155
35.081730 -3.428155
-0.465529 -3.767550
-18.554426 32.162754
-0.465529 -3.767550
-21.392609 -48.694000
-19.405207 -36.685585
-0.465529 -3.767550
32.409580 1.852350
-0.550207 -35.701832
-10.340465 44.938595
-11.159224 46.611874
-55.155861 8.478118
-0.465529 -3.767550
35.081730 -3.428155
-0.465529 -3.767550
-32.573837 -15.730168
35.081730 -3.428155
-0.465529 -3.767550
-3.857489 23.496618
32.409580 1.852350
32.409580 1.852350
-32.935707 -15.302605
32.409580 1.852350
32.409580 1.852350
32.409580 1.852350
-56.816620 -0.793325
-56.816570 -0.793274
-17.285929 39.143963
2.268416 30.814056
-4.075555 23.482111
35.081730 -3.428155
-19.615101 -38.008869
32.409580 1.852350
-0.465529 -3.767550
-19.333529 -49.661697
-18.581142 31.958622
35.081730 -3.428155
32.409580 1.852350
35.081730 -3.428155
32.409580 1.852350
-56.816551 -0.793326
-17.888226 -30.073229
-39.543888 31.121721
32.409580 1.852350
-0.465529 -3.767550
-0.465529 -3.767550
32.409580 1.852350
32.409580 1.852350
32.409580 1.852350
0.270959 28.918766
32.409580 1.852350
35.081730 -3.428155
-0.465529 -3.767550
-0.465529 -3.767550
-0.465529 -3.767550
-46.162281 -38.989880
-0.465529 -3.767550
-0.465529 -3.767550
32.409580 1.852350
-0.465529 -3.767550
-12.526817 -64.168144
35.081730 -3.428155
35.081730 -3.428155
32.409580 1.852350
32.409580 1.852350
32.409580 1.852350
35.081730 -3.428155
-75.846680 -4.883299
-4.661442 0.174113
32.409580 1.852350
4.847053 30.771658
4.847054 30.771666
-43.146442 -32.425564
35.081730 -3.428155
-52.918350 11.769474
32.409580 1.852350
-10.334437 -67.004967
35.081730 -3.428155
-2.862291 24.448658
-4.661442 0.174113
35.081730 -3.428155
-4.661442 0.174113
-4.661442 0.174113
35.081730 -3.428155
35.081730 -3.428155
-0.465529 -3.767550
35.081730 -3.428155
-7.580968 42.140320
-21.805935 11.078665
-17.507599 -28.980413
-31.819178 -15.227777
-31.718065 -15.475651
32.409580 1.852350
-32.935707 -15.302605
-0.465529 -3.767550
32.409580 1.852350
1.600268 32.974548
-0.465529 -3.767550
32.409580 1.852350
-10.252853 -67.270638
-18.199059 34.045177
-7.763915 -2.856799
32.409580 1.852350
-2.143941 25.226425
-34.673775 -5.046002
-8.725011 -3.296920
-31.798748 -15.251907
-10.956038 46.480156
32.409580 1.852350
35.081730 -3.428155
-8.444642 -4.349311
35.081730 -3.428155
32.409580 1.852350
32.409580 1.852350
32.409580 1.852350
-6.236432 42.539955
32.409580 1.852350
35.081730 -3.428155
-10.513189 -67.252266
32.409580 1.852350
35.081730 -3.428155
-67.653618 34.548752
32.409580 1.852350
-0.456374 1.901257
35.081730 -3.428155
-33.475349 -15.869006
35.081730 -3.428155
-2.231305 1.527765
-0.465529 -3.767550
-18.597431 -32.467255
35.081730 -3.428155
-5.861957 -2.493077
-55.155956 8.478101
-34.673561 -5.046086
32.409580 1.852350
32.409580 1.852350
32.409580 1.852350
-18.146051 -28.202496
-64.675423 -23.261417
-18.340828 33.708626
-30.224823 -16.123783
-34.673588 -5.046086
-0.465529 -3.767550
-0.465529 -3.767550
-0.465529 -3.767550
-0.465529 -3.767550
-0.465529 -3.767550
32.409580 1.852350
32.409580 1.852350
35.081730 -3.428155
32.409580 1.852350
35.081730 -3.428155
35.081730 -3.428155
0.920446 28.191399
-1.634234 -1.986445
-1.155668 -1.804510
35.081730 -3.428155
35.081730 -3.428155
35.081730 -3.428155
-1.879540 -2.134418
35.081730 -3.428155
-75.846680 -4.883299
-18.190079 -30.568321
35.081730 -3.428155
-0.465529 -3.767550
32.409580 1.852350
35.081730 -3.428155
32.409580 1.852350
-14.974685 39.542862
-11.165802 46.605984
35.081730 -3.428155
-32.505066 -15.022044
-0.465529 -3.767550
-28.963360 -8.645330
-11.166691 46.608788
35.081730 -3.428155
32.409580 1.852350
-74.856293 -4.853879
32.409580 1.852350
-40.658855 31.817165
-39.127129 31.917349
32.409580 1.852350
-28.970768 6.643240
-0.465529 -3.767550
35.081730 -3.428155
35.081730 -3.428155
32.409580 1.852350
32.409580 1.852350
32.409580 1.852350
-28.839600 9.282371
-29.997999 6.971739
-12.526731 -64.168938
35.081730 -3.428155
32.409580 1.852350
-32.877911 -16.685286
35.081730 -3.428155
-0.465529 -3.767550
-39.622272 32.516068
-20.195436 -47.187366
35.081730 -3.428155
-21.177050 12.044154
35.081730 -3.428155
32.409580 1.852350
-0.465529 -3.767550
-56.816231 -0.793309
35.081730 -3.428155
-0.465529 -3.767550
-0.465529 -3.767550
35.081730 -3.428155
-0.465529 -3.767550
-0.465529 -3.767550
4.847054 30.771662
-34.843983 -6.893352
3.869613 29.990284
35.081730 -3.428155
32.409580 1.852350
-76.089066 -4.878477
35.081730 -3.428155
35.081730 -3.428155
-19.664778 -38.425266
-55.155827 8.478090
35.081730 -3.428155
35.081730 -3.428155
-19.787294 -47.414028
35.081730 -3.428155
-24.973454 8.954946
-56.816441 -0.793325
-56.816204 -0.793324
35.081730 -3.428155
-11.151005 46.428120
-43.146782 -32.425381
-6.607472 -4.000850
-0.456374 1.901257
35.081730 -3.428155
4.847114 30.771620
35.081730 -3.428155
35.081730 -3.428155
-20.253635 -47.342655
-2.190096 -2.444024
-4.908179 42.863056
35.081730 -3.428155
-1.775365 -2.061923
-10.963477 46.497833
32.409580 1.852350
0.542659 29.962116
32.409580 1.852350
-2.429259 -2.919861
32.409580 1.852350
32.409580 1.852350
-12.526787 -64.169083
-32.464775 -15.800761
-2.190344 -2.444826
-18.755184 -33.187466
-2.531337 -3.528727
35.081730 -3.428155
32.409580 1.852350
-39.873749 31.776329
35.081730 -3.428155
35.081730 -3.428155
-2.530518 -3.570594
-1.157975 -1.803645
-16.883219 37.431900
-25.003557 8.916580
0.773413 28.861212
-1.151748 -1.801058
-1.631435 -1.984790
32.409580 1.852350
-0.550209 -35.702259
-26.810450 40.984417
-1.155647 -1.804514
-55.155819 8.478114
35.081730 -3.428155
-76.089066 -4.878477
35.081730 -3.428155
32.409580 1.852350
-1.157981 -1.803652
-7.962883 42.183849
-1.712237 -2.029685
-67.654190 34.548027
-64.674339 -23.261444
32.409580 1.852350
-30.224823 -16.123783
-1.165572 -1.806985
-19.415956 -36.693111
-64.674911 -23.261251
-2.133023 25.200302
32.409580 1.852350
-29.168892 7.246822
-40.195095 32.452282
-2.529641 -3.464336
-20.004356 -47.578300
-19.277809 -35.973339
-39.286377 32.233555
-39.286377 32.233555
-26.810452 40.984428
-9.532556 44.527119
-2.141513 -2.382987
35.081730 -3.428155
-2.483176 -3.101576
-28.963491 -8.645330
-16.785248 37.530945
-2.424474 -2.904052
-2.131115 -2.371443
35.081730 -3.428155
-39.401756 32.359287
-40.145340 32.233685
-43.146782 -32.425381
-1.615272 -1.977161
2.492409 32.846581
35.081730 -3.428155
-17.566813 -28.919199
35.081730 -3.428155
32.409580 1.852350
32.409580 1.852350
35.081730 -3.428155
-0.465529 -3.767550
35.081730 -3.428155
-0.465529 -3.767550
-40.492897 31.334040
-46.160465 -38.989765
-32.367100 -15.811422
-32.312115 -15.729188
35.081730 -3.428155
32.409580 1.852350
-26.810495 40.984444
-40.591835 32.106400
-0.465529 -3.767550
-0.465529 -3.767550
-0.465529 -3.767550
-25.163364 8.676584
-3.849490 23.424864
-26.810499 40.984440
-5.717726 43.605755
35.081730 -3.428155
32.409580 1.852350
32.409580 1.852350
-34.004177 -14.215993
-0.465529 -3.767550
-34.004177 -14.215993
-0.465529 -3.767550
-19.095114 -34.979458
-39.127129 31.917349
-26.813200 40.985397
35.081730 -3.428155
32.409580 1.852350
-67.653839 34.548809
35.081730 -3.428155
-19.277885 -35.973404
-0.465529 -3.767550
32.409580 1.852350
4.847124 30.771624
32.409580 1.852350
35.081730 -3.428155
35.081730 -3.428155
35.081730 -3.428155
-31.790787 -16.669369
-0.465529 -3.767550
35.081730 -3.428155
-10.956075 46.480251
-10.968205 46.460686
-10.513189 -67.252266
35.081730 -3.428155
32.409580 1.852350
35.081730 -3.428155
-76.089066 -4.878477
32.409580 1.852350
32.409580 1.852350
-0.465529 -3.767550
-0.465529 -3.767550
2.847897 32.866871
-32.846020 -15.296392
-32.123672 -15.781688
35.081730 -3.428155
32.409580 1.852350
-19.419964 -36.751896
-0.465529 -3.767550
-34.673344 -5.046003
-10.513189 -67.252266
-31.797745 -16.275642
-3.505042 23.940758
35.081730 -3.428155
-33.359299 -16.456781
-0.465529 -3.767550
35.081730 -3.428155
35.081730 -3.428155
-17.942911 35.034050
35.081730 -3.428155
-39.237759 31.418135
-0.465529 -3.767550
32.409580 1.852350
-0.465529 -3.767550
35.081730 -3.428155
0.312370 28.879227
35.081730 -3.428155
35.081730 -3.428155
35.081730 -3.428155
-1.705316 -2.025875
-0.465529 -3.767550
8.741200 -34.269650
-0.465529 -3.767550
-0.465529 -3.767550
8.741200 -34.269650
4.052178 -33.658749
-0.465529 -3.767550
-18.646069 -32.686604
32.409580 1.852350
35.081730 -3.428155
35.081730 -3.428155
35.081730 -3.428155
8.741200 -34.269650
7.069040 -32.857380
32.409580 1.852350
35.081730 -3.428155
8.741200 -34.269650
-55.155964 8.478115
-35.055012 -8.606159
-35.054661 -8.606159
-56.816616 -0.793192
35.081730 -3.428155
-52.918228 11.769430
8.741200 -34.269650
-0.465529 -3.767550
-35.055012 -8.606159
-32.510117 -16.757063
35.081730 -3.428155
1.052732 28.407244
-20.022310 -45.597736
32.409580 1.852350
35.081730 -3.428155
-17.285473 39.143631
-0.465529 -3.767550
-0.465529 -3.767550
-17.285513 39.145748
32.409580 1.852350
35.081730 -3.428155
35.081730 -3.428155
-19.278812 -35.974140
32.409580 1.852350
35.081730 -3.428155
-25.883755 6.723837
32.409580 1.852350
-10.513189 -67.252266
32.409580 1.852350
-0.465529 -3.767550
32.409580 1.852350
-17.139259 -32.570030
-6.334607 44.183876
-19.067394 -34.928806
-0.465529 -3.767550
35.081730 -3.428155
32.409580 1.852350
-0.465529 -3.767550
32.409580 1.852350
-0.465529 -3.767550
-10.513189 -67.252266
32.409580 1.852350
32.409580 1.852350
-0.465529 -3.767550
35.081730 -3.428155
35.081730 -3.428155
32.409580 1.852350
32.409580 1.852350
-64.675049 -23.261606
-23.678696 9.948918
-30.224823 -16.123783
35.081730 -3.428155
35.081730 -3.428155
-40.419952 32.408020
-34.967041 -16.214314
-0.465529 -3.767550
32.409580 1.852350
-15.980120 39.812710
-34.673351 -5.046085
-0.465529 -3.767550
32.409580 1.852350
-10.963389 46.496033
-5.489352 42.515423
-0.465529 -3.767550
32.409580 1.852350
32.409580 1.852350
-1.749928 25.620956
2.008859 28.647182
-0.465529 -3.767550
-0.987102 26.529482
-6.352738 45.845558
-12.526817 -64.168144
-1.753761 25.637642
-0.465529 -3.767550
-0.465529 -3.767550
35.081730 -3.428155
-28.998951 9.254460
-0.465529 -3.767550
1.151587 29.494413
-16.691574 37.772343
-2.323488 25.047655
32.409580 1.852350
-0.465529 -3.767550
-43.147526 -32.425522
35.081730 -3.428155
1.184380 31.556393
-0.465529 -3.767550
-43.146801 -32.425388
-27.439213 9.429985
-19.614912 -38.008251
35.081730 -3.428155
-29.722874 6.332546
-0.465529 -3.767550
-39.204678 31.495781
-0.465529 -3.767550
32.409580 1.852350
-46.161480 -38.989906
35.081730 -3.428155
32.409580 1.852350
-18.323105 -31.252792
32.409580 1.852350
35.081730 -3.428155
-12.628909 45.820225
-4.360468 23.342920
2.759008 33.266689
0.537572 28.364914
32.409580 1.852350
32.409580 1.852350
-0.465529 -3.767550
-0.465529 -3.767550
-29.301527 6.316903
35.081730 -3.428155
-0.465529 -3.767550
-28.983826 6.604915
-0.465529 -3.767550
-0.465529 -3.767550
35.081730 -3.428155
-10.965780 46.490772
-4.221194 23.573488
2.206331 30.608109
-0.465529 -3.767550
-19.416187 -36.694111
32.409580 1.852350
35.081730 -3.428155
32.409580 1.852350
-43.145988 -32.425465
-46.161488 -38.989906
-0.465529 -3.767550
32.409580 1.852350
-0.465529 -3.767550
-6.352714 45.845490
-10.445896 44.824524
-0.465529 -3.767550
0.355796 29.019220
32.409580 1.852350
-40.039474 31.052345
32.409580 1.852350
-0.465529 -3.767550
-2.200005 25.172047
-11.154123 46.429642
35.081730 -3.428155
32.409580 1.852350
32.409580 1.852350
-17.566004 -28.971077
-28.963568 -8.645330
35.081730 -3.428155
-0.465529 -3.767550
-0.465529 -3.767550
-40.658855 31.817165
35.081730 -3.428155
-0.465529 -3.767550
-64.674690 -23.261444
-0.465529 -3.767550
-0.465529 -3.767550
-2.198872 25.171921
-31.717514 -15.478459
35.081730 -3.428155
35.081730 -3.428155
32.409580 1.852350
-52.918152 11.769467
-0.465529 -3.767550
32.409580 1.852350
-34.843945 -6.893353
35.081730 -3.428155
-0.465529 -3.767550
32.409580 1.852350
35.081730 -3.428155
-21.161499 11.718852
35.081730 -3.428155
35.081730 -3.428155
32.409580 1.852350
32.409580 1.852350
-0.465529 -3.767550
-25.830284 6.816229
-11.566938 44.616417
-18.266058 -28.153316
-0.465529 -3.767550
-0.465529 -3.767550
32.409580 1.852350
-12.538650 44.196434
-0.465529 -3.767550
-10.334437 -67.004967
35.081730 -3.428155
35.081730 -3.428155
-0.465529 -3.767550
-0.465529 -3.767550
-28.839600 9.282371
-0.465529 -3.767550
-0.465529 -3.767550
-19.530281 11.230672
35.081730 -3.428155
4.847054 30.771664
-0.465529 -3.767550
-0.465529 -3.767550
32.409580 1.852350
-0.465529 -3.767550
-0.465529 -3.767550
35.081730 -3.428155
-31.790787 -16.669369
35.081730 -3.428155
0.962116 31.502911
-26.813200 40.985397
-12.677676 41.460213
-31.790787 -16.669369
-31.790787 -16.669369
-12.538044 44.287266
-36.675888 -18.728193
-18.271969 33.788078
-20.067415 -47.579208
32.409580 1.852350
32.409580 1.852350
-0.465529 -3.767550
32.409580 1.852350
-0.465529 -3.767550
35.081730 -3.428155
-29.979544 6.624247
-0.465529 -3.767550
-0.465529 -3.767550
-0.465529 -3.767550
-33.475567 -15.878904
-20.022308 -45.597992
-0.465529 -3.767550
32.409580 1.852350
32.409580 1.852350
2.174949 28.728531
-0.465529 -3.767550
35.081730 -3.428155
-56.816227 -0.793341
-33.472855 -15.871709
-33.475349 -15.869006
32.409580 1.852350
-0.465529 -3.767550
-17.285929 39.144402
32.409580 1.852350
-0.465529 -3.767550
-0.465529 -3.767550
-10.334437 -67.004967
32.409580 1.852350
35.081730 -3.428155
35.081730 -3.428155
-26.813345 40.985516
-67.653473 34.548744
-43.146534 -32.425426
32.409580 1.852350
35.081730 -3.428155
32.409580 1.852350
-21.149511 11.458131
-34.672844 -5.046019
32.409580 1.852350
-17.285517 39.143768
-0.465529 -3.767550
32.409580 1.852350
-0.465529 -3.767550
32.409580 1.852350
2.274553 30.133890
-0.465529 -3.767550
-25.919296 6.983478
-0.465529 -3.767550
-10.334437 -67.004967
32.409580 1.852350
0.304132 29.507769
-12.267968 44.349674
32.409580 1.852350
-2.254270 25.117050
-0.465529 -3.767550
-26.811024 40.984375
35.081730 -3.428155
-0.465529 -3.767550
32.409580 1.852350
-0.465529 -3.767550
35.081730 -3.428155
35.081730 -3.428155
-53.068607 9.879128
-33.096088 -18.155357
-0.465529 -3.767550
-1.937883 25.440317
-43.147198 -32.425232
-28.963428 -8.645331
-0.465529 -3.767550
-56.815891 -0.793329
32.409580 1.852350
-17.263607 -28.637045
-22.570179 39.494675
-0.465529 -3.767550
-29.959656 7.008568
35.081730 -3.428155
-11.161976 46.612949
-24.632675 9.212009
-0.465529 -3.767550
-0.465529 -3.767550
-6.334551 44.183861
-29.158144 6.388861
35.081730 -3.428155
-64.675423 -23.261417
-20.190500 -47.516994
-19.530281 11.230672
35.081730 -3.428155
32.409580 1.852350
35.081730 -3.428155
32.409580 1.852350
-18.497921 -31.976833
-19.240139 -35.714401
-5.075161 42.958725
-5.861957 -2.493077
-0.465529 -3.767550
-5.861957 -2.493077
-5.861957 -2.493077
-5.861957 -2.493077
-0.465529 -3.767550
-0.465529 -3.767550
-11.568508 44.615986
-40.419952 32.408020
-21.177050 12.044154
-52.918240 11.769449
32.409580 1.852350
32.409580 1.852350
32.409580 1.852350
-0.465529 -3.767550
-22.106577 10.825342
35.081730 -3.428155
32.409580 1.852350
-0.465529 -3.767550
32.409580 1.852350
32.409580 1.852350
-0.465529 -3.767550
-0.465529 -3.767550
-0.465529 -3.767550
8.741200 -34.269650
-18.190083 -30.568201
32.409580 1.852350
32.409580 1.852350
-0.465529 -3.767550
4.052178 -33.658749
32.409580 1.852350
-0.465529 -3.767550
-29.754396 7.313081
-10.962685 46.499481
32.409580 1.852350
-10.445915 44.825428
-0.465529 -3.767550
-29.770094 7.308934
-0.465529 -3.767550
-0.465529 -3.767550
-19.530281 11.230672
-39.180382 31.559084
-0.465529 -3.767550
2.847978 32.866577
-75.846680 -4.883299
-0.465529 -3.767550
32.409580 1.852350
8.741200 -34.269650
-5.457650 43.246838
-0.465529 -3.767550
35.081730 -3.428155
32.409580 1.852350
35.081730 -3.428155
-0.465529 -3.767550
-18.266045 -28.153229
-0.465529 -3.767550
-28.961966 7.011035
-0.465529 -3.767550
7.101323 -33.455437
-0.465529 -3.767550
35.081730 -3.428155
-34.004177 -14.215993
8.741200 -34.269650
-67.653870 34.548557
35.081730 -3.428155
35.081730 -3.428155
32.409580 1.852350
0.584895 29.883827
32.409580 1.852350
-0.465529 -3.767550
32.409580 1.852350
-0.465529 -3.767550
-0.465529 -3.767550
-0.465529 -3.767550
-0.465529 -3.767550
-0.465529 -3.767550
-64.675438 -23.261368
8.741200 -34.269650
-43.147655 -32.425533
5.796847 -31.209806
35.081730 -3.428155
4.052178 -33.658749
32.409580 1.852350
35.081730 -3.428155
35.081730 -3.428155
-76.110107 -5.121002
5.526068 -36.279091
5.526068 -36.279091
35.081730 -3.428155
-4.604996 23.181599
-21.185026 11.363380
-0.465529 -3.767550
35.081730 -3.428155
-29.624262 7.371408
-12.526685 -64.168915
-64.675438 -23.261368
-64.674316 -23.261452
-64.674431 -23.261440
8.741200 -34.269650
-18.190214 -30.567770
-0.465529 -3.767550
-7.910234 42.071159
-17.285511 39.144444
4.847054 30.771662
32.409580 1.852350
-0.465529 -3.767550
8.741200 -34.269650
-0.465529 -3.767550
8.741200 -34.269650
-52.918339 11.769473
-29.624262 7.371408
-3.614082 2.610057
-28.961966 7.011035
-76.110107 -5.121002
-22.179274 10.812474
35.081730 -3.428155
5.118351 31.063641
6.897735 -34.107250
6.948302 -34.036823
-4.661442 0.174113
32.409580 1.852350
-4.661442 0.174113
-3.142850 3.887193
5.758409 -32.828590
32.409580 1.852350
-4.661442 0.174113
-4.661442 0.174113
6.740345 -34.697414
-15.154387 39.451141
-39.872334 31.776237
2.220030 30.714598
8.741200 -34.269650
-76.089066 -4.878477
-19.904291 -47.554482
35.081730 -3.428155
-28.961966 7.011035
-4.661442 0.174113
-43.147675 -32.425652
-46.161453 -38.989876
-46.161594 -38.989902
32.409580 1.852350
32.409580 1.852350
35.081730 -3.428155
-4.661442 0.174113
-19.530283 11.230547
-43.147434 -32.425446
-10.334437 -67.004967
-4.661442 0.174113
-4.783781 3.373653
-32.265888 -15.805133
-15.039120 39.494556
-1.336643 26.073566
-31.757153 -16.120159
8.741200 -34.269650
32.409580 1.852350
-10.513189 -67.252266
-0.465529 -3.767550
-0.465529 -3.767550
32.409580 1.852350
35.081730 -3.428155
35.081730 -3.428155
32.409580 1.852350
0.128703 27.766459
32.409580 1.852350
-11.173674 46.455978
-56.816422 -0.793346
-6.741338 42.998867
35.081730 -3.428155
-19.404774 -36.685871
32.409580 1.852350
35.081730 -3.428155
-0.188796 3.571148
-76.111740 -5.119026
32.409580 1.852350
35.081730 -3.428155
-29.624262 7.371408
-16.652817 37.704967
35.081730 -3.428155
-17.505892 35.998856
35.081730 -3.428155
-75.875076 -5.139812
-26.810499 40.984440
35.081730 -3.428155
32.409580 1.852350
0.920446 28.191399
-8.107009 -5.520382
-7.395975 -4.419210
-34.967041 -16.214314
8.741200 -34.269650
8.741200 -34.269650
8.741200 -34.269650
-19.530283 11.230476
-55.155861 8.478119
-8.027553 -1.446414
-17.448160 -28.975811
-7.377010 -3.515891
-20.067415 -47.579208
33.000114 -0.910342
27.916302 -3.774844
8.741200 -34.269650
-18.249586 -30.970444
-1.544461 3.183889
35.081730 -3.428155
35.081730 -3.428155
35.081730 -3.428155
-2.231305 1.527765
-2.231305 1.527765
-17.090252 36.910213
-46.161488 -38.989906
6.868217 -34.553707
32.409580 1.852350
-20.004356 -47.578300
32.409580 1.852350
6.073637 -33.167706
-0.465529 -3.767550
-18.266052 -28.153322
-11.188286 46.571247
32.409580 1.852350
35.081730 -3.428155
-0.465529 -3.767550
-0.465529 -3.767550
6.899154 -34.093201
-0.465529 -3.767550
6.066386 -33.174477
5.911835 -33.429317
32.409580 1.852350
-20.195436 -47.187366
-12.526764 -64.168465
-6.237410 -6.112058
-0.465529 -3.767550
-35.054741 -8.606159
-22.339924 10.701176
32.409580 1.852350
-19.792158 -47.422852
-0.465529 -3.767550
-26.810450 40.984432
32.409580 1.852350
35.081730 -3.428155
35.081730 -3.428155
-32.510120 -16.757059
-6.334617 44.183655
-19.530283 11.230547
-19.860666 -47.168232
35.081730 -3.428155
-0.465529 -3.767550
-6.334615 44.183693
32.409580 1.852350
-39.238472 31.416632
-14.213448 40.171803
-0.465529 -3.767550
35.081730 -3.428155
-36.675888 -18.728193
32.409580 1.852350
4.847054 30.771664
2.219376 30.777100
32.409580 1.852350
-17.366085 36.328445
-4.661442 0.174113
-0.465529 -3.767550
32.409580 1.852350
-7.264638 -6.595200
-2.190083 -2.443988
-2.424319 -2.903445
6.028478 -34.437584
-2.190312 -2.444806
5.796847 -31.209806
5.796847 -31.209806
35.081730 -3.428155
5.796847 -31.209806
32.409580 1.852350
35.081730 -3.428155
-2.415774 -2.875378
4.052178 -33.658749
-2.190019 -2.444032
-1.155706 -1.804529
-1.155588 -1.804501
-0.465529 -3.767550
0.700018 30.408802
-0.465529 -3.767550
-18.961832 34.551697
-4.918106 43.020622
-0.465529 -3.767550
35.081730 -3.428155
-0.465529 -3.767550
35.081730 -3.428155
-0.465529 -3.767550
-0.465529 -3.767550
-21.101410 11.473026
-19.530283 11.230476
35.081730 -3.428155
-0.465529 -3.767550
35.081730 -3.428155
-0.465529 -3.767550
32.409580 1.852350
-28.970884 6.642890
8.741200 -34.269650
-0.465529 -3.767550
-0.465529 -3.767550
4.847054 30.771660
-0.465529 -3.767550
-32.280998 -16.294750
-40.658855 31.817165
-0.465529 -3.767550
-0.465529 -3.767550
-0.465529 -3.767550
-18.242292 -28.685614
-67.653885 34.548706
-40.039474 31.052345
-64.675438 -23.261368
-11.147372 46.619961
-0.465529 -3.767550
-0.465529 -3.767550
-64.674431 -23.261440
-0.465529 -3.767550
-11.188447 46.570190
-18.352846 33.590424
-18.269293 33.847321
35.081730 -3.428155
-24.632967 9.209679
-19.530283 11.230477
-0.465529 -3.767550
35.081730 -3.428155
35.081730 -3.428155
-22.570192 39.496052
-18.388691 -29.222418
35.081730 -3.428155
-24.925186 8.947735
-0.465529 -3.767550
-0.465529 -3.767550
32.409580 1.852350
32.409580 1.852350
-43.147358 -32.425545
-0.465529 -3.767550
-1.200856 26.223154
2.772175 32.862099
35.081730 -3.428155
32.409580 1.852350
-67.653778 34.548923
-6.289834 43.355034
-0.465529 -3.767550
-0.465529 -3.767550
35.081730 -3.428155
-0.465529 -3.767550
-0.465529 -3.767550
-0.465529 -3.767550
-0.465529 -3.767550
-0.465529 -3.767550
-0.465529 -3.767550
-28.963428 -8.645331
-16.580284 38.088085
35.081730 -3.428155
32.409580 1.852350
-76.089066 -4.878477
-27.439276 9.430094
6.757384 -34.696873
35.081730 -3.428155
32.409580 1.852350
-0.465529 -3.767550
-26.813433 40.985409
-26.814112 40.985714
-3.832718 23.445499
35.081730 -3.428155
-40.326385 32.462677
-11.196432 46.518398
5.911835 -33.429317
7.197541 -32.964848
-26.811369 40.984501
32.409580 1.852350
6.602400 -32.913139
6.465859 -33.714306
-0.465529 -3.767550
-17.285475 39.144630
-39.704365 32.525822
7.062590 -33.533298
6.899154 -34.093201
-75.846596 -4.883402
-0.465529 -3.767550
35.081730 -3.428155
35.081730 -3.428155
-55.155975 8.478121
-64.675797 -23.261436
-0.465529 -3.767550
35.081730 -3.428155
32.409580 1.852350
6.666384 -32.883545
35.081730 -3.428155
-19.904291 -47.554482
-18.556198 32.156288
32.409580 1.852350
-0.465529 -3.767550
-17.285517 39.144497
6.899154 -34.093201
-3.614082 2.610057
-76.111740 -5.119026
-0.550209 -35.702164
2.153040 30.608004
-10.513189 -67.252266
-46.161594 -38.989902
-29.979858 6.635763
-64.674797 -23.261457
6.743689 -34.698692
-0.465529 -3.767550
-22.168850 10.798870
8.741200 -34.269650
-17.285479 39.146683
32.409580 1.852350
8.741200 -34.269650
32.409580 1.852350
8.741200 -34.269650
32.409580 1.852350
0.916134 2.188939
-67.654144 34.548759
-0.825904 26.728970
32.409580 1.852350
35.081730 -3.428155
35.081730 -3.428155
-15.332644 39.363403
32.409580 1.852350
9.981318 -28.063828
-0.465529 -3.767550
-40.636147 31.613335
35.081730 -3.428155
-1.798828 -2.077706
-26.810318 40.984341
-55.155960 8.478093
32.409580 1.852350
-2.122071 -2.360311
-26.002869 6.947777
-21.345037 11.272059
-10.513189 -67.252266
-2.424358 -2.903545
-19.865610 -47.164471
35.081730 -3.428155
-1.861827 -2.121687
-2.190101 -2.444017
-16.883129 37.432198
-18.341021 33.708782
32.409580 1.852350
35.081730 -3.428155
35.081730 -3.428155
-2.190207 -2.444342
-20.253635 -47.342655
35.081730 -3.428155
35.081730 -3.428155
32.409580 1.852350
-31.757153 -16.120159
32.409580 1.852350
-39.873531 31.776325
-29.111752 7.217600
-18.341120 33.708664
-10.964951 46.493706
-26.810499 40.984440
-43.147514 -32.425423
2.186879 28.745506
-17.602497 -28.689539
-17.602732 -28.689425
32.409580 1.852350
-5.328959 43.126930
-55.156128 8.478118
-2.529989 -3.461628
-0.550207 -35.701698
2.863494 33.111553
-25.882290 6.829565
-2.424875 -2.904432
-2.468285 -3.041917
-2.531695 -3.560085
-2.072909 -2.310109
-1.157972 -1.803650
35.081730 -3.428155
32.409580 1.852350
-39.130959 31.834393
-10.334437 -67.004967
32.409580 1.852350
-46.161449 -38.989815
-1.162142 -1.805840
32.409580 1.852350
32.409580 1.852350
35.081730 -3.428155
32.409580 1.852350
35.081730 -3.428155
-56.816296 -0.793479
0.212897 29.004902
-1.634243 -1.986427
-46.160465 -38.989765
35.081730 -3.428155
-1.641779 -1.990570
-19.535208 11.229296
-19.661045 -38.375298
35.081730 -3.428155
-2.531393 -3.554528
-1.642356 -1.990331
-17.558477 -28.954945
35.081730 -3.428155
35.081730 -3.428155
35.081730 -3.428155
5.059330 30.960396
-2.532156 -3.540522
-18.755291 -33.187645
-2.532228 -3.541341
-2.256169 -2.544608
-34.004177 -14.215993
35.081730 -3.428155
32.409580 1.852350
-11.149500 46.428410
32.409580 1.852350
35.081730 -3.428155
-76.089066 -4.878477
-2.432819 -2.931568
-18.365599 33.435886
-15.161613 39.313625
-2.532442 -3.552080
-2.210578 -2.473885
35.081730 -3.428155
32.409580 1.852350
-12.526789 -64.168579
35.081730 -3.428155
-2.532184 -3.535377
-46.162090 -38.989872
35.081730 -3.428155
27.916302 -3.774844
-46.161449 -38.989910
27.916302 -3.774844
-7.592357 44.549599
-18.007717 -30.199909
1.013885 29.059065
27.916302 -3.774844
-21.392607 -48.693920
-19.815775 -47.225246
-14.424170 39.959751
-18.755779 -33.187897
-40.039474 31.052345
-56.816223 -0.793335
27.916302 -3.774844
27.916302 -3.774844
27.916302 -3.774844
27.916302 -3.774844
-39.863956 31.787415
-18.202301 -28.606787
-34.673656 -5.046085
-1.681911 -2.012906
-0.550207 -35.701698
-1.653179 -1.997400
-1.155671 -1.804510
-14.598476 39.880787
27.916302 -3.774844
-1.155637 -1.804515
27.916302 -3.774844
-4.016554 23.533346
-0.465529 -3.767550
-56.816490 -0.793333
-0.465529 -3.767550
6.743674 -34.698692
27.916302 -3.774844
-32.140430 -16.858303
-0.465529 -3.767550
-43.147861 -32.425434
-31.708961 -15.613671
-0.465529 -3.767550
27.916302 -3.774844
27.916302 -3.774844
-0.465529 -3.767550
-75.846680 -4.883299
-28.963587 -8.645331
27.916302 -3.774844
27.916302 -3.774844
27.916302 -3.774844
-29.719126 6.337623
-75.875137 -5.139853
7.101330 -33.455421
27.916302 -3.774844
-0.465529 -3.767550
0.549463 28.027184
9.981318 -28.063841
-32.935707 -15.302605
-0.465529 -3.767550
-0.465529 -3.767550
-0.465529 -3.767550
27.916302 -3.774844
27.916302 -3.774844
-26.812963 40.985214
-32.561413 -15.038325
-52.918350 11.769487
27.916302 -3.774844
-18.755625 -33.188179
-2.400664 24.967281
-32.935707 -15.302605
27.916302 -3.774844
27.916302 -3.774844
27.916302 -3.774844
27.916302 -3.774844
-0.465529 -3.767550
-0.465529 -3.767550
-29.212931 6.340382
-0.465529 -3.767550
-0.465529 -3.767550
-0.465529 -3.767550
-0.465529 -3.767550
-0.465529 -3.767550
-0.465529 -3.767550
27.916302 -3.774844
27.916302 -3.774844
-0.465529 -3.767550
-0.465529 -3.767550
-0.465529 -3.767550
27.916302 -3.774844
-30.020393 6.871792
-10.513189 -67.252266
27.916302 -3.774844
27.916302 -3.774844
-3.733661 23.800421
2.935468 33.026562
8.741200 -34.269650
5.844782 -34.028278
-11.162670 46.441593
-35.054661 -8.606159
5.844741 -34.028027
-27.439236 9.430024
6.028478 -34.437584
6.028478 -34.437584
-2.862291 24.448658
27.916302 -3.774844
5.796847 -31.209806
-0.465529 -3.767550
27.916302 -3.774844
-53.107079 9.969638
-26.813345 40.985535
-67.653877 34.548965
27.916302 -3.774844
27.916302 -3.774844
-0.465529 -3.767550
27.916302 -3.774844
-39.998081 32.545467
4.052178 -33.658749
-4.587934 23.163145
-0.465529 -3.767550
-0.465529 -3.767550
27.916302 -3.774844
8.001469 -31.030647
4.052178 -33.658749
27.916302 -3.774844
4.052178 -33.658749
-28.961966 7.011035
27.916302 -3.774844
27.916302 -3.774844
27.916302 -3.774844
1.169283 32.246326
27.916302 -3.774844
5.526068 -36.279091
5.526068 -36.279091
27.916302 -3.774844
27.916302 -3.774844
-0.465529 -3.767550
-15.979953 39.814323
-0.465529 -3.767550
-17.032539 37.108135
8.741200 -34.269650
-33.513622 -16.121931
-39.286377 32.233555
27.916302 -3.774844
-39.286377 32.233555
-40.508816 31.374067
-32.877911 -16.685286
27.916302 -3.774844
-0.465529 -3.767550
-0.465529 -3.767550
-2.271192 25.102129
-0.465529 -3.767550
-18.755518 -33.188084
-0.465529 -3.767550
-19.530283 11.230547
27.916302 -3.774844
2.879973 32.976830
-0.465529 -3.767550
8.741200 -34.269650
8.741200 -34.269650
27.916302 -3.774844
-20.195436 -47.187366
27.916302 -3.774844
-29.907137 7.175311
27.916302 -3.774844
27.916302 -3.774844
-52.918240 11.769449
-0.465529 -3.767550
27.916302 -3.774844
-30.224823 -16.123783
-0.465529 -3.767550
8.741200 -34.269650
27.916302 -3.774844
-0.465529 -3.767550
-25.906466 6.765792
-21.392731 -48.693920
27.916302 -3.774844
27.916302 -3.774844
5.911835 -33.429317
5.911847 -33.429276
-64.675438 -23.261368
-6.352764 45.845753
-0.465529 -3.767550
6.568331 -33.533360
27.916302 -3.774844
-0.465529 -3.767550
-0.465529 -3.767550
6.602400 -32.913139
6.743674 -34.698692
6.066386 -33.174477
-26.810450 40.984417
5.911835 -33.429317
27.916302 -3.774844
6.948302 -34.036823
7.199627 -32.964264
-11.057026 46.635761
-40.636147 31.613335
6.374229 -33.009758
-18.755154 -33.187672
-0.465529 -3.767550
27.916302 -3.774844
-0.465529 -3.767550
-26.813953 40.985764
-43.145748 -32.425373
-0.465529 -3.767550
7.067836 -33.529427
5.926606 -33.861713
7.197541 -32.964848
27.916302 -3.774844
27.916302 -3.774844
-0.465529 -3.767550
-26.813244 40.985428
-56.816589 -0.793337
27.916302 -3.774844
5.963095 -33.901249
2.847892 32.866871
-0.465529 -3.767550
-1.989665 25.386831
-0.465529 -3.767550
27.916302 -3.774844
-75.887398 -5.147481
-18.755760 -33.187557
-12.662000 41.448189
-0.465529 -3.767550
-28.970768 6.643240
-0.465529 -3.767550
27.916302 -3.774844
27.916302 -3.774844
6.897872 -34.101368
-0.465529 -3.767550
-0.465529 -3.767550
-55.155983 8.478101
-0.465529 -3.767550
-18.346849 33.585236
-28.970768 6.643240
6.465065 -33.727676
7.199627 -32.964264
6.899154 -34.093201
7.069602 -33.519745
27.916302 -3.774844
7.067836 -33.529427
1.530463 32.848774
6.337662 -33.025139
-0.465529 -3.767550
6.337662 -33.025139
27.916302 -3.774844
27.916302 -3.774844
-29.301527 6.316903
-33.096088 -18.155357
-43.147018 -32.425400
-0.465529 -3.767550
27.916302 -3.774844
6.602400 -32.913139
7.199627 -32.964264
27.916302 -3.774844
-0.465529 -3.767550
-0.465529 -3.767550
-0.465529 -3.767550
-34.004177 -14.215993
6.255295 -34.515560
27.916302 -3.774844
6.466991 -33.709053
27.916302 -3.774844
27.916302 -3.774844
-0.465529 -3.767550
-27.439262 9.430065
-34.780144 -10.088037
-0.465529 -3.767550
-33.096088 -18.155357
-0.465529 -3.767550
-0.465529 -3.767550
27.916302 -3.774844
27.916302 -3.774844
32.409580 1.852350
-0.465529 -3.767550
6.743674 -34.698692
-15.415792 39.230194
6.066380 -33.174480
27.916302 -3.774844
27.916302 -3.774844
27.916302 -3.774844
27.916302 -3.774844
-0.465529 -3.767550
-35.053936 -8.606159
8.741200 -34.269650
27.916302 -3.774844
8.741200 -34.269650
-67.654160 34.548534
-39.535919 31.125772
8.741200 -34.269650
-39.140949 31.746117
8.741200 -34.269650
8.741200 -34.269650
8.741200 -34.269650
8.741200 -34.269650
-0.465529 -3.767550
-76.089066 -4.878477
8.741200 -34.269650
-29.309713 6.314418
27.916302 -3.774844
27.916302 -3.774844
-2.880958 24.521338
27.916302 -3.774844
-16.931417 37.499229
-0.465529 -3.767550
27.916302 -3.774844
27.916302 -3.774844
-6.490593 43.143059
-18.198475 34.044693
27.916302 -3.774844
32.409580 1.852350
35.081730 -3.428155
8.741200 -34.269650
-0.465529 -3.767550
-0.465529 -3.767550
-29.301527 6.316903
32.409580 1.852350
32.409580 1.852350
-46.162605 -38.989811
-0.465529 -3.767550
32.409580 1.852350
35.081730 -3.428155
35.081730 -3.428155
32.409580 1.852350
32.409580 1.852350
6.028478 -34.437584
-7.592327 44.549568
32.409580 1.852350
35.081730 -3.428155
-67.653709 34.548767
6.028478 -34.437584
-18.621510 -32.585461
6.028478 -34.437584
32.409580 1.852350
-52.918255 11.769464
-27.439236 9.430024
-0.465529 -3.767550
5.796847 -31.209806
5.796847 -31.209806
-75.880981 -5.143676
-0.465529 -3.767550
35.081730 -3.428155
5.796847 -31.209806
5.796847 -31.209806
35.081730 -3.428155
35.081730 -3.428155
35.081730 -3.428155
-0.465529 -3.767550
4.052178 -33.658749
32.409580 1.852350
-0.465529 -3.767550
-0.465529 -3.767550
35.081730 -3.428155
-18.688097 -32.332432
-0.465529 -3.767550
35.081730 -3.428155
35.081730 -3.428155
32.409580 1.852350
35.081730 -3.428155
-0.465529 -3.767550
4.052178 -33.658749
-67.654144 34.548759
32.409580 1.852350
35.081730 -3.428155
35.081730 -3.428155
-0.465529 -3.767550
-20.190500 -47.516994
-0.550209 -35.702164
5.526068 -36.279091
-46.161545 -38.989906
-0.465529 -3.767550
-54.007568 10.013304
35.081730 -3.428155
-0.465529 -3.767550
-55.155861 8.478119
-40.319595 32.315689
5.526068 -36.279091
-26.814558 40.985977
-55.155975 8.478121
-17.507511 35.993996
32.409580 1.852350
-52.918339 11.769462
-32.140430 -16.858303
5.526068 -36.279091
5.526068 -36.279091
-10.334437 -67.004967
35.081730 -3.428155
-18.145746 -28.202684
32.409580 1.852350
5.526068 -36.279091
-20.236008 -47.239826
-0.465529 -3.767550
-40.492920 31.334072
-67.653877 34.548965
-67.653755 34.548653
-4.849472 42.942257
35.081730 -3.428155
32.409580 1.852350
-40.511356 31.656206
-4.966909 43.034897
-6.152734 43.904255
-41.868408 30.059687
-56.816441 -0.793325
32.409580 1.852350
-0.465529 -3.767550
35.081730 -3.428155
-0.465529 -3.767550
-0.465529 -3.767550
-0.465529 -3.767550
35.081730 -3.428155
32.409580 1.852350
-0.465529 -3.767550
32.409580 1.852350
8.741200 -34.269650
-0.550210 -35.702309
35.081730 -3.428155
32.409580 1.852350
-52.918129 11.769458
-31.730455 -16.073683
32.409580 1.852350
27.916302 -3.774844
-32.877911 -16.685286
-35.848392 -18.339237
-55.155991 8.478117
-46.161400 -38.989891
-6.352762 45.845615
-18.598232 -32.425163
-36.675892 -18.728195
2.847827 32.866913
-40.591835 32.106400
35.081730 -3.428155
-10.960766 46.521496
32.409580 1.852350
-40.659893 32.099682
32.409580 1.852350
-0.465529 -3.767550
-52.918232 11.769464
-20.190500 -47.516994
-0.465529 -3.767550
35.081730 -3.428155
32.409580 1.852350
-0.465529 -3.767550
-10.334437 -67.004967
-0.465529 -3.767550
-29.957243 6.566377
-0.465529 -3.767550
-5.457647 43.246525
32.409580 1.852350
-0.465529 -3.767550
-0.465529 -3.767550
-28.963432 -8.645330
-0.465529 -3.767550
35.081730 -3.428155
-56.816441 -0.793338
-0.465529 -3.767550
-0.465529 -3.767550
32.409580 1.852350
35.081730 -3.428155
35.081730 -3.428155
-75.875076 -5.139812
-34.673656 -5.046085
4.847054 30.771666
-46.160885 -38.989899
32.409580 1.852350
35.081730 -3.428155
32.409580 1.852350
-17.583260 -28.994650
35.081730 -3.428155
-11.194075 46.539089
35.081730 -3.428155
32.409580 1.852350
4.847054 30.771656
35.081730 -3.428155
-0.465529 -3.767550
35.081730 -3.428155
-19.429703 -49.483284
32.409580 1.852350
-19.743557 -39.265755
32.409580 1.852350
-29.319588 7.294630
-26.813242 40.985443
-22.570356 39.495094
-0.465529 -3.767550
32.409580 1.852350
32.409580 1.852350
2.682782 32.100788
-0.465529 -3.767550
-21.855650 11.009522
-0.465529 -3.767550
-0.465529 -3.767550
-0.465529 -3.767550
-0.465529 -3.767550
-0.465529 -3.767550
35.081730 -3.428155
6.602400 -32.913139
35.081730 -3.428155
32.409580 1.852350
-0.465529 -3.767550
5.924886 -33.852077
6.666075 -32.883667
-0.465529 -3.767550
-67.653870 34.548557
-15.161604 39.313576
-75.846680 -4.883299
32.409580 1.852350
7.069603 -33.519741
-10.445913 44.825390
-52.918137 11.769412
32.409580 1.852350
6.467297 -33.708282
6.868217 -34.553707
-34.726440 -5.717670
-0.465529 -3.767550
-10.334437 -67.004967
35.081730 -3.428155
7.066304 -33.527748
-0.465529 -3.767550
6.466991 -33.709053
32.409580 1.852350
-0.465529 -3.767550
-1.903602 25.477564
6.256180 -34.510712
6.897735 -34.107250
32.409580 1.852350
-18.035360 -30.390972
-11.145062 46.423840
-67.653885 34.548706
9.981294 -28.063826
-18.146191 -28.203115
-29.974346 6.632591
-30.019194 6.855109
6.740333 -34.697414
35.081730 -3.428155
-3.857127 23.312132
-0.465529 -3.767550
6.666384 -32.883545
-18.426023 33.047569
35.081730 -3.428155
-43.147125 -32.425373
35.081730 -3.428155
-26.811350 40.984497
35.081730 -3.428155
7.018326 -33.660759
-3.201050 24.251074
-0.465529 -3.767550
-0.465529 -3.767550
-29.971848 6.597517
-0.465529 -3.767550
-0.465529 -3.767550
32.409580 1.852350
-15.161538 39.313484
32.409580 1.852350
7.197541 -32.964848
-1.112706 26.326023
35.081730 -3.428155
-75.875076 -5.139812
-0.465529 -3.767550
7.201245 -32.974152
32.409580 1.852350
35.081730 -3.428155
32.409580 1.852350
32.409580 1.852350
-0.465529 -3.767550
-0.878505 26.656134
-67.655502 34.548820
-0.465529 -3.767550
-0.465529 -3.767550
35.081730 -3.428155
35.081730 -3.428155
-33.096088 -18.155357
2.759442 29.264946
-33.096088 -18.155357
-0.465529 -3.767550
7.198619 -32.964268
5.963095 -33.901249
35.081730 -3.428155
-43.147350 -32.425392
7.062590 -33.533298
6.740333 -34.697414
-11.567015 44.617527
5.911847 -33.429276
-0.465529 -3.767550
6.337662 -33.025139
6.066679 -33.174160
-19.008293 34.635361
32.409580 1.852350
-32.803150 -16.078905
6.948302 -34.036823
35.081730 -3.428155
-0.465529 -3.767550
-18.220484 -30.671427
-0.465529 -3.767550
6.740345 -34.697414
32.409580 1.852350
-29.959656 7.008568
6.440398 -33.833790
32.409580 1.852350
6.438937 -33.839329
-0.465529 -3.767550
32.409580 1.852350
-0.550208 -35.701962
-30.224823 -16.123783
-30.224823 -16.123783
6.256127 -34.508354
-18.431101 32.992138
32.409580 1.852350
35.081730 -3.428155
-34.004177 -14.215993
7.199627 -32.964264
-55.155479 8.478101
32.409580 1.852350
35.081730 -3.428155
32.409580 1.852350
8.741200 -34.269650
-0.465529 -3.767550
-0.465529 -3.767550
-29.158096 6.388889
35.081730 -3.428155
-0.465529 -3.767550
8.741200 -34.269650
-17.285931 39.143879
35.081730 -3.428155
8.741200 -34.269650
-39.237759 31.418129
-53.107162 9.969630
-0.465529 -3.767550
8.741200 -34.269650
32.409580 1.852350
-0.465529 -3.767550
32.409580 1.852350
-20.195436 -47.187366
8.741200 -34.269650
-0.465529 -3.767550
-0.550209 -35.702164
-40.492893 31.334042
-0.465529 -3.767550
-64.676498 -23.261221
8.741200 -34.269650
35.081730 -3.428155
32.409580 1.852350
-0.465529 -3.767550
32.409580 1.852350
35.081730 -3.428155
35.081730 -3.428155
8.741200 -34.269650
35.081730 -3.428155
-55.156128 8.478118
8.741200 -34.269650
2.554674 31.675783
-0.465529 -3.767550
-0.465529 -3.767550
8.741200 -34.269650
8.741200 -34.269650
8.741200 -34.269650
8.741200 -34.269650
4.052178 -33.658749
8.741200 -34.269650
1.421684 32.999020
-0.465529 -3.767550
35.081730 -3.428155
-0.465529 -3.767550
8.741200 -34.269650
8.741200 -34.269650
-75.875076 -5.139812
-29.801584 7.293799
-39.873531 31.776325
8.741200 -34.269650
-0.465529 -3.767550
-0.465529 -3.767550
-39.873531 31.776325
-0.465529 -3.767550
-17.432064 36.210938
-0.465529 -3.767550
8.741200 -34.269650
-0.465529 -3.767550
-40.256386 31.128141
8.741200 -34.269650
2.219376 30.777105
-33.096088 -18.155357
-6.334664 44.184071
32.409580 1.852350
8.741200 -34.269650
8.741200 -34.269650
-0.465529 -3.767550
35.081730 -3.428155
-12.526735 -64.168739
35.081730 -3.428155
8.741200 -34.269650
-56.816551 -0.793326
35.081730 -3.428155
8.741200 -34.269650
8.741200 -34.269650
-18.417425 33.169067
-39.300140 31.320965
8.741200 -34.269650
-12.607855 41.499844
35.081730 -3.428155
-55.155960 8.478120
35.081730 -3.428155
8.741200 -34.269650
32.409580 1.852350
35.081730 -3.428155
32.409580 1.852350
35.081730 -3.428155
8.741200 -34.269650
-8.939198 -67.955528
8.741200 -34.269650
8.741200 -34.269650
-5.491083 42.518749
-0.465529 -3.767550
8.741200 -34.269650
8.741200 -34.269650
10.049035 -27.956766
-0.465529 -3.767550
8.741200 -34.269650
8.741200 -34.269650
-28.961966 7.011035
5.844741 -34.028027
35.081730 -3.428155
-0.465529 -3.767550
35.081730 -3.428155
5.844741 -34.028027
32.409580 1.852350
35.081730 -3.428155
9.981293 -28.063826
32.409580 1.852350
32.409580 1.852350
6.028478 -34.437584
32.409580 1.852350
-0.465529 -3.767550
-21.164034 11.306018
5.796847 -31.209806
5.796847 -31.209806
-0.465529 -3.767550
-29.624262 7.371408
35.081730 -3.428155
5.796847 -31.209806
5.796847 -31.209806
32.409580 1.852350
5.796847 -31.209806
32.409580 1.852350
35.081730 -3.428155
32.409580 1.852350
5.796847 -31.209806
5.796847 -31.209806
32.409580 1.852350
32.409580 1.852350
5.796847 -31.209806
32.409580 1.852350
5.796847 -31.209806
-22.413002 10.686150
32.409580 1.852350
5.796847 -31.209806
-4.661442 0.174113
5.796847 -31.209806
32.409580 1.852350
4.052178 -33.658749
4.052178 -33.658749
32.409580 1.852350
-4.661442 0.174113
4.052178 -33.658749
-18.581015 31.958714
4.052178 -33.658749
-4.661442 0.174113
32.409580 1.852350
32.409580 1.852350
35.081730 -3.428155
35.081730 -3.428155
32.409580 1.852350
32.409580 1.852350
35.081730 -3.428155
32.409580 1.852350
-40.591846 32.106377
-4.661442 0.174113
35.081730 -3.428155
-4.661442 0.174113
-4.661442 0.174113
4.052178 -33.658749
8.001469 -31.030647
4.052178 -33.658749
4.052178 -33.658749
-3.473417 23.955656
-4.661442 0.174113
5.844741 -34.028027
-12.269158 44.363548
-4.661442 0.174113
4.052178 -33.658749
-4.661442 0.174113
4.052178 -33.658749
4.052178 -33.658749
4.052178 -33.658749
8.001469 -31.030647
4.052178 -33.658749
4.052178 -33.658749
8.001469 -31.030647
4.052178 -33.658749
4.052178 -33.658749
4.052178 -33.658749
4.052178 -33.658749
-67.653709 34.548767
4.052178 -33.658749
35.081730 -3.428155
-0.465529 -3.767550
-43.146862 -32.425434
-25.910435 6.894387
5.526068 -36.279091
-19.429703 -49.483284
-39.704365 32.525822
-0.465529 -3.767550
-31.730455 -16.073683
-0.465529 -3.767550
-33.248993 -15.556138
-33.359299 -16.456781
5.526068 -36.279091
-18.146193 -28.201815
32.409580 1.852350
35.081730 -3.428155
5.526068 -36.279091
-35.055340 -8.606159
5.526068 -36.279091
35.081730 -3.428155
5.526068 -36.279091
-17.285509 39.144463
-6.352761 45.845612
35.081730 -3.428155
32.409580 1.852350
35.081730 -3.428155
-7.132286 -0.110267
5.526068 -36.279091
35.081730 -3.428155
5.526068 -36.279091
5.526068 -36.279091
32.409580 1.852350
-46.160465 -38.989765
5.526068 -36.279091
-6.911836 1.677254
32.409580 1.852350
-10.513189 -67.252266
8.741200 -34.269650
8.741200 -34.269650
8.741200 -34.269650
32.409580 1.852350
-34.673576 -5.046002
35.081730 -3.428155
-29.168892 7.246822
32.409580 1.852350
-28.998953 9.254459
-21.871773 10.976605
-29.319588 7.294630
32.409580 1.852350
-21.905333 10.933507
4.847054 30.771662
-6.677214 2.715834
-5.861957 -2.493077
35.081730 -3.428155
-11.169174 46.604309
-55.155975 8.478123
35.081730 -3.428155
-19.420565 -36.751652
-0.456374 1.901257
35.081730 -3.428155
-34.672935 -5.046084
-1.600479 4.584906
-20.236008 -47.239826
35.081730 -3.428155
35.081730 -3.428155
-12.526693 -64.168686
-54.007523 10.013307
35.081730 -3.428155
-2.231305 1.527765
35.081730 -3.428155
-2.231305 1.527765
-56.816441 -0.793338
32.409580 1.852350
35.081730 -3.428155
-28.963701 -8.645331
-67.654152 34.548779
-67.653877 34.548965
-10.334437 -67.004967
-0.465529 -3.767550
3.609050 31.421524
35.081730 -3.428155
-3.923805 23.441479
-19.530281 11.230671
32.409580 1.852350
-43.146938 -32.425484
2.682566 32.100807
33.796124 -1.290544
-20.004356 -47.578300
-0.465529 -3.767550
-3.917126 23.380037
-0.465529 -3.767550
-5.861957 -2.493077
1.474787 32.641975
5.118357 31.063658
33.029469 -0.832996
-53.107113 9.969630
-2.529505 -3.461344
-19.277832 -35.973454
34.151524 -0.929056
-28.963556 -8.645329
33.375103 -0.615695
-5.163860 42.914143
