15.525817 -5.166859
20.297434 2.882968
25.769590 -4.238697
7.455673 6.865401
18.583006 3.381286
12.963553 3.218962
14.754426 0.381394
25.773729 -4.238698
15.536819 4.447287
20.299833 10.007708
23.196394 1.623410
13.795488 2.941132
26.363859 5.713627
18.296215 -5.549851
9.187799 -5.044865
18.348288 0.214895
2.608837 9.416767
11.571494 10.345351
12.603738 7.539772
17.481146 8.152176
23.558502 -1.295840
24.425072 7.515215
24.631369 -1.839088
11.914722 3.725077
15.121911 0.998048
12.590867 10.198554
22.961567 3.918576
19.200224 -1.444727
10.058532 -2.784098
14.180731 1.659094
19.810003 6.144792
18.692844 6.888782
13.795625 2.941427
23.196157 1.623371
18.296783 -5.549667
9.187337 -5.044878
2.608809 9.416893
12.603044 7.539764
11.571740 10.345346
17.480427 8.153782
24.425533 7.515253
24.631548 -1.839027
11.914875 3.725459
12.590856 10.198567
10.058532 -2.784107
23.196800 1.623424
19.174812 -0.316446
13.619082 2.909833
12.603590 7.539570
11.571995 10.345305
11.914755 3.725203
24.631420 -1.839033
11.912737 -2.826803
16.219513 3.191664
9.249211 0.913436
19.808666 6.144539
19.174900 -0.316572
13.619244 2.909903
12.604536 7.539416
11.915565 3.725255
11.913753 -2.826581
9.249246 0.913478
16.219467 3.192062
19.808437 6.144523
19.174753 -0.316430
13.619207 2.909961
12.603467 7.539481
11.914592 3.723872
16.218843 3.192085
9.249823 0.913431
19.809877 6.144746
16.644642 -6.370933
7.455342 6.865388
22.776270 -5.827391
7.455074 6.865364
25.769554 -4.238698
16.026968 1.815739
16.396923 -4.915091
14.398541 -7.714097
14.398422 -7.714111
22.776331 -5.827395
22.775911 -5.827394
22.776186 -5.827395
-10.851091 -37.750851
-11.850711 -37.930321
9.767725 9.044703
23.855812 14.508535
-11.728565 -37.594166
-10.832739 -37.942142
8.872242 8.859307
-11.482734 -38.410149
13.882960 12.990852
-11.761701 -37.644623
9.376567 4.901568
-11.383880 -37.419380
5.715837 11.912561
12.859842 -0.486714
-10.896579 -38.189770
25.769962 -4.238697
-11.103036 -38.376701
-11.510455 -38.399796
-11.799047 -38.133739
-11.793154 -38.147350
-11.835604 -37.814877
-11.835604 -37.814877
-11.105394 -38.377922
-10.923577 -37.637684
-11.512316 -38.399090
-10.917175 -37.652020
-10.896579 -38.189770
12.809127 4.697303
-11.701859 -37.563538
-11.364432 -37.415691
21.597218 4.419221
-11.095546 -37.474247
-11.512360 -38.399075
-11.799047 -38.133739
20.814774 3.821831
17.714325 -2.654038
-10.917175 -37.652020
-11.365515 -37.415779
-11.105394 -38.377922
11.493264 -5.078810
-11.799029 -38.133778
15.245210 4.538965
8.661819 8.879613
21.850004 2.979324
-10.856764 -38.089325
15.824616 -4.609601
16.463234 -6.558704
16.463833 -6.558675
-11.095506 -37.474274
-11.835604 -37.814877
-10.924638 -37.635132
-10.834039 -37.967030
28.849018 -0.423058
28.849451 -0.423056
24.312399 4.962668
14.697922 -4.060461
-34.518536 1.808942
13.309179 3.069849
-27.617617 0.924323
25.819933 -0.734039
-20.666876 -0.962990
22.485506 -3.112658
13.872923 2.677991
16.724840 -0.757605
9.817261 9.070868
23.835806 14.457063
26.037291 3.684636
12.621532 7.154537
15.843071 4.282189
-16.728167 -1.034051
4.336998 10.996514
-22.665140 -6.467152
20.034941 -4.647827
12.318001 -2.054008
9.815207 9.040547
14.431556 0.486637
19.876127 -10.117631
10.944874 5.716395
20.837406 0.602692
12.537407 17.225140
-27.654736 5.111847
10.464082 -3.623881
14.244982 -4.941353
-19.252934 1.027720
12.285799 -1.799636
-26.151506 -6.728390
-24.948574 -0.354243
12.107554 3.483222
19.876522 -10.117591
18.100897 1.623305
16.169855 8.867228
15.253250 6.286067
22.903500 3.980723
19.118570 14.466677
-30.092131 0.878585
17.196234 5.700447
26.330763 0.412365
4.127828 10.785354
13.217761 1.418502
17.618681 -0.121243
-23.164608 -1.166101
-11.513034 -38.398792
-11.799029 -38.133778
18.407679 5.241894
-23.829176 -5.260211
3.528870 11.118615
14.131428 -0.064098
-29.632885 -8.462340
-16.728167 -1.034051
21.319345 -3.663604
-26.151506 -6.728390
14.685941 0.540190
13.529575 3.900535
-26.249004 -1.082707
21.525091 -1.538358
39.456100 9.488976
8.935755 -1.181502
-27.038393 -8.721918
19.119003 14.466687
14.869925 4.051014
22.866610 5.832573
-22.471357 2.532364
10.022588 -0.692695
-20.735846 -4.396079
24.348963 10.001154
24.321129 10.005837
22.758610 -19.503313
24.356646 10.001322
24.354815 10.001912
17.565842 -1.501323
25.021027 -24.176151
24.365631 -23.820190
39.456814 9.489055
-29.632885 -8.462340
16.912310 6.230030
25.081816 -23.732086
24.774012 -24.278395
13.457972 -3.272268
-25.763863 1.636805
15.692340 7.699354
-30.769512 6.460180
-31.880047 -0.620257
22.758827 -19.503376
-23.164608 -1.166101
-25.024324 -1.303864
22.007044 -2.080003
25.992702 -0.535236
15.511857 5.724112
20.772596 -7.916249
22.758667 -19.503325
-26.343792 -0.309207
18.249500 -3.921615
-33.513985 -0.814420
13.391840 1.951449
24.605745 -23.529959
3.667365 11.109053
23.835600 14.456760
-31.114830 3.153444
16.471369 3.590280
8.701176 8.868686
-20.666876 -0.962990
4.960859 12.212926
20.263590 2.709824
-27.419004 -5.029462
-31.699213 -2.596332
-29.971041 -6.515084
24.365240 -23.896553
39.456585 9.488966
-27.951534 -1.670540
-24.141941 -7.232526
-30.092131 0.878585
3.528867 11.118617
24.367252 -23.840330
39.456650 9.489064
24.683115 -23.504475
20.870577 7.582202
-29.785582 7.734017
22.758665 -19.503345
39.456642 9.488944
5.234314 7.754313
-27.951534 -1.670540
9.772081 16.275633
-20.735846 -4.396079
-27.654736 5.111847
21.664185 13.439062
-27.951534 -1.670540
14.107642 5.500736
15.404844 4.349388
20.479721 0.234627
14.586980 -2.599497
22.758663 -19.503420
12.537419 17.224941
-11.105394 -38.377922
-24.020420 1.063028
-11.364932 -37.415730
-20.168776 2.869824
13.820647 8.040649
19.920588 6.426445
-30.092131 0.878585
9.282866 2.048683
-17.060747 -5.816289
14.434653 -2.681810
13.392025 -5.994441
18.274050 -1.488884
-35.154835 -1.253072
15.153187 1.766868
-26.005489 0.004396
17.593494 3.233199
-26.547182 -0.663755
14.924242 -2.332367
-25.655037 -1.682331
-26.116621 -0.048569
14.625669 2.707326
14.958779 2.557604
20.037075 -4.556593
-22.662037 -3.570689
-26.515638 8.383409
16.582399 -2.284701
20.408464 9.516229
-26.997816 3.143659
13.097630 0.935908
26.364536 5.713675
-24.947796 -0.355322
-20.168776 2.869824
4.424971 11.136600
11.624114 0.966012
13.984456 13.247473
15.426032 5.350732
-26.997816 3.143659
11.154345 -2.234219
-22.471357 2.532364
19.293648 -0.411415
-22.471357 2.532364
14.101861 1.558322
-28.040428 -6.764511
-16.728167 -1.034051
12.271410 4.902875
22.758720 -19.503344
16.166208 10.950530
-29.971041 -6.515084
-24.223642 -10.635617
12.719274 4.495368
-29.632885 -8.462340
-31.572802 -6.268351
12.537364 17.225197
-27.617617 0.924323
23.835140 14.456716
16.978260 2.219016
-32.938538 -4.052832
-28.040428 -6.764511
20.775898 0.528264
-25.703745 -4.947628
12.537372 17.225128
28.849346 -0.423054
5.016132 -0.541048
18.146084 -5.454063
18.715967 13.735023
-31.047827 -9.537841
7.803779 4.975987
-11.692157 -37.551113
-10.834039 -37.967030
25.935038 3.536592
4.853518 11.286175
-26.601585 -3.239154
-23.164608 -1.166101
4.765156 11.232459
7.360567 0.163527
19.321104 8.112969
23.835630 14.456965
23.835373 14.456586
-28.084295 7.238224
13.984553 13.247386
4.561784 10.749926
20.399033 1.678403
-19.252934 1.027720
9.771587 16.275650
22.135923 2.015917
14.497669 -2.642384
-31.114830 3.153444
-16.888590 0.999795
15.508060 3.501871
-21.296646 7.662571
16.524673 -2.036960
-27.617617 0.924323
-28.773926 -10.109212
-30.172764 -1.470623
11.600449 -2.161566
-24.805376 3.105954
18.844927 3.218894
19.984529 9.761230
12.537442 17.225130
-31.880047 -0.620257
24.774012 -24.278395
39.456612 9.488978
13.881073 -4.926422
-20.666876 -0.962990
15.012562 8.354884
-24.712259 5.422085
-24.020420 1.063028
24.529999 -23.570566
39.456871 9.489015
-33.447819 2.574373
-28.254162 -3.596235
-27.654736 5.111847
12.537410 17.225130
-24.688175 -3.182342
17.828880 10.439819
-26.546936 -0.664643
23.836020 14.457110
17.233727 -1.273760
-11.701662 -37.563320
-25.272808 0.000421
19.592876 2.502215
11.543850 4.950359
-24.973156 -0.325431
13.391335 -2.161774
13.984605 13.247629
-26.546797 -0.675682
-26.010902 -1.647682
-26.294088 -1.415146
-25.987604 0.021882
-25.404781 0.052812
7.363434 0.163567
-21.170738 -2.559662
24.774012 -24.278395
22.495960 -0.145199
-25.763863 1.636805
-25.703745 -4.947628
22.758827 -19.503376
39.456875 9.489061
14.685004 2.835871
15.184617 9.200336
-22.662037 -3.570689
20.690659 7.516852
-24.805376 3.105954
22.132122 2.174216
-29.785582 7.734017
-27.951534 -1.670540
11.149188 2.290360
-27.654736 5.111847
22.178682 10.162359
5.016176 -0.540965
6.297651 2.783236
-31.865499 -7.627601
14.473843 -0.385623
24.487970 -24.185503
-27.951534 -1.670540
24.487970 -24.185503
39.456871 9.488866
-22.471357 2.532364
15.547647 5.959919
4.507466 11.216480
15.344959 -3.470884
-22.471357 2.532364
-24.805376 3.105954
14.992177 -1.450060
19.118774 14.466659
15.700819 0.366851
24.683115 -23.504475
39.456772 9.488866
-29.631821 -2.982642
-18.638767 4.542621
-23.164608 -1.166101
11.668014 1.398006
-24.919926 -0.785962
-28.084295 7.238224
18.804718 7.283759
13.837626 3.633475
22.758724 -19.503342
39.456776 9.488951
17.837177 9.550523
-27.617617 0.924323
22.758738 -19.503334
-28.576099 -5.855505
12.884207 -3.660687
17.525835 -3.769341
-22.662037 -3.570689
23.835493 14.456820
5.016161 -0.541146
-24.688175 -3.182342
-26.601585 -3.239154
14.853268 6.587752
25.186029 2.787572
10.041191 -2.427498
-20.735846 -4.396079
17.380945 1.573041
20.142355 -6.043262
-11.383210 -37.419273
-31.114830 3.153444
13.263016 5.471460
17.446819 4.082650
-28.407383 8.752716
-31.880047 -0.620257
-22.542955 6.044240
12.537369 17.225185
-24.805376 3.105954
15.044795 2.791741
9.263042 4.962667
-29.631821 -2.982642
4.353646 11.078693
19.298286 8.104418
17.416208 -3.379474
-29.267944 6.402421
-26.601585 -3.239154
-27.617617 0.924323
12.630796 0.493580
-25.703745 -4.947628
-22.152693 -10.123976
-24.020420 1.063028
19.942287 6.181135
15.014336 -3.247907
16.653944 -3.289383
-19.114262 -2.559244
16.126358 -4.479468
-29.971041 -6.515084
-26.601585 -3.239154
21.496656 -3.726524
22.386482 0.486713
-24.141941 -7.232526
18.159847 -7.852546
24.365240 -23.896553
39.456928 9.489089
14.429250 2.400060
-11.490363 -38.406990
-23.164608 -1.166101
12.910210 4.239759
-20.168776 2.869824
-20.735846 -4.396079
-19.114262 -2.559244
-27.617617 0.924323
-17.739185 2.681257
5.156207 4.229269
-23.164608 -1.166101
19.027851 12.784106
16.413130 5.594704
18.715717 13.734965
16.197603 1.135381
-23.164608 -1.166101
19.098993 1.470355
14.768785 3.562057
14.461136 -0.500208
22.484467 7.800608
15.848807 2.674238
17.599226 -4.025057
-24.141941 -7.232526
25.081816 -23.732086
17.994049 -0.673476
-20.666876 -0.962990
21.522112 -1.650451
-22.542955 6.044240
-28.978832 3.052966
-11.490363 -38.406990
-24.805376 3.105954
19.537754 -2.139092
-21.258635 0.776987
13.984594 13.247568
25.081816 -23.732086
10.432402 1.653499
20.772522 -7.916237
-24.020420 1.063028
20.330492 2.221693
-25.151331 -1.479887
17.640322 3.439587
13.681658 -1.052072
-24.020420 1.063028
16.359987 0.836152
21.907158 -0.466913
-27.419004 -5.029462
17.849474 9.932025
25.081816 -23.732086
39.456638 9.488980
-18.638767 4.542621
12.537413 17.225138
16.929544 0.857040
-27.617617 0.924323
19.307421 5.270505
-29.380096 -4.684835
18.082359 1.611467
9.241366 2.124967
-27.617617 0.924323
20.168594 -3.022451
-26.038443 4.498597
4.455874 9.908491
-25.024427 -0.268644
15.413129 -1.471904
16.445621 6.613742
17.377003 -0.215166
13.984591 13.247539
6.297513 2.783244
21.396933 4.857258
16.016493 3.315811
13.435760 -1.594357
-25.037588 -1.355819
11.272731 0.126465
13.984443 13.247526
-24.920582 -0.791848
-26.097984 -1.601658
14.745890 1.521382
24.774012 -24.278395
-25.660496 -0.852603
26.331059 0.412365
4.609791 9.890724
18.160141 -7.852532
16.724701 2.538954
20.993954 -1.671472
-23.164608 -1.166101
15.742155 1.465263
-24.020420 1.063028
-29.631821 -2.982642
16.497847 1.162081
39.456100 9.488976
15.454286 7.103415
9.771991 16.275541
5.016145 -0.540846
10.037459 -0.630761
18.542313 -0.346077
-27.617617 0.924323
-22.662037 -3.570689
-26.515638 8.383409
-24.688175 -3.182342
8.948127 -1.168470
23.971016 2.202245
19.292263 4.628601
17.232496 2.751070
-23.380039 -9.282306
-20.168776 2.869824
-19.252934 1.027720
-27.951534 -1.670540
-23.164608 -1.166101
-27.951534 -1.670540
-22.470463 0.677390
13.036600 4.141711
12.689705 10.341801
-27.951534 -1.670540
15.260355 -0.293149
24.051952 14.155756
23.835140 14.456716
16.317039 2.829382
14.147771 6.588685
-27.038393 -8.721918
17.868862 10.624871
-22.201965 -5.467592
17.905592 4.152941
-27.038393 -8.721918
3.753805 10.755638
-25.108562 -9.027229
-23.078434 4.435269
4.610222 9.890695
-28.254162 -3.596235
18.607582 4.399538
28.849215 -0.423061
-31.699213 -2.596332
14.664639 5.906028
-26.194456 6.749428
-20.100481 5.907856
24.502077 -24.195278
-21.346149 4.488237
16.712473 -0.210927
-22.471357 2.532364
22.413166 7.724638
-22.471357 2.532364
13.147785 8.081145
-27.951534 -1.670540
3.716891 11.855680
-11.701662 -37.563320
15.558077 3.127502
22.300657 1.309757
25.648890 5.993206
28.849018 -0.423058
15.126781 5.876999
22.512337 -3.146684
24.614527 -23.526209
22.918308 4.048436
17.122648 1.335188
-24.952406 -0.989574
-24.020420 1.063028
16.115467 0.728741
3.388028 11.020595
3.388026 11.020595
14.778700 6.991606
20.102514 -2.863500
16.498837 2.209724
-23.164608 -1.166101
11.662663 6.897977
16.051344 5.247119
-26.038443 4.498597
22.178316 10.162419
-23.829176 -5.260211
17.926001 0.438260
-19.114262 -2.559244
-23.164608 -1.166101
-23.164608 -1.166101
14.577703 1.786892
13.813138 12.686926
20.144382 2.180309
5.069297 11.563636
-21.258635 0.776987
16.037600 1.500498
11.688434 3.491882
16.449692 -3.171023
10.226440 16.907631
5.156660 4.229297
13.226078 0.985456
-20.666876 -0.962990
10.225972 16.907427
24.365240 -23.896553
16.206970 -3.509577
-22.165564 -7.873562
14.872237 -0.236526
18.096365 1.729179
13.984498 13.247624
5.951024 10.559201
18.307434 1.478852
15.917865 5.868991
-23.164608 -1.166101
-24.688175 -3.182342
-31.663040 5.110775
13.782790 -3.508800
-28.254162 -3.596235
16.479963 5.223069
24.502077 -24.195278
39.456585 9.488899
11.655453 -3.845311
13.719794 4.821779
19.784527 -9.873994
16.410301 -1.604329
-29.380096 -4.684835
-28.989202 -0.351896
13.273552 5.916396
-25.763863 1.636805
-24.688175 -3.182342
-20.512531 -6.595213
19.019199 9.002054
18.264769 1.729710
20.671621 -0.391512
15.042224 -3.621310
20.232122 4.910338
16.872643 5.828987
-32.938538 -4.052832
19.659519 -1.572716
17.350924 3.558348
18.503981 6.174056
19.428440 2.319398
-17.303246 -2.947586
12.537358 17.225107
-26.151506 -6.728390
5.951019 10.558974
-30.092131 0.878585
6.240277 -3.878277
-23.829176 -5.260211
-27.617617 0.924323
15.710067 -2.717817
-27.654736 5.111847
17.079044 0.259759
-24.688175 -3.182342
-27.617617 0.924323
10.569479 12.439642
25.081816 -23.732086
16.922247 4.878064
-26.515638 8.383409
14.800364 10.269909
23.835936 14.456853
-21.170738 -2.559662
16.845167 2.549932
-23.829176 -5.260211
14.076136 1.229347
-35.204128 0.270634
11.424461 1.358118
-33.337311 -5.744301
12.537403 17.225060
-27.951534 -1.670540
-28.254162 -3.596235
6.462549 8.865609
-30.092131 0.878585
-31.354168 -4.783022
-22.542955 6.044240
-23.164608 -1.166101
13.099318 0.914527
15.797394 -0.738029
-29.894165 4.918742
6.240410 -3.878312
14.861825 10.125651
28.849354 -0.423055
-18.557199 -4.949394
-27.419004 -5.029462
16.901897 8.251670
17.870016 9.895327
-20.168776 2.869824
-22.165564 -7.873562
13.223980 6.073515
6.240361 -3.878455
-10.994704 -37.557667
-26.997816 3.143659
3.716891 11.855680
10.226179 16.907566
5.156476 4.229269
12.175116 -0.359850
5.559818 12.014397
-24.688175 -3.182342
24.605745 -23.529959
6.996307 11.787111
-25.763863 1.636805
11.202600 5.026364
19.976120 -1.530616
18.551235 2.764776
10.569740 12.439675
-29.894165 4.918742
-20.168776 2.869824
20.028511 13.844639
-30.092131 0.878585
22.178249 10.162414
13.984437 13.247527
-24.688175 -3.182342
10.226537 16.907505
12.207437 2.532730
-33.220776 5.498319
17.508251 5.146677
23.835775 14.456595
-18.557199 -4.949394
-21.258635 0.776987
13.212542 -2.531639
18.312199 5.133551
-24.020420 1.063028
-21.170738 -2.559662
-27.419004 -5.029462
20.733831 5.632662
-24.141941 -7.232526
3.716891 11.855680
-33.513985 -0.814420
22.178465 10.162405
-24.688175 -3.182342
-31.114830 3.153444
-23.164608 -1.166101
6.323862 2.738945
10.995467 0.651354
-17.739185 2.681257
-18.557199 -4.949394
-23.164608 -1.166101
-27.038393 -8.721918
-19.632072 -8.287097
-16.728167 -1.034051
-18.336578 -0.565764
-24.805376 3.105954
13.705314 2.600023
-24.688175 -3.182342
12.537370 17.225204
5.626196 -2.200776
15.655967 4.584032
21.549528 1.204996
-25.703745 -4.947628
9.105912 3.407294
17.368937 -1.562480
17.555071 0.412724
-29.380096 -4.684835
-31.699213 -2.596332
-26.601585 -3.239154
15.706968 4.414028
-26.997816 3.143659
-30.092131 0.878585
-22.165564 -7.873562
-16.964153 -4.132740
4.527565 10.939249
24.406559 -24.086781
9.856186 6.099800
-25.836439 -10.623075
-20.735846 -4.396079
21.556902 6.558181
-25.031639 -1.346065
18.840162 -0.962917
-29.380096 -4.684835
-23.164608 -1.166101
12.537421 17.225214
-21.346149 4.488237
6.403289 2.659184
19.766987 0.955976
21.699818 9.752280
-11.793154 -38.147350
-11.105394 -38.377922
21.663977 13.439009
16.423285 3.303357
14.120170 -3.723179
16.625818 0.448337
-27.951534 -1.670540
11.320343 3.341192
-26.151506 -6.728390
25.035753 2.703521
-24.688175 -3.182342
4.025639 11.251750
-24.712259 5.422085
-22.542955 6.044240
-27.617617 0.924323
17.363178 8.367522
-24.688175 -3.182342
24.529999 -23.570566
-24.141941 -7.232526
15.508380 6.728279
23.013269 5.826561
-26.601585 -3.239154
-19.114262 -2.559244
-27.419004 -5.029462
25.081816 -23.732086
-24.805376 3.105954
-28.978832 3.052966
-27.654736 5.111847
16.063612 -0.632505
-24.383484 7.470079
-26.543421 -0.692073
19.064592 3.443921
-25.660486 -0.852770
4.849144 10.230908
16.044538 -0.690305
-25.028057 -1.334375
-26.546478 -0.684442
-26.322714 -0.286821
-25.509745 0.036293
24.774012 -24.278395
21.863176 -1.214037
15.498898 6.085533
-25.660463 -0.852850
24.367815 -23.834188
-26.185717 -1.246559
8.261319 10.813305
14.793099 0.788251
6.240252 -3.878288
12.969842 -4.652604
-25.316124 0.014146
-25.445526 0.062344
14.871057 9.625477
-25.715057 -0.622332
-26.340464 -0.301435
-26.392696 -1.136691
-24.920906 -0.794108
-25.980572 -1.556246
16.627792 5.932988
-25.032633 -1.343983
-25.664782 -1.684920
-25.665493 -1.685730
-26.020514 -0.012141
-26.021343 -0.007242
-25.026203 -0.257195
-26.502720 -0.492216
13.391263 -4.387636
-25.664621 0.409558
-26.001736 0.008927
-25.714979 -0.624175
19.119156 14.466668
-24.920576 -0.791791
-25.932186 0.091559
-25.731913 -0.766759
-25.629929 -0.988201
-26.053499 -1.630832
-26.225803 -1.365880
-25.384352 -1.598434
-26.516541 -0.686389
-25.621075 -0.991380
-24.948978 -0.352548
11.191743 0.001306
-25.710785 -0.636477
-25.383303 -1.598091
-25.660484 -0.852683
-24.949318 -0.975191
-26.339237 -0.303266
-26.236246 -1.218282
-24.921080 -0.784392
-25.392284 -1.597404
-26.544479 -0.651761
-26.012285 -0.001910
12.985704 -0.553160
-25.490118 0.030961
-25.472946 0.067915
-26.399378 -1.113361
-26.336142 -0.297079
11.180983 4.428896
-24.947548 -0.356022
-25.357288 -1.589586
-25.984365 -1.676980
-25.714983 -0.624167
-26.396675 -1.129227
-25.502708 0.034171
16.383617 -2.986306
-26.000351 -1.670426
12.172095 7.919472
11.956143 1.692983
-25.670124 -1.683545
20.142340 -6.043235
-10.896579 -38.189770
-11.095539 -37.474251
-11.383210 -37.419273
-29.631821 -2.982642
-23.164608 -1.166101
-28.978832 3.052966
-26.230423 -1.354031
-24.998724 -0.273269
-25.347788 -1.587347
-25.432888 0.031886
-26.601585 -3.239154
-22.930914 7.739783
-23.829176 -5.260211
-24.688175 -3.182342
-24.712259 5.422085
-27.419004 -5.029462
-24.841450 8.870327
-29.307093 -0.542582
-32.735607 4.316878
-27.951534 -1.670540
16.893898 7.808567
-29.894165 4.918742
-25.703745 -4.947628
-29.380096 -4.684835
23.402664 2.070725
-24.688175 -3.182342
21.272905 -3.897929
19.168257 -3.630676
-23.164608 -1.166101
13.140423 -2.733740
-31.354168 -4.783022
-21.258635 0.776987
-26.601585 -3.239154
-23.164608 -1.166101
22.082798 -0.315408
-30.092131 0.878585
19.168634 1.030174
25.990654 3.635747
-22.662037 -3.570689
4.410697 10.305010
-27.617617 0.924323
12.341860 2.417548
-31.865499 -7.627601
19.119423 14.466682
15.010333 1.958085
25.081816 -23.732086
39.456654 9.488998
-26.997816 3.143659
-27.951534 -1.670540
-23.164608 -1.166101
17.492298 2.526235
9.473767 3.731409
5.059231 10.793022
-31.354168 -4.783022
-27.951534 -1.670540
-26.601585 -3.239154
19.466272 1.351790
-27.951534 -1.670540
-33.670071 -2.594535
-33.337311 -5.744301
11.607797 -3.710420
4.076990 11.196225
-19.114262 -2.559244
10.738631 5.767538
-22.470463 0.677390
-31.354168 -4.783022
-29.380096 -4.684835
16.751949 2.032016
9.710649 5.865224
17.804533 -1.843558
-17.739185 2.681257
-26.151506 -6.728390
15.172124 3.456481
-31.699213 -2.596332
14.211214 5.231821
-18.336578 -0.565764
-27.951534 -1.670540
-30.172764 -1.470623
-33.670071 -2.594535
20.921396 1.956173
-34.210941 3.835968
-27.038393 -8.721918
-23.164608 -1.166101
-32.229645 6.744020
-29.380096 -4.684835
-26.997816 3.143659
9.913786 6.768536
-24.712259 5.422085
17.719345 6.319829
-25.039328 -1.338136
10.062562 9.100737
-25.748198 -0.743517
-26.997816 3.143659
-33.670071 -2.594535
17.136856 7.088229
-23.078434 4.435269
19.552519 0.592804
-25.763863 1.636805
21.883841 2.914587
-22.662037 -3.570689
-33.764160 0.510455
-32.428265 1.279344
17.205378 2.320814
-24.020420 1.063028
13.862794 0.842309
-10.832356 -37.941444
-20.735846 -4.396079
-26.601585 -3.239154
-17.739185 2.681257
19.119089 14.466680
-30.092131 0.878585
16.261024 -4.673269
11.334556 -5.233798
14.888905 10.133225
20.053926 13.895229
-30.790434 -3.654460
15.324000 -5.558542
-34.210941 3.835968
-23.338341 8.819508
13.668032 6.917215
23.780752 0.212616
16.306219 0.637653
14.267277 -1.223076
15.631521 6.625212
-22.471357 2.532364
15.506479 9.111207
-20.100481 5.907856
-21.346149 4.488237
15.883352 5.389812
15.669624 8.045105
-22.471357 2.532364
-21.346149 4.488237
-22.471357 2.532364
17.724855 5.921731
-20.100481 5.907856
-22.471357 2.532364
-26.328514 2.412724
6.240262 -3.878483
-26.194456 6.749428
6.240361 -3.878370
5.626377 -2.200886
-32.792728 3.179880
-23.078434 4.435269
24.487970 -24.185503
17.814560 6.867743
20.382666 4.038141
-22.471357 2.532364
-26.194456 6.749428
-20.100481 5.907856
-22.471357 2.532364
-22.471357 2.532364
-22.471357 2.532364
11.601012 -2.649322
-31.114830 3.153444
-24.020420 1.063028
22.758717 -19.503340
22.758612 -19.503368
-32.428265 1.279344
5.157009 4.208769
-23.164608 -1.166101
24.312935 4.962680
-24.688175 -3.182342
3.528852 11.118618
19.021103 8.781308
-20.735846 -4.396079
9.796925 9.063315
13.002039 1.028067
-23.164608 -1.166101
-23.164608 -1.166101
14.218978 4.336841
-25.703745 -4.947628
12.537372 17.225191
18.142500 0.851372
39.456490 9.489001
-26.411856 -1.062725
-11.105394 -38.377922
14.755852 8.742060
-24.897501 -0.621360
-27.617617 0.924323
-28.978832 3.052966
-22.662037 -3.570689
-23.829176 -5.260211
10.966386 7.108759
17.885008 10.765217
-31.699213 -2.596332
-31.880047 -0.620257
-26.601585 -3.239154
-30.172764 -1.470623
19.891853 3.224788
-24.020420 1.063028
-28.351349 -8.006968
-27.617617 0.924323
10.569761 12.439618
-24.020420 1.063028
-20.512531 -6.595213
-23.164608 -1.166101
-24.688175 -3.182342
13.447977 -4.487597
15.399585 -3.207112
14.396805 5.315484
-24.688175 -3.182342
15.166191 -0.818091
-21.258635 0.776987
-20.735846 -4.396079
-31.880047 -0.620257
-24.712259 5.422085
-22.201965 -5.467592
13.353658 2.686240
21.497849 4.437000
-23.829176 -5.260211
-22.028929 -6.333217
-30.523117 -3.419927
-29.971041 -6.515084
25.011587 -24.183859
39.456944 9.488916
-27.654736 5.111847
25.081816 -23.732086
-23.164608 -1.166101
22.758715 -19.503332
11.869371 -0.586269
-27.617617 0.924323
4.077125 10.483885
18.019838 -3.366890
-20.512531 -6.595213
-28.254162 -3.596235
26.331167 0.412366
14.024523 6.325928
13.906573 4.452136
-27.951534 -1.670540
6.708265 10.257902
14.872088 10.159245
-28.978832 3.052966
-20.168776 2.869824
-24.688175 -3.182342
-27.373650 -10.601620
-30.172764 -1.470623
17.355436 4.507292
21.930790 2.117344
-30.172764 -1.470623
-26.151506 -6.728390
-25.108562 -9.027229
15.580274 9.528555
-27.951534 -1.670540
17.502911 3.927056
-27.617617 0.924323
15.566349 9.503353
-24.383484 7.470079
-24.688175 -3.182342
16.810749 1.861628
-16.888590 0.999795
-30.092131 0.878585
-25.763863 1.636805
-24.805376 3.105954
15.449465 2.883046
-21.170738 -2.559662
-30.092131 0.878585
19.951803 9.601950
13.136657 4.083408
7.464557 -44.250866
19.826845 -4.452598
19.794390 -1.827042
18.429409 0.719466
6.938680 -44.939819
-27.951534 -1.670540
7.278151 -44.864761
19.119898 14.466657
-27.654736 5.111847
6.559256 -44.432613
-27.617617 0.924323
15.861876 2.183196
-26.997816 3.143659
4.857731 11.363585
14.476131 4.745383
7.202693 -44.006336
13.361465 -0.158278
6.569016 -44.410439
-32.428265 1.279344
-20.512531 -6.595213
13.074656 8.176830
12.537966 -0.943882
-19.114262 -2.559244
22.420088 7.760018
28.849474 -0.423040
28.849096 -0.423061
-35.496361 -2.576075
13.778019 8.462623
-27.951534 -1.670540
-24.020420 1.063028
15.704659 1.263692
17.110977 -3.122907
-24.688175 -3.182342
16.049541 -1.665767
-28.040428 -6.764511
-19.252934 1.027720
-21.057602 -9.202240
-16.130981 -2.957912
-25.703745 -4.947628
-26.151506 -6.728390
8.932064 1.320077
7.203157 -44.006855
7.278151 -44.864761
25.011980 -24.182934
10.569653 12.439653
-27.617617 0.924323
6.942593 -43.999043
-30.092131 0.878585
13.372762 -5.824095
-30.092131 0.878585
-27.654736 5.111847
19.264141 14.088587
-24.141941 -7.232526
-35.204128 0.270634
-20.666876 -0.962990
6.942593 -43.999043
13.356508 -5.589211
-33.337311 -5.744301
-27.654736 5.111847
18.583378 4.436247
7.211068 -44.010479
16.111944 -1.822309
-30.172764 -1.470623
25.015839 -24.181053
39.456673 9.488973
-18.336578 -0.565764
-18.638767 4.542621
-20.666876 -0.962990
5.559820 12.014395
6.590745 -44.731720
-23.164608 -1.166101
6.578434 -44.711967
7.464557 -44.250866
6.600557 -44.241394
-28.989202 -0.351896
-24.805376 3.105954
19.265583 14.088564
16.196287 3.736997
19.363628 0.943195
-24.020420 1.063028
14.446837 2.253200
6.600557 -44.241394
-23.380039 -9.282306
-30.092131 0.878585
-24.141941 -7.232526
-27.951534 -1.670540
6.938680 -44.939819
-24.020420 1.063028
-22.662037 -3.570689
-24.805376 3.105954
-31.663040 5.110775
-27.617617 0.924323
6.938680 -44.939819
-28.978832 3.052966
11.862908 4.988446
-29.894165 4.918742
-23.164608 -1.166101
-24.020420 1.063028
6.750550 -44.072124
-25.763863 1.636805
-24.712259 5.422085
6.942593 -43.999043
18.186167 -2.592090
-24.805376 3.105954
6.750550 -44.072124
-19.334385 -0.411841
-30.092131 0.878585
-30.769512 6.460180
16.191162 -4.684825
6.584914 -44.723957
11.282652 6.979693
-19.632072 -8.287097
7.266329 -44.872719
-27.617617 0.924323
7.484252 -44.540554
6.938680 -44.939819
-33.337311 -5.744301
-25.763863 1.636805
15.400960 9.103982
3.528852 11.118618
-31.865499 -7.627601
19.265131 14.088617
-23.829176 -5.260211
10.542476 2.961090
-24.712259 5.422085
17.315823 7.781852
-27.951534 -1.670540
-33.513985 -0.814420
-29.632885 -8.462340
19.864229 9.976897
-18.557199 -4.949394
-31.114830 3.153444
6.938680 -44.939819
-26.601585 -3.239154
-26.997816 3.143659
8.775295 3.402706
12.439981 5.709102
-21.258635 0.776987
-28.978832 3.052966
4.341008 10.455428
-27.951534 -1.670540
7.414073 -44.714947
25.483761 3.000904
-24.020420 1.063028
15.798647 0.518998
13.419483 -0.798186
-23.164608 -1.166101
-19.252934 1.027720
14.038441 4.153901
-19.114262 -2.559244
6.600557 -44.241394
-23.164608 -1.166101
-23.829176 -5.260211
25.015839 -24.181053
39.456814 9.489055
-27.654736 5.111847
6.578434 -44.711967
-25.763863 1.636805
21.474472 6.497109
18.161612 -1.928273
-21.296646 7.662571
14.601610 4.156107
-34.815304 -4.205082
6.938680 -44.939819
19.509512 -2.251753
12.753677 1.976671
-27.617617 0.924323
7.464557 -44.250866
-22.542955 6.044240
6.578434 -44.711967
7.211068 -44.010479
9.047450 0.652721
-26.151506 -6.728390
-24.805376 3.105954
-28.978832 3.052966
-20.735846 -4.396079
-28.254162 -3.596235
-28.040428 -6.764511
-24.712259 5.422085
12.569351 6.634822
-22.662037 -3.570689
11.904045 -1.835521
9.627147 5.899805
-32.428265 1.279344
-25.703745 -4.947628
-24.805376 3.105954
-24.805376 3.105954
4.070629 11.203773
7.464557 -44.250866
6.750550 -44.072124
26.260555 0.614941
25.021027 -24.176151
39.455975 9.488871
-30.172764 -1.470623
-28.978832 3.052966
25.649240 5.993203
6.951231 -43.997692
-27.617617 0.924323
-29.971041 -6.515084
16.150980 6.732587
18.798811 7.880242
-32.428265 1.279344
7.414073 -44.714947
-27.617617 0.924323
17.698515 4.044523
-24.712259 5.422085
-25.108562 -9.027229
17.873131 3.051476
4.816843 11.428117
18.776550 7.557325
24.683115 -23.504475
39.456894 9.488929
7.484213 -44.540760
15.453299 -1.640320
7.195910 -44.003712
15.922793 2.857614
21.040140 5.125889
-18.422165 -6.880334
-30.092131 0.878585
-20.666876 -0.962990
-27.951534 -1.670540
6.559256 -44.432613
-27.951534 -1.670540
-27.419004 -5.029462
24.367815 -23.834188
19.967190 1.649279
4.712899 10.801836
7.485051 -44.536457
6.559256 -44.432613
-22.165564 -7.873562
-20.512531 -6.595213
7.464557 -44.250866
-30.172764 -1.470623
-31.114830 3.153444
6.578434 -44.711967
-33.670071 -2.594535
13.003675 6.019103
-23.164608 -1.166101
7.414073 -44.714947
-26.601585 -3.239154
18.323656 8.091141
-20.666876 -0.962990
-27.617617 0.924323
24.683115 -23.504475
19.337492 -3.589858
7.414073 -44.714947
7.278151 -44.864761
22.372757 -0.414926
-21.258635 0.776987
16.787140 -1.174391
18.290216 3.060685
10.617744 2.862623
21.826078 9.245033
-34.518536 1.808942
-27.617617 0.924323
16.915646 16.864016
-31.699213 -2.596332
14.777138 12.992882
-26.601585 -3.239154
6.938680 -44.939819
-19.114262 -2.559244
-31.354168 -4.783022
16.915588 16.864067
-24.020420 1.063028
17.309208 5.244355
12.981975 6.203121
16.915361 16.864023
-29.380096 -4.684835
-27.617617 0.924323
7.464557 -44.250866
-19.252934 1.027720
-21.258635 0.776987
-23.164608 -1.166101
16.915552 16.863953
20.504114 -0.159027
-23.164608 -1.166101
15.477635 6.950264
-30.172764 -1.470623
19.515881 5.213801
16.486605 4.913727
6.691980 -44.118050
15.034461 1.403693
19.231407 -2.193274
10.682236 4.195161
14.404966 -5.443612
14.404571 -5.443567
17.795250 2.727705
25.081816 -23.732086
-22.662037 -3.570689
-22.662037 -3.570689
-24.805376 3.105954
15.014818 -1.390782
25.081816 -23.732086
16.915501 16.864027
16.915483 16.863966
-20.735846 -4.396079
-27.617617 0.924323
16.915665 16.863939
13.896197 -0.933941
16.912888 -0.474642
10.689835 0.418781
17.620810 -2.336920
25.081816 -23.732086
-24.998730 -1.219288
