-1.004038 -31.641371
-46.217587 -3.292040
-0.559812 -7.821128
-26.433096 3.650497
-1.004038 -31.641371
0.099777 1.041420
12.528725 9.336037
6.358811 33.564007
-4.994716 -27.917587
-31.101456 -16.098764
-17.092793 6.625925
-29.647392 -38.762268
2.675087 11.754102
0.282460 11.059171
-29.653866 4.686213
7.216602 32.888885
-4.813314 13.810324
-29.222773 1.585643
0.084713 43.613270
-31.726059 -15.977438
-1.127839 44.364456
27.297571 24.627865
-13.283402 26.571718
1.445548 12.810551
-9.657078 -1.730635
1.540981 -26.759489
12.934881 -2.988799
41.892899 -2.208978
-0.217356 44.956699
41.892899 -2.208978
-26.830912 9.410609
-9.656750 -1.730635
41.892899 -2.208978
18.076410 -16.326828
38.195560 1.516724
38.195560 1.516724
-0.489285 44.423702
-16.930479 7.874543
-1.374359 -29.417635
-29.471445 -38.839520
-1.004038 -31.641371
-27.869019 -10.249829
-27.857817 -10.245823
-27.875767 -10.262101
-8.672267 10.934984
-42.845558 -1.524110
-38.523945 8.838006
-34.638306 6.272552
-34.378368 6.189759
-1.004038 -31.641371
-0.956815 50.400635
-46.076046 -11.313802
-15.385863 6.946843
11.278274 9.421803
5.958056 33.155384
-1.004038 -31.641371
12.527860 9.335928
41.892899 -2.208978
-18.308060 4.817452
-1.004038 -31.641371
-1.004038 -31.641371
41.451653 0.037903
-1.321489 -24.221142
28.938267 25.091021
-0.956816 50.400978
-13.283225 26.571978
-46.217556 -3.292022
-48.005669 -9.536950
-11.495870 12.134434
-28.767700 -38.239838
-24.582438 2.207858
-29.281366 1.722056
-31.408144 3.218313
-43.562992 1.643667
-43.796185 -5.088055
3.581318 8.975249
-1.004038 -31.641371
-1.522858 45.040203
7.768542 32.728642
-26.380842 -8.705391
-2.728720 45.703907
4.888452 9.097818
19.323189 -15.507321
39.985981 0.221184
-28.922411 -38.644131
-1.004038 -31.641371
8.406762 34.520149
0.099379 1.041634
33.307068 -31.065277
0.110239 7.655610
-43.796062 -5.086727
-25.770250 8.094196
32.940662 -30.373451
-1.004038 -31.641371
-29.955708 -37.876820
19.921415 -16.255177
18.942547 -15.455503
-5.120810 10.962976
-29.398809 8.236915
-12.549456 25.659233
-2.532092 -29.880905
-27.478523 3.201409
-1.004038 -31.641371
-48.006214 -9.536661
-23.941713 5.185854
-1.004038 -31.641371
1.540981 -26.759489
0.099379 1.041634
-26.830921 9.410758
-9.690323 12.720252
-15.179543 9.843281
-1.004038 -31.641371
38.195560 1.516724
38.195560 1.516724
38.195560 1.516724
-13.283229 26.571968
-43.585926 -2.991988
-26.350332 0.427280
-12.575117 10.686863
-26.830944 9.410758
-29.256136 3.097677
-13.075204 10.050691
-21.598326 27.197233
-0.555445 -7.811793
-9.657143 -1.730770
-1.004038 -31.641371
0.188314 43.822720
-48.006859 -9.536960
-18.037354 8.151282
-47.439278 -9.664344
-36.807343 6.521976
-43.796276 -5.088054
-23.703234 4.513008
-22.747286 8.856085
-0.956723 50.400928
-8.660366 7.770769
-19.933550 6.979780
-32.415447 2.984003
-23.068167 2.727358
33.474819 -29.022907
-44.188847 -12.792491
2.099395 13.235303
41.892899 -2.208978
-3.023032 -26.358103
-1.004038 -31.641371
-1.004038 -31.641371
18.831774 -16.616007
12.566413 -2.441037
41.892899 -2.208978
-1.004038 -31.641371
-16.574461 9.086881
-1.004038 -31.641371
28.492916 23.878139
2.910644 16.344757
-38.247097 -1.413084
31.962866 -29.781181
18.816133 -17.277302
-22.466928 4.005068
1.540981 -26.759489
12.934881 -2.988799
-1.198692 43.044125
6.110891 34.149075
-13.283278 26.572113
-12.175371 11.077481
-43.200035 4.564511
-35.795380 -0.368611
9.986977 9.543283
3.459429 16.116127
-40.199871 7.845998
-29.185955 3.482463
13.284479 -2.814476
-1.004038 -31.641371
-1.004038 -31.641371
19.672091 -17.102903
13.284479 -2.814476
38.195560 1.516724
-1.004038 -31.641371
-1.004038 -31.641371
5.700382 32.478649
1.540981 -26.759489
-21.146624 4.611959
-14.363017 7.420242
-29.413855 -38.222240
-34.638721 6.273757
-48.006554 -9.536949
-2.532095 -29.880907
32.871994 -30.379318
-29.808598 -37.681370
-1.004038 -31.641371
-1.004038 -31.641371
2.485356 11.196179
41.892899 -2.208978
30.102922 22.505379
-0.414726 12.806431
-34.070477 -1.363981
-0.219909 18.208115
12.669122 -2.804800
-9.657151 -1.730636
-1.280289 43.790314
13.405773 -2.395108
-0.560249 -7.828154
1.540981 -26.759489
12.528068 9.336123
-5.099001 1.136773
-1.004038 -31.641371
-1.284662 44.549316
-41.833237 -1.456701
6.945493 32.389751
38.195560 1.516724
-32.532135 -16.184017
-1.004038 -31.641371
27.535843 24.145739
0.098867 1.041920
12.527860 9.335928
-13.283450 26.571720
0.192838 43.912285
-1.004038 -31.641371
-27.137835 1.321911
-1.806746 -29.531818
-0.914761 -29.388992
-41.304146 4.616322
28.546761 24.829723
-0.320731 -28.862549
1.632189 8.049234
-29.608952 3.088125
41.892899 -2.208978
-27.816801 -10.176750
-1.004038 -31.641371
-27.238792 2.707691
25.680382 24.757963
19.926355 -16.680250
-30.055002 -38.488331
-43.200031 4.564550
-25.486002 7.471139
19.467249 -16.734177
24.060143 22.933002
-0.556019 -7.819345
-1.004038 -31.641371
40.153885 0.346377
-23.778000 8.456453
-9.482774 8.932331
-9.657207 -1.730635
-31.407887 3.218302
4.910336 13.033364
4.910336 13.033363
41.892899 -2.208978
-9.784210 10.137014
11.536458 30.858065
-29.398849 8.236608
18.696728 -17.276457
4.909458 13.032926
7.770486 30.513926
9.202950 25.934704
12.527602 9.336013
-20.411221 27.401571
41.892899 -2.208978
-5.098846 1.136745
-45.038803 -4.243614
-15.439458 8.308731
-17.415663 8.958976
-7.248898 9.738050
40.444832 0.026177
40.878273 0.500132
40.878277 0.500130
40.835918 -0.300501
-11.088697 22.502987
-31.116587 5.296750
-1.396496 -29.423952
-30.908840 -16.057257
-1.321489 -24.221142
41.892899 -2.208978
0.594962 13.874197
-2.875894 11.312741
38.195560 1.516724
2.694860 13.255066
2.504624 13.403654
-29.820581 -0.726499
6.518862 31.777336
-34.638641 6.273684
-0.082183 43.347218
-0.560249 -7.828154
7.228512 35.070580
-1.991902 -28.923243
-30.430548 -14.774489
0.099379 1.041634
18.205574 -16.835676
2.142657 15.017255
41.892899 -2.208978
28.485569 22.182133
-20.946407 27.456848
-9.995235 10.280204
-9.893165 11.241611
29.204170 27.678387
32.738018 -31.162678
33.523884 -29.822248
-11.129501 11.426316
-3.184789 11.452179
41.892899 -2.208978
13.407849 -2.402922
28.547928 24.855021
-25.295017 -0.600496
-1.004038 -31.641371
-38.524845 8.840233
-27.177664 8.678137
9.202949 25.934746
-16.669889 10.761218
7.155264 33.401226
-21.021563 28.075056
-42.771320 -1.678983
12.669122 -2.804800
41.892899 -2.208978
41.892899 -2.208978
41.892899 -2.208978
-1.004038 -31.641371
-39.749001 2.492797
-9.656940 -1.730642
2.929274 11.071293
-8.292850 8.688117
0.155354 44.374138
-1.004038 -31.641371
-0.956815 50.400635
-22.894516 6.967946
40.063812 -1.045583
1.540981 -26.759489
1.540981 -26.759489
-0.855880 43.619591
-0.350579 43.121166
-2.066390 44.132259
-1.004038 -31.641371
32.547184 -31.151068
-3.203624 13.991237
29.376802 24.634399
40.432121 -0.614975
-1.004038 -31.641371
-24.713747 -2.713699
-42.603203 -2.802183
-31.408091 3.218313
-19.753061 4.465271
-43.796265 -5.086902
-13.283349 26.571756
-5.098757 1.136689
-1.004038 -31.641371
-1.117721 -26.204134
-1.004038 -31.641371
-46.063812 -1.680735
-2.770970 13.478417
-9.656901 -1.730621
-19.383051 6.045691
-1.004038 -31.641371
13.284479 -2.814476
-0.926411 43.010368
-11.088802 22.502729
28.310385 25.339577
0.098987 1.041983
-20.091848 5.559248
-25.404795 -8.098725
-12.412617 12.363364
18.199640 -16.812582
-28.829042 -38.477005
33.408691 -30.162296
9.701952 33.945644
-34.638741 6.273622
-5.098699 1.136688
-28.832615 2.311454
38.195560 1.516724
41.892899 -2.208978
28.485569 22.182133
-1.487757 12.038828
41.892899 -2.208978
-5.099001 1.136773
41.892899 -2.208978
-23.875761 7.421618
27.687403 25.144276
-34.003578 5.923416
-43.200108 4.563951
39.268955 -1.084056
2.501477 11.149843
-0.560249 -7.828154
-27.852495 -10.218102
-0.556070 -7.819554
4.909568 13.032944
-0.722449 17.240730
27.932306 23.867754
-26.080564 -8.562594
-32.683060 6.509757
25.680382 24.757963
-1.004038 -31.641371
27.290504 24.708050
27.412603 25.723932
-29.829374 -13.461493
-28.491705 -11.259558
41.892899 -2.208978
-0.408874 -29.467646
1.649947 11.003910
2.058483 9.102219
32.355377 -30.807600
38.195560 1.516724
31.079733 24.247086
4.910336 13.033363
-20.631670 26.940699
39.936008 -1.258603
-2.506572 -29.862753
-16.275194 8.185256
8.026641 31.387726
13.112392 -2.114895
-34.658203 6.722873
-27.310644 -0.858300
-15.481478 6.882992
-0.085476 44.911621
-1.005697 44.673740
-29.413855 -38.222240
-26.215183 9.212044
-1.004038 -31.641371
-1.004038 -31.641371
6.566841 34.396046
-7.930474 11.259724
-24.329782 3.323037
41.892899 -2.208978
41.892899 -2.208978
-5.098751 1.136687
33.471340 -29.020014
32.034534 -30.815855
41.892899 -2.208978
-19.416515 8.132602
-1.004038 -31.641371
-1.004038 -31.641371
0.099227 1.041790
41.892899 -2.208978
0.098868 1.042119
33.852638 -30.586470
-0.955237 -29.379725
-2.100064 10.926064
-13.899376 7.588623
1.540981 -26.759489
-28.446795 -11.188592
-1.004038 -31.641371
-21.378725 27.981165
41.892899 -2.208978
5.901603 31.541273
14.039011 -3.604656
-23.092031 2.484137
-36.807388 6.521955
3.459378 16.116123
-13.283303 26.572012
29.475721 25.661192
-0.742553 -28.690294
28.079552 23.840984
-9.719577 7.565982
-1.653548 15.554551
-43.563347 1.643664
-23.142118 5.600082
0.676342 16.712811
-1.004038 -31.641371
-3.684183 14.357649
-20.949343 26.840118
-0.524526 44.361115
-0.908890 17.582846
-1.567453 3.942557
-14.057411 11.960924
-27.768198 4.973555
39.076065 -0.786746
-29.799156 -13.413961
-29.856998 -13.502887
39.076069 -0.786745
-0.562920 -7.828690
-0.320208 -28.863068
-43.796284 -5.086904
-25.036369 5.278146
-43.200775 4.564035
-34.232487 0.034430
-0.956816 50.400978
-43.585972 -2.991988
-1.894317 43.490414
-13.283358 26.571718
2.803195 7.023410
2.870094 11.178870
41.892899 -2.208978
30.396700 27.236681
28.485569 22.182133
-38.524712 8.840732
-1.004038 -31.641371
-48.006615 -9.536942
-16.835491 7.772659
-22.402031 0.752829
-30.512266 -14.970294
-0.558385 -7.819814
2.166502 8.141818
2.265867 11.006668
0.099379 1.041634
-12.657514 7.538332
-24.713800 -2.713691
-0.556984 -7.824406
5.008544 30.100737
-0.782518 43.704536
6.779558 31.676575
41.892899 -2.208978
2.058482 9.102219
-0.637511 44.387451
31.079733 24.247086
0.315887 -29.719185
-4.994716 -27.917587
31.079733 24.247086
-24.512173 7.128376
-43.199974 4.563799
-0.772721 10.229550
3.459430 16.116127
-46.217190 -3.292016
-21.376003 5.226743
41.892899 -2.208978
41.892899 -2.208978
8.660025 32.680523
1.289572 11.522227
40.878277 0.500131
32.954529 -28.867825
-30.486780 -14.863218
0.099777 1.041420
-29.398659 8.236419
39.412457 -0.361382
-2.024972 43.891655
5.475992 30.038891
-5.098757 1.136689
39.259315 -0.587814
-0.526007 -28.746094
-23.830214 2.568053
26.785057 22.581793
-4.029805 15.870602
27.159046 27.525547
-12.296198 12.226814
-43.563282 1.643672
-12.944695 9.937522
32.241005 -28.994781
-1.004038 -31.641371
12.526757 9.335825
12.527602 9.336013
-31.408199 3.218435
-22.874474 2.863695
-43.796234 -5.088055
0.119815 44.491280
9.202950 25.934704
-1.824097 14.229711
6.760968 33.215439
-0.320227 -28.863052
-1.412211 -29.427242
-48.006516 -9.536658
-22.886793 0.346570
-5.000347 13.005248
-15.474822 8.456643
32.874329 -29.392275
28.355114 25.270227
29.271187 25.927305
32.742214 -30.106438
-42.602856 -2.801293
-0.914784 -29.388992
-0.403818 -29.471022
-38.849239 1.557308
29.024282 23.873543
2.852751 31.406160
-21.070524 28.101175
-19.290091 7.825257
0.098478 1.042456
41.892899 -2.208978
-4.994716 -27.917587
-20.611101 5.918916
-2.412381 15.181663
-10.531785 11.327157
-27.158148 9.978559
-0.556984 -7.824406
28.243198 28.180895
-29.402246 -37.519920
19.678980 -17.095697
-16.515692 3.370343
-1.004038 -31.641371
-13.283381 26.571756
-40.860115 0.757748
3.459526 16.116081
41.892899 -2.208978
19.249287 -16.246881
-5.901054 13.580796
27.789085 26.045336
-16.138622 3.574944
-46.076828 -11.313680
28.621948 23.800638
-1.004038 -31.641371
28.724758 26.124090
-25.242085 2.534021
-1.989191 44.470493
41.892899 -2.208978
1.540981 -26.759489
-12.856459 7.841289
31.177538 26.238348
-13.283302 26.571970
19.664143 -17.111008
40.216862 0.393061
12.566413 -2.441037
8.433022 33.395256
-20.228043 8.468725
30.396700 27.236681
-1.004038 -31.641371
39.609562 -1.841598
39.742432 -0.072206
39.937298 -1.253062
-1.004038 -31.641371
28.158846 24.469969
39.956985 -1.228913
-1.004038 -31.641371
41.436283 0.085306
-13.283319 26.572113
-42.795635 -2.895467
-1.004038 -31.641371
40.514114 0.531231
-21.755875 2.443609
39.934700 -1.258385
40.820797 -0.300934
-33.363403 2.093442
-19.849291 8.489396
28.766451 24.527943
13.405771 -2.395105
-0.956783 50.400661
-21.146265 0.836421
-1.336036 -28.677580
-10.489418 8.196952
-43.796192 -5.086729
-4.994716 -27.917587
41.892899 -2.208978
-4.994716 -27.917587
27.923571 24.713835
-1.004038 -31.641371
-18.996632 6.136192
-42.771301 -1.678974
3.459378 16.116123
-1.004038 -31.641371
41.892899 -2.208978
-1.004038 -31.641371
-28.935980 -37.854591
-0.400226 15.691603
-39.749081 2.492676
28.916903 26.116423
-1.697614 43.256725
41.892899 -2.208978
4.052673 7.931155
-32.534630 -16.189928
-32.466938 -16.228823
-32.381264 -16.181875
0.196812 43.861664
8.042581 33.657753
28.125370 24.467577
27.824156 25.496393
31.749151 -30.385191
8.228014 35.101822
-43.563232 1.643676
-9.656761 -1.730606
9.202949 25.934734
25.680382 24.757963
41.892899 -2.208978
41.892899 -2.208978
18.076410 -16.326828
-1.004038 -31.641371
41.892899 -2.208978
41.892899 -2.208978
-19.235281 9.698122
-0.721225 11.811234
-1.989194 44.470490
-13.283309 26.571732
-22.940105 0.391773
0.316213 14.122319
-3.699757 3.661721
-16.725296 9.127021
-1.132250 44.114319
-28.830849 -38.471313
-1.004038 -31.641371
28.485569 22.182133
41.892899 -2.208978
-1.004038 -31.641371
41.892899 -2.208978
6.739377 33.362034
-1.004038 -31.641371
-3.699475 3.662078
41.892899 -2.208978
41.892899 -2.208978
-0.408896 -29.467878
-29.262993 -37.592857
-0.854876 17.429821
-3.347845 15.026650
-10.781579 11.267890
41.892899 -2.208978
-21.664974 4.321777
-42.795692 -2.895465
18.211836 -15.861403
-1.004038 -31.641371
-0.319177 43.821404
-0.956924 50.401608
-15.216149 9.968198
-29.819586 -0.726776
9.202942 25.934803
-46.217182 -3.291896
-7.963980 11.335775
-34.837250 -1.527951
13.399345 -2.377475
-0.864923 9.850390
29.035372 23.905500
8.135581 32.157681
-8.451930 11.878947
7.103647 34.108383
-0.600393 43.216263
-5.099001 1.136773
9.202950 25.934702
-0.456724 -8.810843
-29.349104 -1.044563
41.437389 0.083171
-1.548347 5.878496
-19.118643 7.998457
41.892899 -2.208978
7.844195 34.291912
-18.083986 4.807740
-10.293178 8.773481
-23.721535 4.621353
-3.023032 -26.358103
31.749151 -30.385191
-1.004038 -31.641371
-1.004038 -31.641371
-1.004038 -31.641371
1.540981 -26.759489
-38.524254 8.837991
28.760151 25.510359
18.484880 -15.655746
-1.004038 -31.641371
29.363726 24.202526
12.669122 -2.804800
-39.475449 -2.205067
0.099259 1.041571
-0.685606 14.065348
38.195560 1.516724
27.159046 27.525547
-19.261311 2.830003
-34.837822 -1.527958
-36.108109 3.436253
-27.177933 8.677569
-1.004038 -31.641371
18.771324 -15.490574
19.920568 -16.251547
-3.460126 15.698444
32.355572 -30.807585
4.910336 13.033363
-1.004038 -31.641371
18.756371 -15.505814
-29.372572 -38.881184
-1.004038 -31.641371
-1.004038 -31.641371
27.779303 26.038916
-29.185122 -37.653976
27.824577 25.496685
27.312834 24.554142
-0.024942 9.523071
-1.959631 -29.576275
13.284479 -2.814476
-1.779552 -28.809177
-0.707966 -29.411963
-0.063690 -29.063732
-15.258235 6.968235
-20.236301 8.278162
-0.560249 -7.828154
-0.835944 11.136588
-20.949343 26.840118
-2.252708 -29.189018
-1.083447 45.255714
-0.490242 44.098000
28.357677 26.254562
-47.439228 -9.664284
19.323189 -15.507321
-46.217556 -3.292004
12.527860 9.335928
12.527860 9.335928
-13.585630 8.993985
-10.663685 8.426061
6.605337 34.422443
-1.567721 3.942874
-0.558239 -7.819028
41.892899 -2.208978
-1.492934 44.867691
-30.025778 -38.179394
-0.956924 50.401608
28.485569 22.182133
25.680382 24.757963
-1.548348 5.878497
-46.217106 -3.291858
41.892899 -2.208978
-0.086950 12.343456
41.892899 -2.208978
33.925938 -29.545944
-4.994716 -27.917587
-0.558435 -7.820023
-1.004038 -31.641371
-30.464251 -14.774562
-40.972805 0.669334
-40.973175 0.669331
-26.247057 0.235235
-1.004038 -31.641371
41.892899 -2.208978
-24.179428 2.128198
12.528725 9.336037
6.324060 31.796835
-22.549551 8.848016
4.929027 29.968708
-0.972463 17.412617
-25.882397 1.188511
-48.004616 -9.536684
-25.912832 9.050139
1.297627 13.811905
-1.841410 16.846008
-27.313307 1.333510
0.099379 1.041634
0.110239 7.655610
-10.269375 8.225364
-9.590277 12.025552
-27.838375 -10.198616
-1.004038 -31.641371
41.892899 -2.208978
-1.004038 -31.641371
-30.464449 -14.773907
-9.328658 10.719148
33.919815 -30.312254
-1.117721 -26.204134
41.892899 -2.208978
41.892899 -2.208978
2.852751 31.406481
-1.004038 -31.641371
-28.609005 -11.452186
-21.070063 26.832470
-6.871321 12.145731
-28.406591 6.627975
-27.288515 -1.126629
12.851789 -2.122964
-1.117721 -26.204134
-1.004038 -31.641371
-17.180490 5.806551
-1.004038 -31.641371
-21.601503 27.632444
-32.238960 -16.161491
12.857288 -2.121228
32.530720 -28.897560
41.892899 -2.208978
27.693846 23.999479
-48.005756 -9.536967
-43.796207 -5.086726
41.892899 -2.208978
-1.004038 -31.641371
33.459084 -29.831034
-19.275602 8.126128
-22.420265 0.761570
-1.004038 -31.641371
7.461007 33.336727
9.202949 25.934736
-21.415197 7.244302
-24.179499 2.128198
-38.522957 8.843148
-23.861814 1.230023
-23.861816 1.230078
-8.743949 9.652230
32.999371 -28.892445
-21.780315 8.092334
2.803196 7.023410
-0.319503 45.014675
-2.014355 44.412960
-42.759041 -0.094985
-7.267298 12.428055
-22.452097 1.015993
-6.994716 11.522361
-20.413092 0.732494
1.540981 -26.759489
-7.528993 13.324472
-8.937437 10.850913
-6.828516 12.995039
-1.004038 -31.641371
-28.731163 0.935982
-1.162996 14.591784
-2.014153 14.243777
-1.471249 44.136364
-36.161633 2.955378
-21.542053 27.723644
12.528725 9.336037
6.011959 31.886538
-14.238997 11.717649
-23.066933 2.727924
-2.915148 14.578843
-13.283297 26.571583
-43.199913 4.563912
-1.004038 -31.641371
28.922497 25.269249
28.696819 24.503029
-13.283244 26.571968
6.544128 31.403421
39.193562 -1.376649
-14.004983 8.836200
9.202950 25.934706
-20.818819 9.297461
-25.280405 2.907214
-6.620156 12.183508
-46.065926 -1.681013
3.532319 13.380026
-17.913782 5.858765
-26.062941 -0.027565
28.883379 25.756285
-1.308499 -7.110010
29.281675 25.913198
-9.092455 11.894330
-29.398785 8.236461
39.609547 -1.841608
-1.004038 -31.641371
-29.729342 -37.659885
-1.004038 -31.641371
-1.004038 -31.641371
-12.890224 7.634541
-39.474140 -2.205047
6.409783 33.865898
-29.729342 -37.659885
-0.556070 -7.819554
-0.942364 43.608105
9.202948 25.934795
1.540981 -26.759489
39.609562 -1.841598
-29.398911 8.236516
-29.398846 8.236562
2.746758 8.242981
-38.524845 8.840233
-1.004038 -31.641371
-1.004038 -31.641371
-1.004038 -31.641371
-1.004038 -31.641371
-36.807465 6.521887
12.669122 -2.804800
-0.718574 45.160995
-1.054764 15.976741
-1.548343 5.878621
39.932922 -1.246867
-17.228054 16.139042
-26.830872 9.410629
-1.374622 -29.417702
-0.848071 45.202454
-1.004038 -31.641371
-20.396854 8.381315
12.568868 -2.431714
38.195560 1.516724
-1.527739 13.198399
-30.399160 -0.816082
18.639631 -16.264446
-32.417274 2.983974
-24.817602 6.985769
-27.498770 3.762515
-46.076622 -11.313736
-11.784402 9.361454
38.195560 1.516724
-28.768848 -38.342487
-1.321489 -24.221142
-9.654716 11.471594
-24.397991 7.730204
32.694172 -29.824471
-1.912570 -28.872866
-1.411780 -29.427237
-13.283449 26.571726
41.892899 -2.208978
-2.825430 7.351500
41.892899 -2.208978
27.229929 25.177479
4.314807 8.871379
-38.849590 1.558488
18.881002 -16.098169
-0.356336 43.118134
0.325536 14.106444
-0.555877 -7.818560
41.892899 -2.208978
6.784286 32.721115
-1.086062 -28.669729
28.346584 25.679304
-3.202860 12.352515
-8.199241 10.538884
-32.282963 2.297999
31.079733 24.247086
-1.004038 -31.641371
-42.082184 -1.353847
-21.149870 -0.103836
12.934881 -2.988799
41.892899 -2.208978
-38.524113 8.838006
-26.830839 9.410575
-29.495539 1.002997
-20.749294 0.798162
-21.992752 5.954081
-45.038845 -4.244066
41.892899 -2.208978
-0.792406 44.569012
-1.004038 -31.641371
-31.237907 -16.018103
-30.989656 -16.087605
-38.523975 8.837989
3.459379 16.116125
18.205574 -16.835676
4.909458 13.032926
2.099395 13.235303
-7.263925 8.749910
38.195560 1.516724
-0.556020 -7.819346
7.355617 31.891077
-28.828573 6.024827
-12.014961 9.773056
5.341296 30.011993
7.077270 28.691914
-0.554316 -7.823866
-1.845163 44.725121
28.711544 24.472065
33.179058 -29.666454
-1.724955 44.892071
-0.670443 43.018433
39.072819 -0.797435
31.904461 -30.732494
39.072777 -0.799096
-21.375917 5.226861
0.758893 13.933589
5.640206 33.080746
-48.005844 -9.536649
-1.004038 -31.641371
-4.426818 -24.861031
32.996346 -30.994013
33.764317 -30.682013
-1.634785 5.926203
-30.949913 3.407592
-1.004038 -31.641371
-25.633228 5.132020
-1.004038 -31.641371
-41.102894 -0.774955
-41.893436 -1.163807
-1.004038 -31.641371
32.782001 -29.796783
-1.322351 43.825123
33.951439 -29.598835
-28.553389 -11.362316
-46.066090 -1.681016
-21.756260 4.903353
4.052673 7.931154
-36.916973 -0.774725
-27.858149 3.332797
-1.567774 3.942818
-1.653569 15.554548
-1.752564 15.576472
-3.855906 14.855522
-1.004038 -31.641371
4.909506 13.033006
-1.004038 -31.641371
-29.647451 -38.762226
-13.804863 8.772424
-18.131136 9.702417
-43.585289 -2.992049
-9.975615 10.340770
-43.796249 -5.086899
-4.994716 -27.917587
-1.695187 44.040955
-1.962131 -29.576935
-29.188650 -37.642410
29.370623 24.213430
-1.848441 44.746025
-4.325648 16.478773
41.892899 -2.208978
25.990250 26.609041
-29.368538 -38.907341
41.892899 -2.208978
4.909458 13.032926
41.892899 -2.208978
41.892899 -2.208978
-0.335024 17.676735
-33.363670 2.093381
12.705221 -2.212960
-1.004038 -31.641371
-1.004038 -31.641371
39.742432 -0.072206
-1.004038 -31.641371
-10.268723 8.225409
-9.745281 12.762564
-1.004038 -31.641371
-27.581547 5.560480
-1.720840 14.099683
-38.523972 8.837990
-20.844296 6.025156
-40.973244 0.669370
-12.228631 8.316340
-19.279694 5.845971
0.070536 -29.569223
27.522293 24.151289
-9.656564 -1.730469
-8.826401 11.949350
-1.321489 -24.221142
-1.117721 -26.204134
-0.566679 -7.799833
-1.004038 -31.641371
-20.607605 2.319847
-43.199696 4.564405
-21.491364 27.147394
-1.004038 -31.641371
-26.491430 3.081300
-4.339579 13.385196
-3.202860 12.352515
41.892899 -2.208978
-21.366013 26.944904
-8.653879 5.396122
-1.004038 -31.641371
7.245786 31.062099
-1.004038 -31.641371
-3.141686 14.951514
1.540981 -26.759489
-1.004038 -31.641371
-4.202206 16.261486
18.285610 -15.825470
-1.004038 -31.641371
-32.435909 -16.191624
-32.460529 -16.222385
-23.091702 3.200308
6.247958 31.147524
-28.012024 4.791710
-3.698671 3.662434
41.892899 -2.208978
-1.004038 -31.641371
-29.398884 8.236565
5.746542 31.075577
32.046192 -29.179583
0.204995 13.999754
-2.046290 43.938419
41.892899 -2.208978
-31.431847 0.923403
-2.048542 43.832806
-36.807766 6.522243
-36.108177 3.434866
-1.004038 -31.641371
-10.761728 11.867716
-10.842324 11.126721
41.892899 -2.208978
-20.638571 27.925381
27.229935 25.177496
-8.597251 12.121375
-42.603252 -2.802178
13.112392 -2.114895
-1.413350 -29.427265
1.540981 -26.759489
-38.248089 -1.413110
40.095516 -1.001155
19.211029 -17.307066
-1.004038 -31.641371
-1.004038 -31.641371
-20.460772 27.159822
32.526329 -29.510767
-15.243224 16.479862
1.632190 8.049235
-28.696209 4.871438
-0.956783 50.400661
-26.831335 9.410309
-1.415710 8.034534
-27.237648 2.706635
0.229918 44.140949
-9.656637 -1.730465
-1.004038 -31.641371
32.528351 -29.511940
-19.840624 3.633029
-0.832541 16.947470
-1.004038 -31.641371
-9.656786 -1.730471
7.581650 33.173397
-1.004038 -31.641371
-1.004038 -31.641371
-46.076809 -11.313707
-1.004038 -31.641371
-21.376518 5.227422
-1.004038 -31.641371
-19.075954 7.078647
38.195560 1.516724
-25.640308 -8.272010
19.874788 -16.786907
38.195560 1.516724
-1.004038 -31.641371
-15.073234 4.126544
13.284479 -2.814476
-25.349722 4.960456
-41.304649 4.616251
-1.328406 -28.673407
-25.659082 1.293183
38.195560 1.516724
38.195560 1.516724
-24.713215 -2.713714
0.315835 -29.719160
29.204170 27.678387
19.678980 -17.095697
-0.955511 -29.379457
-0.976608 -28.679117
18.205574 -16.835676
-2.506584 -29.862764
-0.811782 18.163132
-0.526008 -28.746088
-0.945829 -29.382715
33.264744 -30.234192
32.854557 -30.401052
-19.933552 6.979780
-4.994716 -27.917587
-4.994716 -27.917587
41.892899 -2.208978
10.468997 34.125847
10.468997 34.125843
28.835360 26.131493
41.892899 -2.208978
-20.973654 28.077795
-3.023032 -26.358103
-3.023032 -26.358103
-1.004038 -31.641371
-1.004038 -31.641371
-1.004038 -31.641371
-32.808159 6.639181
-1.004038 -31.641371
41.892899 -2.208978
8.030445 34.169693
-11.253037 9.495312
-16.058502 8.258106
-0.045906 17.694117
-1.004038 -31.641371
41.892899 -2.208978
41.892899 -2.208978
-27.182335 1.717471
-1.004038 -31.641371
6.564478 32.606770
-17.228058 16.139063
41.892899 -2.208978
-17.024584 7.048813
-21.397158 27.966713
13.112392 -2.114895
-1.004038 -31.641371
-1.004038 -31.641371
41.892899 -2.208978
40.075871 -1.022261
5.871157 34.137238
6.495425 33.189018
-8.057104 13.018988
1.540981 -26.759489
-1.004038 -31.641371
-1.004038 -31.641371
-1.004038 -31.641371
8.228013 35.101822
40.080704 0.268429
-1.004038 -31.641371
41.451115 0.032567
-1.004038 -31.641371
39.631516 -1.812884
39.195347 -1.376903
-1.004038 -31.641371
-1.004038 -31.641371
-13.283451 26.571718
-1.004038 -31.641371
-1.004038 -31.641371
-10.365871 9.226328
-1.004038 -31.641371
4.136979 29.663893
-5.098845 1.136743
27.505753 24.156658
-8.354170 8.776112
-48.003391 -9.536394
-12.284834 22.957886
-34.641411 6.272503
-35.832253 3.676604
12.528725 9.336037
1.765171 13.491293
1.649947 11.003910
-31.409019 3.218316
-3.337688 5.234755
-2.473942 14.364333
12.528724 9.336037
-1.415272 8.034127
-1.075231 9.436970
41.892899 -2.208978
-22.466799 4.005063
41.892899 -2.208978
-17.017715 7.754104
-2.493326 -29.847883
-23.066608 2.727962
-29.624067 4.456347
9.290073 32.590706
-0.735643 -29.408398
-4.994716 -27.917587
-31.230160 -16.655506
-48.006756 -9.536943
29.271187 25.927305
-3.772971 13.497047
-25.294212 -0.600631
-29.399038 8.236589
-1.117721 -26.204134
-14.112799 7.778664
-29.819614 -0.726717
-27.854094 -10.222398
-27.847601 -10.213405
-27.854527 -10.227236
-5.954320 13.987820
-32.683155 6.509500
-20.632414 2.269273
-23.112518 -0.112019
-32.544613 -16.213604
-32.544609 -16.213604
-1.004038 -31.641371
-20.413521 27.376926
1.632190 8.049234
-1.004038 -31.641371
12.527602 9.336013
-11.132989 10.117723
0.606941 14.201856
-1.004038 -31.641371
41.892899 -2.208978
-29.356033 -38.889500
-0.048795 16.411924
1.540981 -26.759489
19.736115 -15.804366
-25.658638 1.293000
19.763195 -15.873685
-1.004038 -31.641371
-25.349335 -8.062835
-39.046597 6.578566
-43.727512 1.517454
-36.916904 -0.774723
-46.076225 -11.313779
-43.796188 -5.088055
-26.266233 0.277028
-21.598326 27.197233
41.892899 -2.208978
28.359604 26.254837
-48.005829 -9.536860
-8.767877 7.789983
8.076528 34.502304
19.642750 -15.711074
41.892899 -2.208978
2.395175 7.448315
-1.004038 -31.641371
28.916466 26.116482
41.892899 -2.208978
-20.549780 27.024065
-1.004038 -31.641371
41.892899 -2.208978
2.078828 12.601287
-2.825430 7.351499
-28.798470 -37.925938
-1.321489 -24.221142
27.932575 23.867685
4.909506 13.033008
-29.075577 7.794524
33.716038 -29.233120
-33.363514 2.093398
-29.398993 8.237012
-9.712971 10.872442
-21.366013 26.944904
-20.385790 2.959723
-24.015699 4.405187
-43.109383 0.864362
-1.004038 -31.641371
-2.410903 13.893602
10.468997 34.125851
41.892899 -2.208978
-0.370765 44.066139
4.749868 31.876484
41.892899 -2.208978
41.892899 -2.208978
-1.004038 -31.641371
0.137928 44.396034
27.806398 26.051041
0.099777 1.041420
-42.758934 -0.095120
-1.958510 -29.575953
18.292294 -15.791744
-36.807343 6.521976
-36.162220 2.955366
-18.140839 4.519027
9.986984 9.542984
-0.058700 17.867956
-30.062397 -38.140526
39.724033 -0.082791
-44.189659 -12.792398
-1.004038 -31.641371
-34.638691 6.273623
-25.588530 -0.432558
31.177538 26.238348
-9.771309 11.808970
-34.638645 6.273662
-1.004038 -31.641371
40.835918 -0.300501
-15.485410 11.518234
-38.247593 -1.413131
-1.962721 14.180308
-31.865635 3.058551
-1.567741 3.942873
-20.911091 3.834692
3.230503 16.261351
0.054502 -29.563883
39.429371 -0.348938
-28.578665 -11.406660
-0.912039 -28.676319
-32.283447 2.297899
-17.145830 9.994609
-29.720119 -13.261559
0.037909 -29.279264
41.892899 -2.208978
38.195560 1.516724
13.405771 -2.395105
9.202949 25.934809
-41.832436 -1.455969
-1.004038 -31.641371
1.540981 -26.759489
1.540981 -26.759489
28.485569 22.182133
26.022703 23.323938
26.022703 23.323938
-3.689632 4.869012
-32.524723 -16.225222
38.195560 1.516724
-20.973654 28.077795
38.195560 1.516724
-9.679049 7.558206
-36.916584 -0.774726
38.195560 1.516724
33.908459 -29.503443
-0.956815 50.400635
41.892899 -2.208978
-24.018559 3.237846
-1.894317 43.490414
0.098867 1.041920
-1.004038 -31.641371
27.298901 24.685116
4.666761 29.759153
-5.188184 10.957455
4.666761 29.759155
-12.838085 10.520321
-4.050905 13.467763
4.079312 7.448720
-3.699548 3.662080
12.669122 -2.804800
-22.314846 7.711782
3.473433 9.092081
2.847193 13.787747
38.195560 1.516724
-2.404949 15.626202
-14.883993 11.369055
-36.916908 -0.774675
-20.837881 3.748460
-46.217445 -3.292016
-28.041252 3.049308
-36.272144 5.455392
-16.853964 8.090130
6.989310 32.487789
-1.004038 -31.641371
32.112080 -29.088984
38.195560 1.516724
3.369834 6.837157
-1.004038 -31.641371
-26.173155 0.151415
-14.075927 8.898643
38.195560 1.516724
-20.949343 26.840118
0.315886 -29.719181
38.195560 1.516724
38.195560 1.516724
38.195560 1.516724
38.195560 1.516724
-1.779547 -28.809172
-0.560249 -7.828154
-0.065828 -29.060825
-38.524143 8.838006
-12.254615 7.899991
-1.415598 8.034273
41.892899 -2.208978
-21.664864 4.321682
-0.743734 -28.690098
-26.831625 9.410456
-43.199940 4.564353
-1.417834 45.098892
-0.743738 -28.690096
7.093506 28.825787
-0.296139 17.169062
-32.485016 -16.201376
-32.392094 -16.207676
33.053913 -30.376207
-24.714241 -2.713688
38.195560 1.516724
-30.357836 -39.792030
0.098987 1.041983
28.285599 25.267193
-25.252796 -7.993668
-32.517281 -16.206062
-2.506566 -29.862753
29.372698 24.774866
-38.524143 8.838006
28.522902 25.086433
-20.704756 27.073858
5.994580 31.708633
-1.536689 6.908342
18.654909 -16.260103
-21.981672 5.783854
-29.520460 -37.593761
-28.732965 -38.110367
-0.403501 -29.471033
1.845864 14.829198
-25.402786 3.082602
41.892899 -2.208978
41.892899 -2.208978
41.892899 -2.208978
-40.200016 7.846015
41.892899 -2.208978
-4.994716 -27.917587
28.241766 26.223579
-38.524105 8.837988
-13.283403 26.571726
-0.552862 -7.811360
41.892899 -2.208978
41.892899 -2.208978
41.892899 -2.208978
-48.005638 -9.536949
-29.754206 -0.415900
29.040295 23.938652
-29.818192 -38.727844
-0.085335 43.342140
19.921402 -16.255037
32.622265 -28.819181
3.459428 16.116127
19.323725 -16.511040
41.892899 -2.208978
32.956722 -28.874636
-29.398727 8.236567
19.323725 -16.511040
41.892899 -2.208978
-34.641403 6.272503
-22.894552 6.967929
4.482022 8.192349
-39.043697 6.579933
-34.231693 0.034429
8.597289 32.570335
-1.004038 -31.641371
13.405773 -2.395108
-34.638714 6.272491
11.536459 30.857824
-46.066364 -1.681005
-20.657663 27.964653
-46.075783 -11.313807
-9.657151 -1.730636
-1.004038 -31.641371
0.099379 1.041634
-20.437115 27.275839
41.892899 -2.208978
32.738018 -31.162678
-0.054436 43.374798
41.892899 -2.208978
-1.117721 -26.204134
-1.004038 -31.641371
-1.004038 -31.641371
-29.819511 -0.726717
-46.154835 -11.171240
-1.004038 -31.641371
28.158628 24.463215
-21.446180 27.820461
19.126537 -15.717583
41.892899 -2.208978
-1.004038 -31.641371
41.892899 -2.208978
-24.578318 8.115902
-1.004038 -31.641371
-1.004038 -31.641371
19.249287 -16.246881
-0.690946 43.010460
-1.004038 -31.641371
18.821148 -16.608202
-1.004038 -31.641371
29.580681 25.469137
1.540981 -26.759489
-1.004038 -31.641371
-1.004038 -31.641371
41.892899 -2.208978
41.892899 -2.208978
-46.217182 -3.291896
-16.616085 10.898916
4.860192 32.535744
41.892899 -2.208978
-0.558435 -7.820023
-31.558798 -16.253122
1.540981 -26.759489
-21.404867 27.967148
18.086578 -16.225899
39.728127 -1.704494
33.306618 -31.065510
19.931116 -16.572788
-25.670755 4.482584
-9.019430 12.597244
-39.043720 6.579956
-45.016045 -5.102168
40.432323 -0.614743
40.480064 -0.584805
18.447372 -17.139263
-1.004038 -31.641371
29.636665 25.206312
-1.004038 -31.641371
-1.004038 -31.641371
-1.004038 -31.641371
0.000635 11.722272
-46.065094 -1.680754
-26.770172 4.239655
-1.004038 -31.641371
6.406245 32.073067
-1.004038 -31.641371
40.955872 -0.253674
9.202950 25.934702
7.113012 33.154068
1.354316 7.334937
-1.004038 -31.641371
40.068508 -1.037186
5.472641 32.190121
-1.113694 43.607471
-1.004038 -31.641371
40.360348 -0.696381
-29.062838 3.438920
19.139692 -16.161369
-29.754961 -38.769173
-1.382506 12.370891
-42.010841 -2.241585
-1.004038 -31.641371
40.940033 -0.258006
-0.542004 45.149464
-1.548348 5.878496
39.192871 -1.374868
27.877529 25.120499
-1.004038 -31.641371
39.365341 -0.414398
12.527860 9.335928
-31.039347 -15.383219
-39.749306 2.492744
39.742432 -0.072206
-1.004038 -31.641371
-21.924557 6.783844
-42.771305 -1.678975
-1.004038 -31.641371
-1.004038 -31.641371
-20.425749 27.680204
2.970172 11.434489
-1.004038 -31.641371
-9.857581 11.199452
32.311069 -31.054029
-20.818737 9.297429
-0.363186 12.288426
7.635593 35.546329
1.540981 -26.759489
39.913696 -0.540854
-1.004038 -31.641371
28.766451 24.527943
-38.524845 8.840233
1.742400 11.471221
-9.656730 -1.730469
18.312855 -17.004713
-38.247498 -1.413086
-1.004038 -31.641371
-30.429258 -14.758575
28.300383 25.722427
-13.283183 26.571579
-1.004038 -31.641371
-1.004038 -31.641371
-29.818192 -38.727844
-29.951040 -37.879284
1.540981 -26.759489
-1.004038 -31.641371
-24.751850 -7.842478
-46.217590 -3.292030
-1.396959 12.286648
-0.566626 -7.799629
-38.524860 8.840233
31.079733 24.247086
28.499958 23.796471
0.099379 1.041634
-36.163113 68.187920
41.892899 -2.208978
-1.957631 -29.575686
41.892899 -2.208978
-1.095120 6.378275
-11.438611 7.774260
-28.770124 2.565564
-0.946086 -29.382774
3.369262 6.837670
-21.669538 4.963555
-22.420048 0.761569
41.892899 -2.208978
13.284479 -2.814476
-20.946407 27.456848
41.892899 -2.208978
-2.493355 -29.847916
18.816133 -17.277302
-30.457611 -14.832709
-0.946831 -29.382721
18.559174 -17.199352
31.849291 -29.370747
0.318619 -29.721651
-2.532088 -29.880896
41.892899 -2.208978
-2.257669 -29.191326
-21.636868 27.466982
41.892899 -2.208978
6.960733 34.343693
28.499958 23.796471
41.892899 -2.208978
-3.699641 3.662080
-38.524845 8.840233
-37.468063 8.116780
-13.831564 6.905493
-43.796242 -5.086901
41.892899 -2.208978
-5.098981 1.136812
3.459378 16.116125
-1.004038 -31.641371
-1.004038 -31.641371
-1.004038 -31.641371
41.892899 -2.208978
-3.640717 3.861094
18.280521 -15.808228
-22.064430 3.649718
-30.949791 3.407582
-35.988407 67.990120
19.763195 -15.873685
-35.989220 67.990013
-28.800343 -37.922626
-43.199718 4.563968
12.669122 -2.804800
-1.004038 -31.641371
-34.639294 6.273902
-35.928375 68.284950
33.536289 -30.811813
-1.004038 -31.641371
27.916710 24.717443
-1.004038 -31.641371
19.211029 -17.307066
-1.117721 -26.204134
-24.760950 -7.863082
-4.426818 -24.861031
-3.699801 3.661726
7.249205 33.256893
-30.393581 8.458372
-11.225448 10.319880
-12.284602 22.958408
41.892899 -2.208978
-1.004038 -31.641371
-1.004038 -31.641371
12.528068 9.336123
2.803196 7.023410
-30.057154 -38.197842
19.211029 -17.307066
29.580681 25.469137
41.892899 -2.208978
-1.004038 -31.641371
-1.004038 -31.641371
-36.163113 68.187920
28.851336 25.354954
-1.004038 -31.641371
-1.004038 -31.641371
-48.006466 -9.536639
3.369481 6.836355
29.372698 24.774866
-11.088727 22.502501
-36.163113 68.187920
-16.473793 6.755989
-41.580357 -0.986455
-18.155693 9.853517
33.121990 -29.625051
31.690742 -30.134476
-46.063545 -1.680609
-18.140837 4.519027
-33.628906 0.249631
-48.005787 -9.536644
41.892899 -2.208978
32.581944 -29.345146
-11.767724 7.205160
6.750955 32.622471
-29.175819 -37.675243
41.892899 -2.208978
41.892899 -2.208978
-35.855850 68.093987
-1.004038 -31.641371
-31.022169 -16.491983
-1.548343 5.878622
41.892899 -2.208978
-1.004038 -31.641371
-43.796185 -5.088055
-1.004038 -31.641371
18.559174 -17.199352
-27.238213 2.707660
-2.100294 10.926047
28.357677 26.254562
-0.956861 50.400669
-10.652529 11.751803
26.785057 22.581793
-1.004038 -31.641371
7.444786 32.509407
19.152407 -16.616442
-31.257689 -16.119541
-3.023032 -26.358103
41.892899 -2.208978
-38.524700 8.840731
28.458101 24.057608
27.379045 25.667982
-48.006397 -9.536658
12.527860 9.335928
12.527602 9.336013
-1.004038 -31.641371
-30.393583 8.458371
-12.035332 9.023211
-0.080217 12.693451
13.112392 -2.114895
41.892899 -2.208978
41.892899 -2.208978
-2.825430 7.351499
-0.581361 45.170822
-20.966085 26.818373
1.540981 -26.759489
-28.765024 -38.366047
-1.004038 -31.641371
41.892899 -2.208978
12.528725 9.336037
-31.422407 -16.253773
41.892899 -2.208978
-1.004038 -31.641371
-1.004038 -31.641371
-1.004038 -31.641371
-46.065937 -1.681017
-1.418673 45.098301
-24.404142 7.777194
3.459378 16.116125
-1.004038 -31.641371
2.058482 9.102219
41.892899 -2.208978
-1.004038 -31.641371
-31.320356 -16.227999
-27.878078 -10.264753
-30.856852 -16.322716
-21.376432 5.227004
0.099379 1.041634
5.346620 32.209995
-4.651261 13.121707
2.870260 11.178842
-13.396285 8.493016
-12.933557 8.157813
-4.994716 -27.917587
-3.023032 -26.358103
41.892899 -2.208978
-1.004038 -31.641371
41.892899 -2.208978
-2.627860 10.565110
-30.025778 -38.179394
-21.070700 26.844555
38.195560 1.516724
-0.000020 44.843357
13.381905 -2.336795
-1.004038 -31.641371
-1.004038 -31.641371
41.892899 -2.208978
-9.647540 10.012111
41.892899 -2.208978
-1.901330 6.777194
-1.004038 -31.641371
-48.006634 -9.536932
-24.273190 7.505754
-33.606491 0.198458
3.459379 16.116125
27.159046 27.525547
-1.004038 -31.641371
41.892899 -2.208978
41.892899 -2.208978
9.202950 25.934698
6.867535 31.694939
-19.118645 7.998457
-1.004038 -31.641371
-6.111999 13.986111
26.785057 22.581793
10.468997 34.125847
9.202949 25.934736
-39.102482 -2.039712
-15.932045 6.563220
-12.284575 22.958088
5.544259 29.750353
41.892899 -2.208978
-21.366013 26.944904
31.704309 -29.654236
-1.548347 5.878496
41.892899 -2.208978
-0.736126 -28.691397
41.892899 -2.208978
-16.609764 6.356599
-29.653608 4.686212
-27.399269 -0.733695
-38.524712 8.840733
-2.252637 -29.188440
41.892899 -2.208978
33.031265 -28.875790
-4.994716 -27.917587
41.892899 -2.208978
27.229935 25.177496
-0.164030 12.683055
41.892899 -2.208978
-15.284180 16.534384
-46.065418 -1.680752
-20.657663 27.964653
-32.466976 -0.498399
-21.307732 5.104470
1.540981 -26.759489
-25.507977 9.523988
-1.004038 -31.641371
-46.216854 -3.291840
-25.279837 3.016102
-34.638660 6.273757
6.031983 30.638178
0.190651 15.191091
5.430671 34.020412
-1.004038 -31.641371
-1.004038 -31.641371
27.427118 25.738743
-1.004038 -31.641371
-1.004038 -31.641371
-43.200130 4.564386
-25.486101 7.471081
0.625511 14.184273
40.492233 0.533300
19.022007 -16.073637
-1.004038 -31.641371
-1.004038 -31.641371
-1.004038 -31.641371
-20.607708 3.219281
-1.004038 -31.641371
-28.585154 5.857441
27.180384 25.734022
-46.066227 -1.681052
-41.916695 -1.000101
39.444954 -0.330899
-39.748997 2.492724
-10.463675 10.991935
-29.947906 -38.538219
-1.004038 -31.641371
29.636665 25.206312
-1.004038 -31.641371
19.323189 -15.507321
-1.004038 -31.641371
-1.004038 -31.641371
-20.946407 27.456848
-46.064095 -1.680736
-29.653952 4.686213
-1.004038 -31.641371
13.284479 -2.814476
12.526883 9.335739
-1.806741 -29.531811
-28.935980 -37.854591
-29.399008 8.236681
-1.415604 -29.427801
39.609531 -1.841627
-39.747723 2.492887
-1.004038 -31.641371
-0.408887 -29.467886
40.861919 0.504158
-19.313437 9.944558
-43.796204 -5.088057
-39.748638 2.492651
-29.398924 8.236864
-0.558435 -7.820023
-36.916500 -0.774673
1.179469 11.780427
4.910336 13.033363
0.315868 -29.719170
-1.372592 -28.681717
-0.403818 -29.471022
-2.136240 -29.628696
40.827660 -0.299234
-12.294560 8.568630
-0.885957 9.120523
-2.259486 -29.194244
3.459378 16.116123
41.892899 -2.208978
41.892899 -2.208978
-4.994716 -27.917587
41.892899 -2.208978
-13.283360 26.571585
-4.994716 -27.917587
-29.000843 -37.704964
-0.311254 3.298215
-0.956843 50.400612
-34.705643 3.909630
-9.134379 9.591652
-3.023032 -26.358103
-13.950032 11.833084
-21.375898 5.226824
-21.598326 27.197233
29.394911 24.262606
-1.004038 -31.641371
-1.117721 -26.204134
28.546761 24.829723
-1.004038 -31.641371
-1.004038 -31.641371
-5.098738 1.136717
-25.139965 -7.843842
-4.208668 16.136036
-28.800343 -37.922626
38.195560 1.516724
1.540981 -26.759489
33.994450 -30.042152
32.333973 -30.185165
-36.042133 67.992226
5.318532 29.721571
1.540981 -26.759489
5.995449 30.995081
31.970692 -29.241747
38.195560 1.516724
-3.023032 -26.358103
-1.728352 43.291164
-26.853760 -0.205768
-2.825430 7.351499
0.099379 1.041634
-30.437868 -14.829767
-1.004038 -31.641371
38.195560 1.516724
-28.878288 2.513626
-19.604673 7.984732
-35.928375 68.284950
38.195560 1.516724
-46.076675 -11.313753
13.112392 -2.114895
31.879704 -29.528301
-9.656969 -1.730770
-6.479950 10.870115
-7.623700 11.004753
27.159046 27.525547
-43.199482 4.564014
5.313873 30.337936
0.099379 1.041634
-0.554318 -7.823870
0.099379 1.041634
13.284479 -2.814476
-30.964539 -15.726153
31.079733 24.247086
-1.004038 -31.641371
-21.186098 0.869967
6.249392 29.862265
12.669122 -2.804800
-0.956858 50.400661
-13.283359 26.571756
3.369970 6.836382
3.369467 6.837604
-29.048876 -38.854202
-1.004038 -31.641371
33.994450 -30.042152
38.195560 1.516724
-4.774441 13.089911
-46.216267 -3.291848
-1.004038 -31.641371
-1.004038 -31.641371
-29.048992 -38.838245
-1.004038 -31.641371
-30.704941 -16.406677
-1.004038 -31.641371
-1.004038 -31.641371
38.195560 1.516724
-1.004038 -31.641371
-1.004038 -31.641371
38.195560 1.516724
29.559950 24.886400
-29.272354 1.388810
-14.300053 7.008678
38.195560 1.516724
-1.567721 3.942874
-20.460772 27.159822
38.195560 1.516724
30.102922 22.505379
12.527860 9.335928
-21.636868 27.466982
-20.356314 7.605752
33.573700 -30.765856
-1.004038 -31.641371
-20.406551 27.623316
-1.004038 -31.641371
25.680382 24.757963
38.195560 1.516724
38.195560 1.516724
-38.524143 8.838006
-30.757097 0.662879
-0.211072 44.951263
-35.928375 68.284950
38.195560 1.516724
-0.956924 50.401608
-13.651660 9.878228
33.105236 -29.698328
-8.133326 12.773913
-0.552910 -7.811569
38.195560 1.516724
-1.004038 -31.641371
-30.028872 -38.549107
38.195560 1.516724
-1.004038 -31.641371
19.323189 -15.507321
2.803195 7.023410
-32.495213 -16.215197
-15.376466 8.609351
5.274698 29.880613
38.195560 1.516724
32.426197 -28.923937
-2.336910 -29.395018
38.195560 1.516724
38.195560 1.516724
-1.372476 -28.681719
-0.063684 -29.063736
-5.840173 5.319571
-20.408619 27.658339
-23.724413 5.122971
1.520733 8.202848
7.179654 31.002487
-19.492754 8.191743
-28.922411 -38.644131
38.195560 1.516724
-7.316472 9.552395
-12.958213 6.108597
-1.958411 -29.575945
-1.411661 -29.427206
12.568869 -2.431713
29.372698 24.774866
-29.415117 -38.222454
8.181314 33.091015
-0.439564 43.817688
29.363745 24.202564
-1.776868 -28.808146
18.756371 -15.505814
-0.706085 -29.412048
-1.980736 -28.915319
-36.166615 68.199959
9.202949 25.934746
33.474819 -29.022907
32.652473 -29.909792
33.987663 -29.904100
-35.988407 67.990120
-1.806741 -29.531811
38.195560 1.516724
32.133610 -30.902861
32.232506 -30.356487
-35.928375 68.284950
-35.928375 68.284950
-1.374357 -29.417631
-31.517763 -16.497068
12.568869 -2.431713
28.300350 25.722427
-1.328913 -28.673428
-31.408434 3.218082
29.024282 23.873543
29.580326 24.933264
-1.632273 -27.627384
-36.163113 68.187920
-1.776883 -28.808155
38.195560 1.516724
-43.727390 1.517229
-27.748266 5.208215
9.202950 25.934740
-2.533196 -29.882196
38.195560 1.516724
-16.623619 6.911869
38.195560 1.516724
40.344700 0.474525
-1.075476 44.069016
0.089796 -29.577555
-1.415573 8.034260
-9.657028 -1.730635
38.195560 1.516724
27.159046 27.525547
31.079733 24.247086
-10.869160 12.533314
-22.475330 0.450929
38.195560 1.516724
19.211029 -17.307066
38.195560 1.516724
-0.050970 -29.081560
-4.994716 -27.917587
-35.855900 68.093880
38.195560 1.516724
31.678860 -29.760082
38.195560 1.516724
25.990250 26.609041
-0.294005 12.091511
19.918449 -16.279724
-36.071720 68.001793
0.315770 -29.719097
-36.163113 68.187920
0.315803 -29.719128
38.195560 1.516724
9.202950 25.934698
38.195560 1.516724
19.211029 -17.307066
-0.078340 -29.538357
-36.163113 68.187920
-2.532064 -29.880869
13.112378 -2.114892
-1.328476 -28.673414
41.892899 -2.208978
-5.098757 1.136689
-46.084251 -11.391512
41.892899 -2.208978
32.098167 -29.811811
41.892899 -2.208978
-19.737707 8.240225
12.528725 9.336037
-35.928375 68.284950
-21.366013 26.944904
-1.111888 45.173882
0.315584 -29.718887
33.785160 -30.673853
-42.771290 -1.678998
0.116341 44.528492
-22.425348 3.217111
-41.687691 -0.919317
-29.272285 1.388806
-1.207580 18.490320
-4.994716 -27.917587
-29.704672 -37.648056
33.922657 -30.314053
32.698112 -30.764259
-4.994716 -27.917587
-0.485299 3.663356
-9.656902 -1.730642
-34.232441 0.034424
-35.962952 68.298401
-21.376612 5.227046
-25.935041 4.895881
-45.038250 -4.243852
33.694870 -29.210463
41.892899 -2.208978
-35.855900 68.093880
31.778084 -30.470282
-1.016469 44.141518
25.680382 24.757963
41.892899 -2.208978
41.892899 -2.208978
7.020451 33.510933
28.485569 22.182133
4.910336 13.033363
-36.071720 68.001793
-28.793341 4.615441
1.118118 12.650947
-1.004038 -31.641371
41.892899 -2.208978
-7.158672 13.369014
-1.004038 -31.641371
-1.004038 -31.641371
-24.523741 -7.776736
-0.804717 14.706836
-1.321489 -24.221142
41.892899 -2.208978
-1.321489 -24.221142
-16.453377 6.861736
-7.859482 13.127983
29.204170 27.678387
30.526539 26.563162
12.527602 9.336013
-12.284559 22.957842
-5.098741 1.136689
41.892899 -2.208978
18.639631 -16.264446
-43.796249 -5.086899
-24.713800 -2.713691
-5.979520 12.943723
5.125010 30.103773
41.892899 -2.208978
-1.004038 -31.641371
-31.431856 0.923439
-38.523972 8.837990
-46.076218 -11.313783
-10.204293 9.716685
32.294334 -30.102701
-29.085686 -38.795303
-29.951040 -37.879284
-1.004038 -31.641371
-15.013811 9.729237
-24.730135 6.797441
28.013952 23.853546
41.892899 -2.208978
-7.608374 12.994724
-20.638571 27.925381
-32.282986 2.298219
-0.977041 9.676861
-17.955290 6.047673
41.892899 -2.208978
-34.640293 6.271806
-36.108627 3.435281
-4.406972 13.885875
-13.775272 7.027400
-30.572901 -14.968001
27.229935 25.177496
7.679507 32.248055
-29.520460 -37.593761
3.459526 16.116081
-21.033848 28.080740
-5.098624 1.136715
-22.472990 8.054477
-8.952562 12.503434
-1.004038 -31.641371
-1.004038 -31.641371
-20.952045 27.455938
-1.520189 43.130077
-38.524860 8.840233
-21.598326 27.197233
19.027742 -16.692457
18.073774 -16.475269
-1.037554 42.990131
-28.976688 3.617472
-12.730766 9.758646
-27.994295 6.694836
-36.830200 -0.662891
-4.426818 -24.861031
6.779948 32.065430
-16.596491 7.826198
-3.023032 -26.358103
41.892899 -2.208978
-30.028872 -38.549107
-38.524143 8.838006
-1.004038 -31.641371
-0.895524 9.978978
-9.828370 12.822060
41.892899 -2.208978
41.892899 -2.208978
11.536393 30.858221
-1.435945 43.152451
-1.004038 -31.641371
-0.562920 -7.828690
-3.825615 14.772609
-5.840111 5.319571
-1.004038 -31.641371
-1.004038 -31.641371
-1.004038 -31.641371
-29.372572 -38.881184
-31.242502 -16.263897
41.892899 -2.208978
-5.098608 1.136718
-40.972836 0.669377
12.705221 -2.212960
4.581735 8.831518
32.996346 -30.994013
-13.283225 26.571978
-19.610197 9.428535
41.892899 -2.208978
-15.243219 16.479937
-42.772640 -1.679052
-23.411182 5.560313
27.933887 24.826056
-1.570422 43.603516
-1.012041 45.212490
0.099379 1.041634
-21.410608 27.958599
1.742254 11.471387
-1.004038 -31.641371
-46.076656 -11.313729
-36.057358 68.299568
6.898846 31.993990
41.892899 -2.208978
-1.004038 -31.641371
-35.014492 5.923755
-1.004038 -31.641371
-48.006912 -9.536943
-39.474232 -2.205038
41.892899 -2.208978
-1.004038 -31.641371
-30.473646 -14.903068
41.892899 -2.208978
-29.398796 8.236612
-41.560741 -1.091189
-16.560528 16.345394
0.099379 1.041634
0.099259 1.041571
27.814857 26.055908
-30.062397 -38.140526
41.892899 -2.208978
-28.824133 4.233502
-13.283331 26.571583
-20.601095 2.232698
12.527860 9.335928
-13.719122 9.884068
-6.131944 5.460301
29.532015 25.590244
-0.558384 -7.819813
-1.128199 43.020149
-1.004038 -31.641371
-1.004038 -31.641371
-1.004038 -31.641371
-35.928375 68.284950
41.892899 -2.208978
-25.291327 6.349626
-1.004038 -31.641371
-1.004038 -31.641371
-46.076687 -11.313722
-1.428700 44.305222
-36.071720 68.001793
41.464859 0.040342
-5.008428 14.817547
38.122684 -1.426938
-0.864644 17.607708
-0.864538 17.607817
-18.310194 4.817695
-19.396624 5.628320
1.540981 -26.759489
-43.796242 -5.086905
-15.727892 5.250836
7.758466 33.132542
-15.804211 5.386236
-23.811331 8.387465
-3.622472 13.889587
39.728092 -1.704550
-46.154949 -11.171419
1.540981 -26.759489
-13.283450 26.571720
1.540981 -26.759489
-0.956783 50.400661
-46.076412 -11.313739
-0.956815 50.400635
32.356934 -30.257521
-43.199730 4.563783
-9.657082 -1.730642
-35.855900 68.093880
40.080704 0.268429
-36.041668 67.992073
-1.004038 -31.641371
-30.755756 -16.461401
-0.955972 4.175960
-6.088064 9.822802
-21.575865 27.721285
-21.611494 27.594307
-21.937187 6.217129
-3.699727 3.662162
-1.004038 -31.641371
4.909568 13.032944
-1.004038 -31.641371
33.306797 -31.065418
19.926355 -16.680250
-35.855873 68.093941
39.192871 -1.374893
-3.409647 3.907313
7.077247 28.691912
-36.163113 68.187920
-18.931993 5.954353
-3.808261 13.295175
-14.191064 11.611470
12.526757 9.335825
0.089440 12.238692
-41.325409 -0.796239
-1.004038 -31.641371
-26.024544 7.441229
-20.638571 27.925381
-38.522945 8.843148
-42.603233 -2.802186
-22.909443 2.101952
-27.237196 2.706888
-46.217934 -3.291831
40.360348 -0.696384
40.007523 0.060583
-44.188770 -12.792497
6.624095 33.142677
12.526757 9.335825
-44.188236 -12.792596
-1.004038 -31.641371
-1.004038 -31.641371
40.360363 -0.696365
19.736115 -15.804366
-18.855068 9.674656
-21.375889 5.226706
40.955833 -0.253688
-1.004038 -31.641371
28.937222 25.242411
-1.233117 11.877824
-10.369843 9.783276
0.099379 1.041634
40.955471 -0.253821
40.432114 -0.614984
-16.412733 6.764925
-28.169773 7.011673
12.705221 -2.212960
-26.830893 9.410749
-19.284584 9.848068
-5.098757 1.136689
12.705221 -2.212960
-1.004038 -31.641371
-1.004038 -31.641371
-26.419029 -8.724213
-1.321489 -24.221142
33.289883 -30.253325
-1.004038 -31.641371
-20.635353 26.921375
6.889269 31.807859
-1.004038 -31.641371
-1.004038 -31.641371
-28.335230 -11.006677
9.202950 25.934698
-33.628860 0.249630
-26.830879 9.410729
-1.004038 -31.641371
33.250237 -29.461050
41.459518 0.043835
40.007572 0.060553
4.581736 8.831518
-0.794092 44.553680
27.877529 25.120499
-1.004038 -31.641371
-1.004038 -31.641371
-27.158592 9.978190
40.413860 -0.640361
-38.523945 8.838006
-42.032684 -2.218744
27.373220 24.326092
5.209513 30.764202
39.461483 -0.325972
-1.004038 -31.641371
18.834229 -16.613264
-1.004038 -31.641371
-21.837473 1.249523
3.369694 6.837208
-0.455318 43.740162
25.396122 26.123753
40.445675 0.022986
41.462215 0.042371
39.913696 -0.540854
39.609547 -1.841612
-16.603971 3.301839
-31.408213 3.218288
-1.004038 -31.641371
-42.771339 -1.678972
29.204170 27.678387
18.083015 -16.273512
40.835918 -0.300501
-20.406551 27.623316
39.609562 -1.841598
-34.232483 0.034425
-35.855900 68.093880
8.703310 34.096813
-26.446062 -1.559017
-26.446110 -1.559401
-38.523987 8.838019
-40.973423 0.669303
40.861912 0.504156
-10.549381 11.847617
-36.917557 -0.774675
5.817798 30.745060
-24.443357 4.327928
-29.398739 8.236474
-34.026138 -1.312397
41.462215 0.042371
39.864304 -0.949249
-16.510023 8.757025
-43.796276 -5.086898
41.140312 0.427864
39.268963 -1.084193
-1.004038 -31.641371
39.742432 -0.072206
4.277924 8.770769
39.269009 -1.084224
31.079733 24.247086
39.913696 -0.540854
39.259315 -0.587814
-6.029266 13.441756
-1.004038 -31.641371
31.079733 24.247086
1.632236 8.049218
-14.035887 4.999920
31.079733 24.247086
-28.860825 -38.552486
-29.415009 -38.222282
6.003549 31.747803
-26.628576 4.722677
11.536458 30.857405
31.079733 24.247086
-1.004038 -31.641371
40.360359 -0.696373
7.678415 35.248653
-31.296532 -16.190521
18.658264 -15.545947
39.942486 -1.239907
-1.004038 -31.641371
-40.973286 0.669290
-30.489544 -14.862582
-1.004038 -31.641371
-22.209364 6.760450
40.403511 0.509780
-32.683270 6.509566
-27.237270 2.706825
-22.948135 6.880566
-1.004038 -31.641371
31.656244 -30.009768
12.934881 -2.988799
1.845872 14.829188
