-78.706459 13.570082
-49.350193 35.747860
3.860183 -32.147610
62.055767 -9.840117
43.765434 24.773048
-35.878807 3.597712
7.063075 -16.928848
0.556025 65.441948
48.255627 13.144975
48.343075 -46.207150
45.398655 20.969139
-21.521608 -37.854454
10.992565 39.180977
-18.417368 -43.054131
-46.640400 43.727680
49.439056 -42.609905
25.683107 35.722450
40.653091 -50.696659
-65.387451 1.260665
-31.241867 13.255083
-9.052940 -45.842258
-28.331541 19.525244
3.897413 2.946667
29.896221 -24.969812
-66.667282 14.255072
11.283846 5.211720
7.912378 -39.389233
15.304317 34.852272
50.664639 15.796789
7.639279 -26.526257
-79.277573 13.136864
40.653370 -50.696766
-20.420261 -25.972216
40.583130 29.353767
-13.710051 47.763725
7.946185 0.743831
62.849216 -13.706791
-43.498123 -2.339973
21.093140 44.079960
37.025345 -52.689850
-15.089953 -36.991421
-19.363123 16.291109
-20.086210 17.187012
16.147165 31.592916
1.240402 66.523422
25.771795 -7.201352
-7.472608 20.735914
33.406227 -23.409664
-19.500368 19.052275
-26.850046 -24.093279
14.664909 4.834367
23.124840 30.543850
4.628986 -9.063131
4.978295 -35.664627
-25.385822 -27.365894
20.202225 37.570915
25.492306 40.209152
32.963959 33.543171
32.609039 38.376080
-62.138027 -1.038050
-18.848875 -41.180164
-29.203773 -38.448624
-33.959187 4.303233
-53.829094 -6.789790
-63.685661 1.421599
2.938586 -40.031910
18.875875 -10.196028
47.213444 15.631841
-2.983851 -37.975208
-12.170417 -43.110424
2.792794 65.405174
59.899113 -14.733790
32.817764 32.010494
-35.867111 5.098253
-8.304728 -48.728153
-70.092316 1.768007
9.476316 -30.640312
-0.423762 -23.936129
56.052967 2.381531
-3.311486 -43.191666
-53.700172 32.973583
62.906960 -13.545344
-15.284765 -42.433720
8.284645 -1.895789
5.668657 -43.234825
-4.685811 -39.789371
4.725324 -8.662127
-48.641632 -10.303061
18.040398 39.954445
-43.628830 48.674561
-16.492710 17.931744
-44.736301 45.263794
-29.970587 -24.079714
11.809137 -32.190071
59.202068 -24.020510
31.466143 -16.780933
-0.423764 -23.935818
4.858953 -9.269378
-48.987953 40.489769
-50.773487 -6.837795
-13.494611 16.342949
-45.179710 -4.444402
11.855888 -34.005440
59.157177 9.660038
9.870177 -2.903739
-70.351830 6.589594
6.760094 -32.789921
27.744234 30.070986
5.971165 -11.124228
6.611435 -31.697767
15.898002 -64.013733
49.234997 -44.392899
-49.367004 39.919037
62.053349 -16.674835
-30.191664 6.796461
2.835812 -38.766514
59.671604 -25.411079
19.856491 42.444275
-22.352886 -41.716236
-2.250433 6.489094
58.778755 11.785044
-4.855798 -40.693516
-18.133503 -32.437626
-30.234150 9.318449
43.222599 21.844387
60.994205 -10.205407
-31.031820 -25.290464
-44.039448 -3.348308
40.653370 -50.696766
-3.905853 14.496057
40.653091 -50.696659
-54.743710 -5.024192
-10.177464 -46.420444
63.362320 -7.393174
23.468878 33.361763
-29.246214 21.486897
39.421215 34.803185
61.225266 8.221789
19.581535 -10.288172
-44.012798 -0.290905
25.492733 40.210129
-13.934156 48.616329
-2.704588 4.503716
-32.889778 0.907669
-16.999378 17.937675
16.275835 -64.381561
52.311977 18.982891
10.817065 -17.977818
-54.043411 30.337656
14.551866 -4.799022
20.438951 -10.890285
20.986145 6.037205
-19.326859 18.816238
-67.298042 8.440522
-31.139727 12.973241
-16.652405 14.587869
20.310684 -11.506594
-70.351814 6.589641
4.376837 2.644192
18.496328 6.551378
-35.079334 0.838081
-5.398689 20.678179
33.612732 -25.538855
-26.523052 -22.743210
-66.499420 8.292511
-65.186836 24.615648
8.396638 -5.564585
26.287897 36.187183
52.275139 5.055561
-51.543530 -9.424685
31.655386 -24.380453
-24.871367 15.269833
42.216072 21.350185
6.545309 -32.762291
-24.588194 -27.180216
-57.002563 32.431614
-64.811852 3.450107
10.701999 -15.826050
49.810966 -43.975594
-47.656223 44.429337
47.543243 -44.088657
-51.581131 34.748383
14.853346 6.453789
3.645366 -12.673727
52.923794 13.689407
19.856125 42.444534
6.517414 1.196134
58.644405 -11.019025
-26.523140 -22.743038
21.908657 -10.374907
59.671211 7.682457
-53.930256 33.557896
22.299877 -27.545162
52.310604 18.983549
10.799744 -24.017296
4.457763 -36.695953
61.225266 8.221789
49.876667 -45.003117
17.218145 3.270441
31.339998 33.567730
42.501350 20.121309
59.416142 8.525998
-50.852310 37.957375
26.113245 38.987263
-40.026096 -1.970759
30.753407 29.916735
-66.239090 14.294097
49.065624 17.446016
-79.379250 13.839575
21.352690 -25.457699
53.808174 4.874815
-32.023956 9.625400
17.735580 3.309166
2.786310 -22.401163
47.992287 21.763342
12.990341 7.747919
-79.581596 13.395530
-46.409302 -4.892485
32.703747 28.659201
58.643822 -11.019062
-55.849365 33.435272
-14.766874 16.223213
-62.423889 0.825949
-7.346439 -37.990974
-23.523897 -34.922100
47.543243 -44.088657
-11.104722 18.624069
53.135799 -36.776344
-18.394712 -29.472666
60.608559 -1.883309
-8.344249 -39.411251
-8.860373 17.482710
19.327629 32.709965
-56.815655 33.156178
-61.156620 25.185040
41.401001 -49.444054
-53.585785 35.393948
59.563808 11.271075
58.264664 12.386257
7.928939 -0.358897
-33.965836 5.796654
-23.264454 16.714825
-65.485786 -0.279209
-30.120659 9.495370
-70.092316 1.768007
4.645057 4.075017
34.231491 -24.695786
-13.889874 -50.064026
-10.924314 20.208397
-4.860191 20.045776
-19.589054 -35.676037
5.446815 -36.185593
63.447041 6.552516
5.898016 -5.415348
17.721260 38.059071
-55.865120 32.606518
-38.193600 -7.368435
6.982804 -4.331056
44.763081 30.244123
-50.687714 37.625069
-66.078079 11.846378
-43.991783 -4.520009
62.256828 -7.073656
21.650799 -26.692787
37.020359 -52.681656
-58.539406 -4.634772
2.040637 -38.525269
-11.003245 19.677155
-33.132126 9.001623
23.272526 35.934185
1.433618 64.383072
4.918912 -12.423434
20.840382 -10.407963
19.348658 -11.029393
-31.452400 -26.223276
-29.327997 -28.572620
4.283924 -33.738136
-9.379618 16.478960
-33.132175 9.001554
-64.889351 22.755489
-6.117534 13.431838
-18.277155 -36.221210
-62.531872 1.718403
-3.594501 -41.349670
-56.025627 32.270863
67.536087 -13.649511
-11.883763 49.032799
-35.222393 3.658409
-65.395775 -2.158027
18.470051 1.269490
-27.002577 -34.258865
-59.909691 -4.166028
19.127998 -7.402372
30.543926 37.927086
-79.379250 13.839575
16.099649 -62.849506
-64.715225 18.577530
49.815342 -43.975498
-0.362634 -42.190987
14.407939 34.812180
-26.378260 -33.801945
11.745530 -16.995703
8.104590 -31.851936
3.501789 -20.877914
16.425505 33.225906
57.894829 2.529166
22.085100 34.286533
-14.822022 -42.594009
-45.077660 -4.177675
-63.210163 17.708672
-60.775024 30.238701
32.707546 -25.374964
-6.578454 14.235888
1.744859 6.358759
-62.434498 22.921021
36.820972 -52.128525
-26.008221 -25.627251
-23.442060 -28.062090
30.947432 -24.848423
18.302591 -0.777602
16.637285 -63.927376
57.854595 -27.287411
-3.279418 18.732800
59.926079 -26.756012
-49.740028 38.297070
59.546909 -19.023750
-16.131290 -45.503441
1.766564 3.418484
46.372421 22.656212
-55.471386 29.302950
52.275105 5.055608
0.577495 65.901268
-38.416313 2.180273
2.044267 -31.861237
23.161331 36.187374
-23.966801 -39.431858
-56.480335 31.478064
-23.613449 13.673845
18.455070 2.837410
-23.942081 21.343618
-50.992680 -18.527895
-6.857213 -43.375496
12.646060 -21.269089
43.961796 25.275972
0.128018 1.483491
-20.196892 16.992201
48.509586 25.681288
20.901443 -11.735216
-6.251490 -36.897301
39.465927 22.385754
51.107327 -38.561684
-66.382233 1.734969
2.627695 -28.720234
-2.551681 13.794268
25.133387 32.318558
30.272169 -23.714201
17.032921 8.659005
-21.010920 17.783024
4.563782 -38.155491
-3.279418 18.732800
60.035698 -15.484181
57.856209 -27.287312
-58.880291 28.829580
-25.120623 -41.066017
-18.569141 -47.598686
19.836185 -10.989829
-64.711655 20.050184
-12.203548 -44.401363
18.867832 -17.122263
-29.141724 19.675535
19.914669 1.654701
8.450823 -6.115638
-33.758156 5.403742
59.744114 0.607485
-21.865847 -35.963444
7.195634 -35.997772
-65.887260 17.351841
-45.676426 -2.161211
51.404869 15.044600
-62.037827 0.335767
-25.363695 -25.101591
3.269045 -0.339377
-47.761700 33.787243
13.343605 -11.319116
-24.173605 21.538202
-65.823639 10.584206
63.668152 6.776539
-27.800941 -34.681244
-50.007069 -4.947309
10.420480 -22.994827
18.862455 37.923447
23.621428 33.635639
-15.431768 -48.809643
59.194275 8.687839
55.802601 12.059271
21.504440 -12.401679
14.663376 -4.738553
22.016932 -11.559235
25.328770 -25.201614
7.282151 68.205566
-51.406395 32.805901
55.484867 14.618964
0.966527 -42.046673
-24.984735 -35.688671
-44.052959 49.653179
5.595725 -45.745926
-38.815712 2.622219
7.799914 -40.299061
-20.302078 -36.336555
-18.072531 18.450802
-62.029152 -5.324963
-47.761803 33.787243
-68.728386 10.365980
15.500776 3.376375
-67.564209 12.732689
-3.226752 -38.102810
15.460289 -64.608948
15.726679 -64.765808
9.594935 -26.441286
8.274545 -28.065079
-22.967543 16.715885
-50.857433 -11.277518
-61.838142 -1.888758
-12.280877 -45.966038
-29.050335 21.743605
-17.307266 18.551704
-31.933859 15.596266
13.918912 6.066067
30.332869 -26.263002
-65.562729 9.394089
-63.432304 3.501017
-0.409763 24.202909
-55.345039 -7.123019
-19.865980 -34.860104
-12.515564 48.168266
14.438111 -35.655430
21.027184 2.237337
49.439056 -42.609905
32.077530 -25.431246
7.318832 70.981895
57.953316 -20.785604
34.084785 28.339470
58.455135 -24.015553
19.856211 42.444294
4.316580 -1.467272
21.999342 -0.639568
-31.310438 7.554727
19.173161 -61.101509
42.264492 -48.836975
-0.252805 24.009491
4.083071 -22.948736
-51.308655 -19.084757
12.799809 -33.186768
-31.944382 -26.960552
9.476220 -30.640091
15.767447 -13.071638
41.438740 27.195955
37.580208 -52.897610
14.074303 1.596051
-65.746712 19.215565
15.610751 0.926711
55.616432 16.969883
62.557438 -16.129311
-70.351830 6.589521
12.700265 -21.838385
15.236930 -63.367973
0.851416 7.134170
10.941533 32.831860
-11.904381 15.363065
9.577264 -26.380497
-58.495216 -3.325371
-17.517267 14.998955
2.968036 -1.220691
59.674988 -13.267705
51.294266 -39.290764
24.538242 40.183872
-16.424873 -40.924805
2.309610 11.102455
-12.949159 17.968693
65.051842 -10.424740
55.801674 18.470177
22.130756 35.618813
-62.399002 -3.158908
2.966424 -39.500839
-12.412276 -52.973072
10.546522 -14.373733
-11.496957 17.137634
4.154303 -22.291161
22.254797 -7.001560
63.668293 6.776543
-36.133572 7.300631
52.589298 3.990951
-29.913712 -24.110048
-21.740400 17.786137
37.742195 -51.699654
4.518638 -40.156559
-36.721558 2.932088
25.771391 -7.201354
-58.656078 -7.271431
7.513699 71.646980
0.848406 4.986818
32.037186 -24.008152
50.378765 -41.693298
-32.656246 11.418926
-46.701992 45.494411
0.073426 1.529305
-65.661949 21.260244
-44.207878 -0.976938
19.645096 39.218517
-18.868221 -42.373772
11.774535 -26.497005
-63.443623 16.268202
0.734426 65.963036
-24.234610 -26.049398
-0.607722 10.324138
15.636480 34.903587
32.096260 -24.962505
-48.897850 -6.765304
41.447529 27.635172
3.618366 -2.443125
-66.106956 8.403337
-26.300331 -21.517958
-17.087133 -44.462273
12.125281 32.161911
2.128509 66.480057
7.068348 -27.260981
-18.161844 21.335476
-45.847477 45.174576
-47.761604 33.787006
49.351891 21.657263
68.776184 6.165713
12.038991 -24.083958
-27.396694 20.559364
-3.801358 14.527109
-55.571625 32.343105
39.421299 34.803642
68.127785 6.905993
-59.800339 -5.334205
8.026774 -40.175705
-6.876853 13.031748
-56.658436 31.110371
53.203091 18.002544
21.367815 -27.030527
-78.706459 13.570082
16.821722 -63.289967
35.096737 33.312725
59.020340 -21.268089
-0.252805 24.009491
-29.512224 19.670607
16.148569 3.084658
-11.044423 -49.269630
-38.640530 1.751537
-24.067816 -28.015799
7.324443 -31.009285
39.664433 31.712374
17.729963 38.043301
-23.833103 -43.261070
-13.200332 -48.233082
10.479888 -5.344972
19.651358 -9.666470
-26.165943 16.460049
58.078831 5.760322
37.580208 -52.897610
29.817959 -24.420679
57.940861 3.892076
59.925869 -26.756371
57.852695 -19.496798
-51.366024 -7.858451
-27.585970 20.009329
11.357957 -37.802650
16.821722 -63.289967
-2.833857 -43.534561
-16.369869 -44.421162
-59.936737 27.858274
63.356182 -7.409321
60.773136 -27.869781
4.306109 -11.268368
35.303234 33.371773
-58.802505 25.722534
58.194527 -9.027124
57.367554 14.309615
10.345446 -24.390127
-53.172188 36.153126
-79.277573 13.136864
-21.381353 -29.100529
59.565250 11.271243
68.210945 6.083398
40.342087 21.161602
-13.192953 -47.174507
32.217464 -23.587713
-6.096822 13.922889
37.025349 -52.689785
-28.517607 22.425192
-64.121902 6.189224
53.054077 -37.012760
62.363956 -4.372211
-62.325108 -1.455615
44.347027 18.638474
14.438198 -35.655346
-16.409519 17.095091
-25.120646 -41.065617
60.773445 -27.868946
-28.255247 -24.619205
49.360210 23.587328
8.820404 -33.034111
53.135799 -36.776344
9.536862 -3.274838
65.276161 -10.230162
-19.408319 -43.772648
5.086869 -14.168308
-47.554939 42.798584
-61.536442 23.708151
57.323250 5.869566
31.578344 25.825155
7.206751 -27.414837
53.208710 20.173237
-64.277191 20.293360
15.078104 -63.887402
-51.750553 -6.975713
3.917908 -7.852199
58.318626 2.221532
18.984949 7.955999
-11.645528 -44.256466
68.013123 6.389768
65.051842 -10.424740
-31.417282 -36.970081
52.311798 18.982702
-7.879225 18.208055
-21.521513 -37.854996
-2.912427 -37.008129
17.205408 -63.885326
7.474928 -43.728241
59.687557 -24.241240
16.458031 -64.042908
-37.892235 -0.635474
-46.131165 -4.434073
11.358182 -37.802155
14.391874 -27.260504
45.652451 25.605373
-29.962379 -24.487452
-43.845715 -5.716400
10.892527 -8.156047
-65.348511 -5.956935
-65.146889 24.227482
-78.874306 13.053081
2.322693 -40.581787
47.265324 21.008249
-26.022427 14.834022
-47.353992 -3.887648
0.859712 -39.368210
-1.386563 -43.185665
20.233887 41.259750
-23.045641 -24.335529
-12.593438 16.023613
-47.962307 -11.018517
8.135503 -37.886024
-16.010576 16.857628
-3.633471 -43.154724
10.788657 -8.815024
-30.928137 -27.183372
-23.833269 -43.261032
9.403683 -33.036964
-57.673775 -4.290269
58.443127 -24.896996
-38.747757 5.201299
7.179115 -38.805141
29.752203 29.957788
57.993946 -1.894350
-43.084351 -3.274540
-65.205765 17.236713
0.598227 64.959946
12.025870 4.544570
0.656427 4.644586
34.005165 -26.411556
-59.618549 26.666197
-30.761984 -29.051811
44.763039 30.244194
17.582846 41.246342
24.848858 38.950825
5.261229 -19.268353
-46.701683 45.494457
-27.419418 -23.266720
15.170976 7.338499
2.315616 -39.458931
-28.118309 10.587839
-53.789940 -5.532541
2.690681 9.161179
44.762901 30.244146
-50.089275 -6.571023
-10.443031 -46.323528
35.776173 25.134857
35.776180 25.134857
51.522690 12.402604
6.071887 -29.886988
57.484440 -12.530924
49.439056 -42.609905
53.301830 3.378548
-25.497444 -25.418192
-10.513250 -39.908424
46.822281 19.090738
-79.379250 13.839575
-64.255272 3.021938
32.987301 -27.311666
-7.098257 -38.736107
-26.917149 -23.978584
20.804953 -11.173515
-51.163387 -8.686651
62.306629 5.836091
57.611607 -20.622833
27.978876 -28.788040
1.143712 4.913399
-28.023233 -32.414742
10.969085 -21.786936
18.788233 36.215988
5.036733 -2.853825
-57.891319 33.164322
24.668100 41.449528
20.292099 4.766372
5.527500 5.673306
-34.924587 -25.751188
-56.638218 28.164751
21.831617 -12.076137
20.481482 -12.726149
58.502460 -2.487565
7.869102 70.546066
-44.084740 -0.610599
-45.655964 -6.145439
53.182076 20.445637
-30.224949 11.191861
33.079887 31.194885
-0.541894 9.091798
48.136028 12.577950
-21.504772 16.320608
25.538565 -27.032305
30.409264 -20.948219
5.748970 -27.202311
68.407158 6.026350
-66.342751 4.692789
23.570208 29.707943
4.619985 -34.039307
13.226657 -17.051899
33.856819 35.254051
68.013123 6.389768
8.365285 -39.544704
25.538576 -27.031872
10.403839 -22.866245
-25.326872 -31.356627
-8.707525 -47.607136
-44.480896 49.407368
13.781026 31.354364
31.578409 25.824963
-16.042686 -35.996811
-22.384161 -41.801117
17.097528 42.180435
-19.978014 -39.803478
5.595725 -45.745823
-60.651814 -5.331631
-62.178673 23.860060
-12.395080 48.741310
35.166946 -53.354382
-10.072394 -43.771011
43.482887 24.444338
7.282153 68.205574
11.473993 -17.669079
-53.030434 34.257782
20.794590 -12.759227
11.236004 -18.124220
-5.360235 -41.544838
-43.628830 48.674561
29.199131 37.774433
-37.347080 2.320617
61.225266 8.221789
18.788210 -11.935927
15.775854 32.913517
4.261858 -28.608854
-65.905609 18.136469
-53.171936 36.153534
-44.633400 -6.818997
33.805569 29.743944
-34.924755 -25.750341
6.066335 -8.732495
59.670040 -25.411066
13.170211 40.320229
11.026423 -16.357105
19.483816 -2.254125
-22.384521 -32.323238
-59.016621 28.366508
52.310684 18.983608
-27.843451 -35.156464
-30.382927 -42.098194
26.907824 34.977379
57.304001 -12.520697
-7.132411 13.137123
25.538607 -27.032307
20.359653 -9.506020
-58.692608 -5.746763
60.448299 -15.750414
-64.961830 4.027374
59.150887 -0.412583
-59.877464 -4.741702
-5.508076 21.241842
-3.883183 -44.492874
-52.222553 -7.519284
-14.164139 19.948065
9.139422 -17.956318
15.186489 4.467286
42.943890 26.578459
52.310863 18.983435
-27.966087 -24.925289
20.416250 -10.413533
-18.976881 -34.998161
-66.882782 22.133411
-0.755883 5.117276
37.903427 28.169090
-8.400563 20.354408
43.418751 28.598629
8.203959 70.790100
-50.518112 38.547951
-29.757849 -32.816856
50.306717 22.744654
30.159916 34.161724
55.582909 11.060410
-17.533083 -35.200077
0.873158 64.702499
8.067371 71.521973
-51.580372 34.748383
-45.646187 -3.883995
63.327244 -13.486005
0.015439 -32.024761
-22.313650 -35.318977
-8.964622 -43.585018
39.850075 21.502243
40.387295 21.612862
30.738724 -23.900145
2.955144 -28.884090
1.604574 65.870972
37.604645 27.034374
7.516016 71.647293
30.579252 -25.392809
-27.904091 9.584281
10.118548 -22.621117
-10.691224 11.464978
-62.963890 23.461235
21.093336 44.080013
60.561134 1.779708
-60.921146 30.352133
-54.933708 -11.493718
12.593349 7.092610
27.617624 -22.367361
-30.158085 -41.902790
11.479277 -9.614260
7.985077 -2.074178
11.826581 -33.282150
-12.412343 -52.973179
-14.506010 -41.431751
22.982019 40.402821
33.664444 -24.797785
49.439056 -42.609905
-57.342239 32.110878
-8.367251 16.749578
-12.203351 -44.401386
30.875433 37.919315
-3.244271 -43.360157
-13.932590 48.340069
7.686798 -4.317340
-45.761631 -9.804314
16.787361 31.433670
-17.750080 -36.166176
-6.135915 -38.267410
-30.258539 6.574327
-15.168889 -43.486565
-60.949551 -3.846317
14.391880 -27.260624
35.589680 30.959679
20.091024 -62.131508
-47.761898 33.787155
-58.736370 28.123823
-59.501747 27.986803
-28.581957 -35.464474
4.421305 -0.549549
50.512142 16.276993
57.367512 14.309621
-61.311501 -1.305253
23.444073 37.921326
-12.016320 18.750530
-52.828346 -6.894259
6.285325 -9.195220
52.588768 3.990948
43.112083 29.152081
61.217480 8.384966
-60.246017 27.680508
-6.823494 -38.513741
21.352575 40.184849
5.946997 -32.535931
57.388638 4.094450
48.329502 11.986682
-6.377607 18.916246
-21.178236 -42.757290
11.631510 3.524108
-20.458258 13.521724
16.081247 -9.755196
19.855728 42.444279
-29.350245 13.812594
8.281397 71.094315
57.262848 9.511248
17.751173 6.886547
-35.186287 5.430203
1.344758 9.729884
-31.052988 11.445356
65.234665 -10.564874
35.597164 27.614956
24.085649 32.540524
-28.219843 13.608548
53.127621 17.394083
58.707554 0.901771
4.348768 -27.464865
-18.777124 -29.911999
-6.137592 -39.163574
9.073868 -9.643640
58.037376 -21.350931
42.609543 23.305281
-12.412398 -52.973114
1.886488 64.383209
-64.439796 20.700407
9.640011 -16.337296
2.043646 65.835014
-51.308655 -19.084757
-58.957375 28.304953
31.666666 -26.986683
-31.944382 -26.960552
58.103783 -14.236170
-46.092049 46.401184
0.881714 64.641624
51.522026 12.402351
59.020340 -21.268188
44.228294 18.831430
30.851137 31.564411
-21.608740 -23.167007
1.154891 65.231308
12.066349 -26.778820
65.279877 -10.235952
65.051842 -10.424740
-0.448154 -40.498463
-50.676292 -18.995417
25.675146 30.468714
-29.930588 12.307932
41.211151 25.146059
-64.124237 21.950933
-43.628830 48.674561
-17.676867 13.869225
-29.423710 -21.599358
-34.042740 6.028291
51.377773 20.417215
37.402821 -52.258331
6.880421 -34.224297
8.224730 71.333313
-52.109493 36.560173
37.990093 33.642231
15.288233 -64.327087
33.838360 32.391693
42.959202 23.991093
25.318190 30.309620
1.277378 6.020143
-12.575507 17.058138
6.213236 -15.823468
62.279518 -4.609990
22.304220 -7.125823
-30.138870 11.456518
3.119828 -27.582012
32.669392 -23.844149
31.578405 25.825090
-61.564373 -0.415419
14.074283 1.596069
58.204762 6.272457
2.863608 -38.309162
18.274466 2.832842
7.885840 -3.179841
19.233656 2.486320
7.513699 71.646980
52.631340 -36.664715
25.771673 -7.201339
-47.069813 -4.829861
57.453918 -27.567780
62.053303 -16.674833
59.504684 2.954768
53.096855 17.296989
9.020987 -6.258952
30.700233 -15.924940
-30.116632 -29.807795
-70.091682 1.768007
-63.060974 0.660798
9.913763 -24.879160
-20.578070 -42.389721
49.406075 22.478930
-78.706459 13.570082
-27.573141 19.179903
67.536102 -13.649514
7.318832 70.981895
-66.890564 10.232022
-29.567419 -28.102394
-27.786442 10.297740
43.927917 19.591076
68.158585 6.191463
55.956787 2.685787
30.450191 31.167439
-7.911031 13.377498
-64.645889 5.084272
-50.874489 36.919502
-46.124783 -2.740013
68.729530 6.143432
47.949783 12.819890
15.543097 8.572701
-26.823992 20.981592
-3.726445 8.792426
0.117858 14.965645
46.406593 22.263577
0.808309 66.324989
45.346886 25.290239
51.522274 12.402362
-12.861697 -43.350887
58.603741 8.727171
58.439068 -1.809089
-11.530973 21.735647
58.932148 -20.489668
42.827969 20.899300
14.438111 -35.655533
-37.054363 7.451138
-18.160910 -30.234241
-8.522945 -44.102562
49.319447 -46.460461
-19.804583 -27.725277
21.867193 1.604933
-25.670065 -29.543547
20.973896 33.826958
51.766712 -39.230663
47.189754 22.053013
2.215032 64.571404
42.993206 21.566942
7.150959 -2.678207
19.644936 39.217728
36.849709 -52.232510
15.539524 31.026529
-50.931499 -7.208884
31.218687 -25.161451
3.864883 -38.641079
-54.868946 33.394779
15.840335 -64.085472
41.967651 28.669895
16.963247 -61.473652
11.647058 34.128067
-41.640079 0.148468
-41.511845 0.968672
9.107187 -33.335869
-28.126633 14.138975
-52.375271 -9.634089
2.289011 -28.924217
47.354347 21.654169
-35.655010 7.007994
59.223713 0.359203
-52.013035 37.928135
-14.413222 -40.367336
-27.498901 -34.965538
-47.962399 -11.018517
8.312751 -4.958940
-2.870594 15.499041
-51.581264 34.748405
-54.185669 31.874525
51.864769 -38.765739
-67.403763 0.701159
42.969345 20.281059
-29.207079 14.348231
-67.149406 10.623224
58.833538 -14.037104
59.647221 -10.033498
37.580208 -52.897610
-29.634052 -26.467228
-13.917306 -37.090042
30.393467 30.481201
6.239246 -39.786339
-44.329193 48.559063
18.867821 -17.122271
10.380893 -24.825890
8.788974 -18.182730
-17.126465 -38.354061
-65.283623 12.884452
-54.440872 -3.910147
6.240276 -33.812756
-31.055565 -26.481493
7.869102 70.546066
41.891640 20.706280
-54.451084 -7.207824
24.582882 -11.259501
19.194670 -10.587661
-58.690517 -5.634347
-23.739126 17.763346
-5.984484 11.423057
-50.838490 -11.189925
-52.121437 -7.633452
-11.044965 -49.270184
21.051870 -10.608889
35.660393 34.284077
49.166313 -41.269684
-18.786545 16.951868
20.770794 39.768059
-37.830376 4.361436
-5.330509 18.802471
6.523698 -33.462708
62.256828 -7.073656
-54.970047 -3.954792
-12.644734 -37.054932
-8.507720 -38.979584
-19.823399 13.321181
17.125803 0.402499
3.625831 5.320354
-65.674118 5.232807
24.582949 -11.259452
35.003429 35.674847
60.518223 6.994065
-18.902361 -41.070400
-33.708683 6.337587
-11.044447 -49.269444
7.371509 0.453953
2.648017 1.627237
15.736575 6.109190
-66.303070 11.119472
-65.590836 12.674909
-12.637697 47.370293
57.533298 -24.732153
-23.659304 -30.675539
49.439056 -42.609905
16.160795 7.990054
-48.031784 -8.478833
-27.385792 -27.212183
19.410244 39.775791
17.906401 32.970264
-21.834549 -40.949314
-42.110283 -1.736658
-23.956615 -28.316214
25.359015 32.767693
-13.889908 -50.063244
17.855837 36.569817
35.813179 27.370129
-54.486927 33.850414
50.408009 20.804871
11.244714 -39.315205
-47.962219 -11.018516
20.056553 -11.900780
26.922852 33.250866
-37.097366 -0.389671
59.796577 -14.955582
-30.444138 -43.488258
-41.520554 -5.368954
-44.225685 48.279858
-47.656223 44.429337
2.930391 -4.389319
8.216871 70.816650
-0.234107 4.523244
6.043135 -8.821704
-25.410913 -27.589060
27.054646 40.018505
-8.263143 17.483173
42.002136 29.301193
-51.394073 -5.762239
-46.092049 46.401184
-67.542877 11.511866
-67.466171 3.523573
-10.453467 -46.972054
-7.274274 16.146622
-6.427757 16.162254
40.223877 26.697630
-61.375759 25.915548
-54.279110 32.997471
38.337608 27.425503
57.168201 4.893775
51.065594 -38.981007
-30.381571 -42.290909
-34.407387 10.696361
20.190430 -12.082803
18.231619 8.293395
2.248148 -33.526859
-2.230209 9.329135
-63.949200 18.791342
10.781356 -22.354197
5.305100 -35.632992
34.129726 27.563503
58.552998 -1.294935
51.895035 -38.802998
-65.209343 19.004990
-48.041622 -2.452711
10.096244 -14.151748
-47.761410 -6.213308
62.053410 -16.674450
10.420588 -22.994926
19.707491 38.123322
30.679396 26.029654
51.301567 9.275312
43.595032 20.232054
-12.412398 -52.973122
-20.151941 -29.619894
25.297167 40.739536
24.717550 30.259661
2.255148 6.269794
7.475776 -43.728302
8.632698 -39.041298
-15.709176 -43.147144
-62.029339 -5.325087
-12.629280 -49.386749
-64.491592 22.829496
19.646559 39.218487
-33.118176 0.817121
20.174873 37.970116
-31.522978 8.738239
7.318832 70.981895
58.539913 -7.930480
23.940228 34.807411
-1.593142 -40.399162
52.399361 -43.719440
-8.723828 17.889492
3.260352 -36.831120
-35.654457 6.175253
-3.246738 -41.804070
-49.350819 35.747833
22.119938 35.140575
49.965626 23.327324
52.310513 18.983492
-18.876764 -40.071362
39.173473 29.492292
16.057039 -63.641796
8.159036 5.067151
-40.562981 -3.397719
-65.995293 7.743083
16.438692 36.990551
37.573956 31.534948
59.005684 -21.261658
-28.897968 22.248058
41.773262 26.390278
21.093451 44.079967
3.994576 -19.879725
17.347429 42.040134
31.466209 -16.781082
2.829204 -41.123734
53.054077 -37.012760
33.394737 25.416355
-28.794222 20.994974
-26.031265 -33.519352
6.487062 -27.329674
51.728077 9.852803
53.054077 -37.012760
8.067371 71.521973
19.089901 -12.116089
62.446445 -15.860227
-1.709211 -41.986652
-22.867392 10.785195
49.029541 12.515411
62.256828 -7.073656
20.988848 -12.048629
12.771880 -14.577770
-20.383945 18.518618
-11.184497 17.336018
13.743784 33.776138
-17.377121 -35.191269
-27.934166 -29.382145
-60.655689 26.085558
-29.108046 13.693466
-66.925873 9.231472
-29.285938 11.995208
-40.308937 -2.339420
-42.626057 -2.022717
60.773167 -27.869543
62.256130 -7.072999
62.256828 -7.073656
-28.717535 11.460114
19.855728 42.444283
57.453617 -27.567793
20.102800 -12.863574
-24.941826 -24.834146
11.069601 -21.036867
-63.230656 -0.301479
-66.822876 19.348215
-30.678295 -24.352901
-43.628830 48.674561
-60.914722 25.540726
-58.093933 31.568106
-3.178800 2.123231
-6.541560 10.102539
-1.350795 3.865824
-57.921356 -7.071170
49.319336 -46.460506
-17.291887 -44.258041
-31.129169 -25.675474
25.142094 -24.804663
-18.539450 -41.276394
38.006306 -52.158451
-79.379250 13.839575
6.657096 -29.970200
32.284119 -24.515959
20.428350 35.989738
-27.060272 21.851242
53.060009 4.690467
-65.601738 17.756384
50.551792 15.077267
31.466209 -16.781082
-9.160728 18.244150
-1.906402 -42.170837
60.993893 -10.205410
-2.805984 -41.994232
4.561029 -35.027092
15.556538 -35.199039
-27.962341 -32.692352
32.015377 -27.611073
20.518322 -12.142211
19.068449 41.418926
29.745796 38.017731
-30.659124 -26.890434
-13.629029 -43.832230
62.256828 -7.073656
9.481891 -26.029610
16.658401 -64.825760
15.288233 -64.327087
60.672764 -2.782611
-18.223104 -42.609505
-46.701683 45.494457
21.950367 -11.249861
35.166931 -53.354271
-51.581123 34.748383
20.857445 3.836059
-23.231735 -34.540714
-18.659058 -36.942833
57.852764 -19.496799
3.425065 -27.851635
49.439056 -42.609905
61.218063 8.396798
-65.247551 16.325665
-9.829165 17.244921
65.374878 -10.375925
51.909985 20.400562
-7.284655 21.199703
-0.081721 7.193626
-28.569618 7.937493
0.502343 10.439340
34.015045 35.470566
-3.393657 14.045109
-60.835720 26.401320
59.316154 -16.033863
-2.998022 -37.779102
19.766363 35.937920
59.925369 -26.756777
-55.413857 -5.764595
-63.581814 3.307073
22.028255 -26.603649
43.951748 20.846029
29.416641 34.647697
59.531345 -10.125420
-63.175125 -2.032021
-14.822083 -43.727676
6.066857 -34.094540
30.679392 26.029640
58.296318 -19.264345
-16.204781 -36.427227
-29.519873 -27.103779
-62.382862 -1.537337
-65.615860 14.581914
53.203083 18.002331
65.178337 -10.222528
2.562001 -36.833069
-61.056938 28.337255
37.826504 26.360327
-29.034733 15.190981
25.977966 33.522766
62.257164 -7.072312
5.694005 -7.825177
2.143761 7.653700
-0.453442 12.091540
48.509888 25.681168
-26.485510 7.690204
6.916791 -28.915310
-26.750751 -33.512295
4.792827 -21.331436
-12.935768 48.900028
-34.924706 -25.750729
-7.626649 19.325199
-11.211601 11.559310
51.040348 15.619019
-6.024097 17.746054
18.915602 40.606647
-54.678616 -8.209472
-30.599201 -27.395775
-25.120680 -41.066299
30.701124 -26.924702
59.671352 -25.411030
31.241415 -26.057510
9.544923 -25.196915
43.995956 21.891220
52.474167 12.220344
52.631340 -36.664715
-27.886974 -32.297367
31.795393 -25.819014
-11.733708 47.950420
16.988327 0.213513
6.251369 -1.803076
43.250362 20.280758
-20.269529 17.190548
-1.166115 -33.101013
-55.666492 30.351688
-19.243414 -46.256504
53.668640 -35.519714
-4.178259 12.319279
-61.306099 27.751909
-29.894709 -35.671532
57.135700 -20.260324
-8.665840 -38.985519
-0.974046 10.635113
-3.098758 7.588991
8.159036 5.067151
32.728756 25.993017
-22.241959 -42.129684
17.161621 2.222387
-20.787260 -42.413811
-70.351631 6.589525
-15.626872 19.310539
-13.894888 -38.695465
6.177732 -4.068079
0.168860 5.257478
-13.714056 49.225109
-31.237164 13.574664
-55.712437 33.935051
20.016169 -61.977592
-23.795561 -29.392744
-12.507948 15.814257
-58.420269 -5.996094
56.516384 -1.127567
-18.742355 -30.753193
24.704899 32.342804
42.837067 19.929703
20.380661 -11.271992
16.567892 32.164280
-6.108259 -40.120659
-5.975456 -43.134140
59.552063 4.412223
32.994755 -25.125187
7.282152 68.205582
-3.975193 11.475705
5.728055 -20.170036
-7.234116 16.191643
52.398861 -43.719460
-63.209141 3.693014
23.742437 35.458290
-3.570145 14.253959
-4.702449 16.142342
-59.429008 -1.953480
18.748602 -11.132436
19.227507 -11.503594
17.894430 3.063954
16.340488 30.576263
49.404430 11.668996
-62.121685 -7.804152
-62.121662 -7.804064
10.738878 -15.141153
-60.044788 -9.404868
17.390905 32.075428
35.300842 27.012583
37.580208 -52.897610
21.028128 2.236993
31.466206 -16.780903
39.421192 34.803631
18.643190 -10.654083
57.454079 -27.567759
34.002922 32.809525
-32.835804 8.010809
-30.401884 8.677576
-29.697245 -35.562855
-30.368090 -22.800472
-67.175133 7.329123
59.695496 8.061824
2.055850 65.329239
-5.173285 14.803143
60.030270 -9.537506
5.758916 -28.670029
-0.252805 24.009491
-0.409763 24.202909
2.768533 65.478714
40.653137 -50.696659
51.766712 -39.230663
43.966560 21.473009
-57.274532 -5.867856
53.259930 8.791028
32.609081 38.376076
-9.019641 14.523578
30.246048 26.742161
-66.588974 4.377518
-0.409763 24.202909
-29.351339 13.176094
24.497744 30.068415
32.633694 29.985691
-24.856777 -23.813765
-66.793945 14.057502
4.929393 -28.704615
0.536555 -39.074554
-23.308876 -26.833326
-29.692898 19.844891
60.056664 -15.092167
-70.159683 5.934348
3.415397 4.705607
-17.058376 -48.712223
21.958487 -26.516165
-58.347397 -5.006263
1.352928 -36.631981
-29.829302 12.465466
-63.438992 12.240064
-16.178318 -41.127155
3.243888 4.263684
-50.293961 -5.086702
37.401360 -51.577988
35.435863 33.761879
-10.570644 -46.412441
52.589184 3.990989
22.119455 -3.306342
63.361679 -7.393096
16.725447 6.133254
40.934879 27.996479
30.946339 31.447920
-68.728302 10.366010
6.472847 -36.583595
-34.924492 -25.751110
4.961224 -1.178703
5.982781 -14.415597
-27.822235 -26.025858
5.606632 -16.612776
-66.923050 18.095188
2.661155 65.954155
5.705716 -23.119270
63.363430 -7.388380
11.362759 -21.161295
58.264915 12.386258
-34.608860 4.544135
-34.573044 5.168145
-19.275131 15.241117
24.538193 40.184059
37.402821 -52.258331
20.428167 35.989761
68.169487 6.946912
-13.137548 19.225649
-6.453176 -42.224335
63.361263 -7.394279
-49.813534 39.215885
68.964767 6.455877
31.334723 32.951511
22.395065 37.238289
-11.560370 18.065384
15.078104 -63.887402
68.043991 6.815012
-8.500370 14.669406
-25.613819 -24.889761
32.496216 -27.459551
-44.052959 49.653179
-57.056335 29.536053
-0.409763 24.202909
-55.251373 31.916239
-19.560738 15.531738
26.116779 31.528534
-54.933804 -11.493717
15.856403 3.136055
16.363857 37.135517
-14.638893 20.330679
-39.216225 5.054541
-31.921719 -25.076691
-25.841101 10.062254
4.003857 -13.640288
27.671381 -22.389374
17.577196 38.789040
12.769405 -14.483601
21.026400 2.238508
-64.398079 0.645119
23.191021 38.896229
-64.533638 22.544975
-41.599072 -1.303946
-5.649270 11.247402
-59.195801 27.863321
-49.622726 -8.734872
2.946145 -4.432503
-3.143024 11.226910
-12.415298 48.241573
-54.142540 -6.485289
-28.564579 12.960988
-26.465525 -26.136469
6.599186 -15.502540
-22.682034 10.834312
-63.780777 25.887566
2.503325 -43.301716
5.668657 -43.234837
-18.572403 -45.052670
-9.159861 17.253473
-29.423508 -21.596668
-42.421810 -3.221733
8.072216 -27.457510
-49.710735 -6.105122
1.283036 -38.235764
2.057036 2.209821
-45.721508 -3.404235
-29.009605 18.863956
11.993257 32.853573
36.316044 28.188450
-44.337231 -2.702628
19.198593 37.705379
4.828873 -13.155277
58.238586 -1.085663
52.263798 11.362848
45.404392 20.821032
-20.696037 -26.228434
52.333546 10.515078
-51.308655 -19.084757
-27.903919 21.815689
60.355156 1.312421
16.027943 -63.252914
53.535469 3.929671
-66.074142 16.057999
0.638811 11.911992
39.745419 32.927166
19.936666 -9.541766
-3.068403 -42.491463
4.744366 -35.284882
5.964485 -22.338194
5.964507 -22.338192
19.167566 4.057043
-27.992840 9.018853
21.878397 -3.315782
39.663982 31.712374
-29.903595 -42.435982
-29.911686 -41.956211
-11.615385 -41.413231
7.103340 -14.898394
-0.804580 9.583819
-66.883377 22.133408
-61.544300 20.213869
7.835371 -15.643330
-7.412805 21.437407
-45.870663 -6.261863
-27.814142 -36.965435
-23.059641 16.407261
-9.635483 -43.031284
18.901098 40.291550
-3.606212 16.146616
-57.039978 -4.985381
-2.420579 -41.422825
37.016125 -51.695751
12.373601 3.329968
13.504465 3.420114
-20.343494 13.728815
1.433618 64.383072
50.989784 -42.226650
10.621774 -20.430960
17.610659 41.510868
-13.434762 49.232063
58.103611 -14.236161
34.216858 -25.849194
6.151271 -34.174801
-29.367680 -28.241343
-47.168732 43.606030
21.376513 40.098335
-14.045267 -39.622879
46.498058 -46.180470
-20.834009 -34.600426
17.205408 -63.885326
-2.787615 17.318869
15.187074 -63.412544
-53.172543 36.153236
15.610752 0.926711
55.466846 12.958127
-8.500525 18.863726
58.277809 -25.485725
16.650486 30.884607
-18.161848 21.335476
-55.471375 29.302919
-13.167656 48.377968
-43.628830 48.674561
-64.111244 11.209543
34.171059 29.812883
-79.379250 13.839575
-48.256287 42.468422
-57.674461 30.684031
63.356930 -7.407397
-28.111938 -20.055374
-15.094983 18.303074
9.128909 -33.478798
-43.628830 48.674561
-41.262089 -2.507722
5.124100 -33.975864
22.322227 -7.221742
-36.883896 -0.326445
19.392618 6.473679
-14.754648 14.778633
-4.065794 11.801928
-39.314934 -0.034864
43.666176 23.631529
-11.461691 15.128823
-60.921162 30.352148
30.409464 -20.947903
-25.120625 -41.065731
17.127308 -64.287216
-42.671700 -3.912146
3.271681 -13.743244
-16.809774 -33.663242
49.166199 -41.269691
47.213295 15.631660
0.029982 6.084113
-64.305603 18.436150
58.265404 12.385581
-1.040309 5.060582
32.480885 -26.375996
-61.290359 -3.266180
6.664433 -0.117344
-38.963238 -2.165744
14.911710 32.189537
-28.055212 -33.431839
-42.396645 -4.543681
4.402312 -1.294838
23.914822 36.009415
14.951757 5.045875
-13.712875 -35.451771
-0.555403 -38.420872
46.244133 24.183550
50.416527 16.372990
12.990471 7.748005
-28.892895 14.991176
14.000543 31.520870
-32.780750 12.993627
2.444278 3.006598
25.803864 34.083302
-11.456059 -46.020969
-30.832930 -23.617008
21.391769 -10.025108
62.224087 -8.081593
20.449482 -10.055833
-20.502251 -35.935360
-8.045856 -39.516068
-21.238958 -34.200630
59.435947 -20.267818
59.020340 -21.268188
59.316177 -16.033844
-43.722279 -3.220156
22.951933 -16.768866
-7.192543 19.194744
13.056701 33.354073
38.478661 28.751141
0.662182 -35.800529
0.940219 -35.589146
19.152050 32.364929
60.773174 -27.869543
14.438111 -35.655533
4.911072 -14.808765
-0.252805 24.009491
-15.513276 -36.769798
-51.308655 -19.084757
10.919789 -8.814769
58.859547 12.342431
4.504730 -21.275488
-6.251489 -36.897327
-32.246990 12.834023
40.625881 21.542904
-66.072487 5.174879
-27.226475 -24.742704
-22.768654 -33.964203
-1.724442 -33.488995
46.498058 -46.180470
-35.831619 5.928591
-24.284927 -25.942200
36.846478 28.286320
-6.857279 -43.375977
-60.935993 0.714246
-65.130005 11.519408
3.640311 -1.330539
52.714111 -36.593899
53.961452 4.222671
-6.022845 12.866759
-28.900202 7.960093
17.660728 41.904930
32.609493 38.376038
42.055885 27.398684
8.159036 5.067151
62.246319 -5.420100
-24.529358 -24.883932
-39.757847 -1.426053
-63.848904 16.297747
7.267026 -14.642458
34.517632 26.805689
30.689360 -24.717489
-43.181118 -4.667337
-46.822018 43.975655
-29.673815 21.242481
11.947167 -15.021658
56.665825 5.689259
5.313262 -2.919765
-66.353325 12.356297
35.915276 27.044655
-20.744602 -26.852880
-27.713818 -22.789103
59.110714 -22.183924
-25.455414 19.849033
-15.030459 21.989126
59.926079 -26.756012
-30.095243 19.819286
-39.092739 -2.669767
-50.337391 -8.638687
-51.203156 36.965233
27.153919 32.801121
14.783993 3.125192
0.391125 15.099465
19.184446 -61.102409
12.181734 -24.531727
12.275923 -23.338058
0.024808 5.540121
-69.082390 11.507749
7.229278 -16.956987
67.536102 -13.649514
-18.518517 13.768169
-18.132994 -37.149002
-67.515976 9.842129
-27.866899 11.928813
7.128484 -16.910782
-35.816895 -0.087146
20.721992 1.380280
20.789696 -9.551656
67.535927 -13.649512
19.929544 5.179577
10.941531 32.831852
-11.567475 48.599575
-64.297401 5.873752
18.638800 4.479987
18.984993 7.956021
6.183684 -12.498432
-12.434517 15.167166
43.653034 24.538036
-37.126133 1.367609
-44.735897 45.263012
38.689896 32.652714
-27.404047 19.574091
-27.911339 22.386511
4.706189 2.377003
-5.429450 21.242357
-10.691121 11.464877
59.859081 -19.764101
-16.994495 -33.096188
57.146019 -11.764997
5.322798 -31.738935
14.807555 7.458067
13.833671 2.984432
-47.728630 42.119663
6.635633 -14.320932
-17.126442 -38.353443
7.869102 70.546066
23.612789 33.631420
-28.055984 12.746343
22.104229 34.728523
-0.499516 -40.425453
-42.934875 -2.862155
45.115124 27.074955
11.054290 -20.779665
2.661155 65.954155
-15.003429 -38.812206
-64.502243 -1.568961
17.933899 2.003662
-22.592737 -32.424488
4.974407 -24.621803
4.424070 -25.177757
21.028046 2.236996
37.742195 -51.699654
-60.985649 2.368808
4.109764 5.416346
7.318832 70.981895
47.543186 -44.088642
-21.146282 -34.982937
6.660065 -24.356674
21.999266 -0.639567
-64.672829 -0.000175
13.170384 40.320129
-6.469479 16.744217
-6.060759 13.556919
23.973669 42.049244
56.113949 3.441438
31.768820 32.613853
13.863023 -11.500538
55.217735 12.076306
26.226473 40.024940
42.035557 29.102777
50.652977 19.747490
22.794048 -25.349234
-64.537056 1.294620
-45.984779 -2.535636
51.609951 14.971172
-0.604774 -37.103645
47.543182 -44.088646
26.089928 32.512558
-16.006420 -42.831604
15.201347 6.577824
29.399426 31.388803
30.179523 -26.731623
18.057241 -2.998932
-46.641083 -7.062729
20.249054 -61.341610
2.349835 2.291008
0.073127 3.937748
62.256180 -7.072707
25.536360 -27.032005
-21.367752 16.432529
11.681098 -18.953154
19.931574 -10.273636
21.197033 -11.459599
-17.501825 -39.873760
4.050055 -15.062012
45.194885 21.140776
-26.097776 20.697041
6.554566 -0.709854
47.335583 22.158220
59.442970 -14.142511
35.166943 -53.354473
-51.405052 32.805782
-60.044666 -9.404840
25.204237 30.424324
-0.185253 -43.776691
61.918041 -18.806635
38.337727 27.425629
-7.156323 17.763426
-32.613228 6.231874
2.589069 64.841125
52.588436 3.991059
-64.784149 18.506800
-25.923819 21.748211
5.684187 -5.446996
-14.536158 17.568752
7.823002 3.659394
-67.993332 11.953631
-18.161846 21.335476
8.526634 -35.430508
57.467262 -25.509413
17.126329 32.604225
2.128509 66.480057
1.604574 65.870972
-65.360260 15.518121
18.264986 32.229702
-56.775192 -5.409679
-2.421034 7.661833
-35.134323 4.967238
-30.767385 11.114978
10.939068 39.179317
9.020141 -1.177664
-64.932854 17.558605
-60.054478 22.994822
21.571566 -10.858956
-24.633936 -37.868172
20.185356 37.810188
61.225525 8.221772
20.345831 -61.381191
-59.064686 -8.842952
-20.180962 21.353668
57.001495 4.355789
15.660832 31.551678
-2.385550 -39.853622
6.469486 -2.897179
-16.353024 -36.076820
30.219021 26.684641
31.163097 -26.645573
-5.978743 -44.977947
23.649057 43.318909
-0.877582 -32.873093
-55.214905 31.339151
17.886824 8.505921
17.005415 3.046672
7.716576 -42.893745
17.435781 31.389286
12.247357 -0.061569
18.015377 -1.125738
63.356178 -7.409330
49.404404 11.668965
9.513120 -2.354765
57.897255 -12.679439
16.163208 7.646156
1.715204 66.658485
10.131389 2.306658
-63.272232 22.147993
12.027400 -25.078489
-63.101231 0.371104
-9.572127 19.016375
-26.756279 11.934341
-47.147755 -2.270120
-8.177606 -39.018990
58.103668 -14.236354
15.683352 -63.672756
-20.820934 16.647186
8.103881 -29.361105
18.867805 -17.122303
56.136131 -0.938697
60.015125 -17.716057
32.688992 -24.324987
-11.815786 18.995275
-23.279564 -32.445362
52.399357 -43.719418
51.302315 9.275333
-20.672009 -26.685936
-29.203783 -38.448242
55.801575 18.470140
-56.241623 30.910048
-61.280411 -2.109478
55.639355 16.704309
-1.069663 -36.962036
-8.304757 -48.728939
31.466143 -16.780933
55.719292 14.702942
-62.852631 1.840131
-20.150028 -39.631508
17.672928 -2.000045
2.553747 -37.101219
40.446655 -49.216145
21.027792 2.236408
14.391880 -27.260624
-33.132515 9.001514
31.626198 -24.721117
-14.867173 17.977201
-3.893923 14.579290
-5.080790 16.646154
32.239017 -25.811811
34.281120 -25.304829
68.573380 6.058508
58.103203 -14.236365
2.072568 65.505135
-60.189495 -0.618485
-24.783371 20.088684
49.833572 11.393160
2.651600 64.972374
27.093880 30.342249
-39.709244 4.010946
47.400005 21.929586
51.252720 -38.499496
9.660016 -24.432840
-29.980299 13.995389
-24.783739 20.088673
30.701078 -15.925562
-53.538853 -4.887308
-48.679634 40.977634
36.721245 33.410084
45.647423 25.246645
22.849945 36.367538
-13.034726 49.753605
6.637499 -13.377029
16.297993 -62.883850
6.328707 -3.895064
48.433800 19.767841
-28.757547 -28.726959
-30.082596 14.610329
30.768635 33.031425
33.251812 -25.675587
1.441121 -34.446114
56.412174 1.911419
-4.136026 11.743562
32.902000 -23.186014
10.629628 -38.368858
-63.583187 -0.599936
-61.997578 -0.723072
46.676777 -46.132370
-62.936546 -0.706219
3.889455 0.250825
18.496309 35.984554
10.708487 -5.501760
-8.306012 -46.301987
14.570097 -65.599991
17.003136 -64.482002
29.413208 33.111607
20.475281 4.527669
22.319567 4.800408
18.254322 6.578765
12.439211 36.348701
-39.698891 0.829802
6.527222 1.636978
-33.132317 9.001507
1.867568 -31.881582
59.243912 2.569097
39.417023 28.004450
1.724919 -33.571014
-29.778967 16.065685
-29.921371 -42.448776
-38.112579 2.071279
-47.962219 -11.018525
30.864065 -26.061384
13.170242 40.320595
-25.014530 -36.559090
-1.918397 11.081392
22.036980 2.719860
-34.033272 2.824436
-61.201977 -6.836457
1.570759 65.058174
-33.471035 4.411195
2.022038 11.415474
-25.972321 9.817389
-23.664568 -21.867819
9.870177 -2.903739
-51.308655 -19.084757
33.161808 -26.848083
-65.146782 24.227448
6.884326 -38.304173
-31.251949 13.605005
-34.195244 11.665199
1.926132 -26.025927
3.730460 -12.585776
-0.739318 -32.757191
38.307007 32.324673
12.990325 7.747904
55.022015 9.152225
-29.323936 9.895407
8.581368 -31.473614
-66.263535 10.046372
51.065594 -38.981007
-54.933762 -11.493747
14.783976 3.125192
-26.617697 -31.233009
9.288902 -23.156429
-49.694580 -7.536734
14.794866 32.674042
-51.338737 37.342403
-56.404339 -3.620822
-28.549488 -33.137840
10.131406 2.306673
-12.285389 48.631565
-23.664570 -21.867649
37.988369 28.666224
1.937536 65.149025
-63.432129 -2.385443
-22.924860 -29.917959
4.586058 -11.156885
52.588329 3.991022
33.174194 26.493435
-62.801537 0.194508
-51.308655 -19.084757
-1.340920 -35.209885
42.063469 30.295975
3.472321 -1.735315
-65.058632 8.685350
22.090641 -10.813776
60.773167 -27.869543
-28.112247 -20.055250
2.378463 3.860701
13.175596 34.550125
38.063362 -52.553238
5.189233 -36.829586
-64.490623 4.241446
4.510644 -20.000959
13.368475 3.386516
-37.806362 5.230481
-16.778696 -36.342564
56.135429 -0.938771
-5.469194 -41.280762
57.730915 3.872137
-14.508778 -38.926216
33.991791 30.726557
-33.245251 2.883595
-18.085339 -32.809395
-18.956676 -39.357761
34.578655 26.964733
-65.019592 3.535841
51.619091 19.653835
31.466236 -16.781164
18.144093 5.762690
9.358494 -14.275088
61.071087 -6.635037
-54.043411 30.337656
-38.193573 -7.368433
23.649424 43.318958
-14.152006 17.666536
-44.052959 49.653179
-19.603701 16.226871
-62.190800 24.150274
-16.373463 17.854399
60.793427 -13.370489
-50.375191 -5.875244
56.237576 4.635631
-33.112312 10.394055
34.330902 29.353107
-0.738072 -35.101528
-65.486008 -0.279140
27.324945 32.363686
50.482285 15.061323
40.653366 -50.696770
55.165260 12.030815
17.801628 5.205764
13.663528 -16.830473
-78.706459 13.570082
52.522179 -37.341991
59.768070 -9.219728
55.022278 9.151999
-20.171652 21.467117
-26.669615 -32.921577
60.663391 -14.117206
-37.514442 6.440979
-48.295147 -6.670795
-62.883865 22.098845
6.416436 -31.953619
-62.203365 22.338835
-51.308655 -19.084757
-70.351700 6.589574
-12.494061 47.455315
9.480559 -38.913578
2.247133 -40.597206
40.564381 27.312109
-55.423649 -7.633451
-20.387201 -41.738255
22.277889 32.952007
56.208122 10.410200
51.766712 -39.230663
-10.185465 19.079290
42.351093 25.650694
40.304848 26.966593
61.579056 -3.112817
53.231407 9.657604
-58.346573 28.872517
47.543190 -44.088642
25.329996 30.198763
-67.072746 8.790330
-27.655472 15.019388
21.025713 2.238812
47.866207 20.435911
32.132072 33.208008
38.673050 28.239986
-29.638611 -27.206223
49.439056 -42.609905
22.407110 33.620270
-56.271587 -3.584643
58.828045 -23.551224
12.990449 7.748094
52.866055 13.965976
-46.454071 43.613785
-48.757908 40.888344
-49.813087 39.476593
14.195423 33.096760
-14.470387 17.313005
49.431061 -42.610619
51.766712 -39.230663
-4.070039 -42.240459
4.446277 -27.481722
-13.298968 -40.195091
-30.118551 13.238405
59.150932 -0.105411
-63.109661 -0.805127
-36.653484 -3.522221
-21.372658 -30.315384
-66.496857 -0.795736
-18.085871 -32.809807
37.042816 29.646589
15.478901 -63.018974
-24.837719 15.501266
-21.510643 -25.506201
-25.486746 -26.485102
68.576302 7.053081
-46.701881 45.494396
-3.686126 -42.498909
51.864769 -38.765739
60.793491 -13.370365
35.166943 -53.354477
-20.757685 -32.175400
40.653370 -50.696770
47.543186 -44.088646
-62.007366 -3.680239
-10.178416 17.974796
60.664330 -14.117058
51.065594 -38.981007
4.846230 -24.306215
59.954327 -8.573783
-13.851171 -45.470417
2.972018 -32.894386
22.407087 33.620358
22.502821 -0.454403
-30.380381 -22.752342
-11.639656 48.488159
6.924566 -32.420429
-46.630089 43.947002
2.670779 -39.455669
-63.886932 8.299379
-51.242943 -4.914425
-33.230511 7.625456
16.342012 6.922323
-60.411236 -4.307112
-64.652893 -1.279272
-26.068689 9.014181
25.538610 -27.031967
-13.412746 48.623844
-78.938599 14.066114
58.545822 -23.999420
-30.095247 19.819387
-40.963028 -2.104857
-51.308655 -19.084757
53.301838 3.378553
30.914087 -27.414299
16.237247 -64.930595
-30.158085 -41.902790
61.217693 8.390608
18.991266 38.173130
-55.751747 -7.568621
-23.106480 -31.157335
-31.759417 6.563146
-19.203260 -30.141459
7.926726 71.606041
48.329636 11.986683
-9.994824 18.003992
32.380672 -26.849661
49.431061 -42.610619
19.856209 42.444302
34.547962 -53.637638
46.498058 -46.180470
43.114803 20.235188
-28.775583 21.307556
-19.166367 -28.542551
-21.185616 -34.428749
-20.816793 -24.939724
-24.422323 13.816037
23.974409 42.049484
-38.193626 -7.368433
-63.701138 21.066807
36.595573 33.493343
52.310574 18.983547
-24.476665 15.587574
19.970778 -61.972652
-78.706459 13.570082
62.053329 -16.674847
-18.772566 -43.796989
0.928325 7.588886
-0.889166 -38.528347
19.048580 -7.192347
16.821722 -63.289967
42.944176 26.578320
59.671722 7.683190
-43.628830 48.674561
13.018705 -32.826412
-33.131866 9.001668
27.978849 -28.787945
52.631340 -36.664715
15.960723 41.060925
8.526640 -35.430862
8.652666 -8.371934
-62.919411 -3.162301
67.535927 -13.649512
-20.634098 -25.010729
-5.613964 -37.767498
3.012630 -19.577574
-31.959723 -25.414528
19.707239 -12.773027
33.650951 -26.964815
-38.684170 2.835673
-29.916828 -41.953110
-11.044966 -49.270126
-12.703738 48.990337
-13.798743 47.962185
-1.819341 6.046312
-63.955688 8.554928
-26.214235 16.232119
-63.781281 25.887556
-26.105940 -35.425007
-16.478634 -47.790359
22.521282 -27.785490
17.940681 4.753513
-64.465370 10.140728
-10.723159 -52.385475
-14.862635 -48.272434
-55.732178 31.252211
25.771795 -7.201352
68.508766 7.064458
-3.178800 2.123231
54.337273 18.606680
-26.557245 -30.463518
60.773922 -27.868322
-79.277573 13.136864
-7.902329 -43.454628
21.499580 -11.753842
7.475776 -43.728165
39.664181 31.712368
52.589146 3.990905
-0.409763 24.202909
-62.659218 15.122577
14.467208 5.544984
-56.077450 -7.879619
35.778286 25.134903
-46.501106 -3.989951
-60.002895 26.225079
4.617581 -13.803301
-0.453462 12.091549
-30.342457 -42.350693
-34.471695 6.507521
-15.767582 -42.436798
-15.767582 -42.436802
11.858546 34.614449
-4.796120 -40.197800
-5.832859 15.350008
-28.110525 -20.055597
-52.419731 -6.211687
20.428219 35.989994
23.181391 35.000660
-2.755653 -42.008976
32.609493 38.376038
-43.301403 -4.933318
-13.261336 19.487289
-27.910990 -34.334881
-4.697080 15.661987
-46.701683 45.494457
-15.863667 -36.664097
19.856455 42.444672
0.285723 -45.697704
18.867823 -17.122271
-32.161514 -23.883558
30.312071 -24.347313
31.440819 -23.338596
-8.304748 -48.728085
-28.716145 -31.206490
1.830101 -40.281502
-53.787056 33.026157
4.443641 -17.045052
-40.141285 -1.740170
38.063362 -52.553238
44.642689 17.308247
-63.809155 21.029657
5.824159 -28.926416
28.066742 30.121656
11.611596 -31.887941
12.527989 -36.518250
-0.780407 15.542838
48.935406 19.752531
14.312504 36.088703
-12.369275 15.762119
-8.775615 20.496456
34.029469 -24.088387
-42.525295 -6.243254
-53.245739 -8.553783
-26.312069 7.741807
-32.264877 4.633820
62.253544 -6.133115
32.545013 -24.837189
-46.701878 45.494392
22.961571 -12.915869
-63.701504 20.388193
-30.239111 -42.441502
-62.392933 23.371128
45.010212 28.277903
11.647952 33.679054
9.133430 -15.837984
-3.755594 8.556990
42.231857 27.849819
-37.024864 -1.064636
10.584252 -40.428268
54.305050 12.407797
-20.662579 -25.722824
16.467918 41.762585
15.610444 -62.912380
61.218063 8.396798
16.071655 6.330345
-66.286453 12.452268
16.963192 -61.473644
11.078130 -14.957141
-47.656223 44.429337
3.783130 3.488383
-66.741425 8.343690
3.363559 -21.506144
-6.367670 -44.544441
-20.181118 21.353647
-20.769676 13.589613
25.538580 -27.031815
6.021434 -40.837982
33.888218 32.352100
-38.457947 -0.791136
-19.068949 -35.686897
-44.736301 45.263794
-65.141869 17.032162
-4.155621 9.481223
-52.710522 -8.392228
-54.279076 32.997974
-11.644917 49.026745
-50.987591 37.800285
-45.666382 45.857899
10.925493 -17.157843
68.953377 6.314061
61.217693 8.390607
-13.711228 14.488583
52.359161 8.418019
43.713326 23.317003
-56.214092 31.866674
7.227767 -6.525455
16.071634 6.330332
-52.204098 -6.841883
6.430154 -4.008498
46.167324 19.168791
-29.300947 -33.218998
59.615944 5.771069
-12.412396 -52.972961
60.486717 8.766258
-10.452319 -45.367912
14.309180 -34.374283
-31.417236 -36.968750
-67.189903 10.420240
-31.417215 -36.968857
22.952282 -16.768883
-24.784815 -31.360546
-28.367363 6.845211
8.281397 71.094315
67.942429 6.608020
22.521164 -27.785486
-27.069645 14.877636
2.836590 -42.977688
14.757353 10.027903
-36.653278 -3.522228
9.107250 -33.335861
-8.331358 -46.342308
30.880945 -23.267136
-19.243420 -46.255814
-43.813950 -5.167476
-63.045467 19.209698
-62.312691 26.234701
44.222809 27.100374
-1.622203 15.114735
-67.403778 0.701174
-14.815094 22.059359
4.259326 0.888333
44.663742 27.132820
49.268219 -42.609779
8.507997 -15.104911
-32.529690 10.816163
43.734905 28.274292
-13.743259 18.845783
-29.421047 9.992438
25.771673 -7.201390
3.380300 -36.894634
63.041229 -6.278233
-8.493937 -47.579369
-0.932171 7.638169
-64.410614 1.249754
10.532989 -25.083946
21.026407 2.238511
5.848269 -0.304834
9.020245 -1.177698
0.637712 8.028502
-64.701149 9.659997
52.724068 -36.587494
55.983212 6.833431
49.318626 -46.460445
62.053017 -16.673927
16.355347 -64.055374
-22.888992 10.630700
-15.286697 -49.064713
-51.153397 37.628441
-49.803947 -5.821499
-7.365833 14.982309
12.565528 33.757923
-22.655838 -31.197924
-52.371529 36.677750
2.874364 9.235273
-28.776690 11.596962
-64.988914 20.590601
14.757353 10.027903
44.763119 30.244261
-61.303040 24.476833
63.668179 6.776782
15.557133 1.934309
-38.193691 -7.368437
-23.315384 21.284857
-25.399336 -32.765087
18.916588 40.603912
63.667862 6.776550
-25.779312 -38.553925
-2.508597 13.723184
-62.662853 15.122875
-2.592161 -42.323681
36.543541 32.388149
2.720542 3.324168
7.593344 -25.763086
-16.813860 -42.509724
61.917782 -18.806618
13.115579 4.939071
-28.511763 -24.216728
-2.394717 12.700486
61.911404 -15.287527
4.617330 -33.088318
46.498058 -46.180470
-4.400033 -38.932716
-44.421535 -4.886522
-65.626984 19.890907
-9.240037 -47.662663
-62.950939 20.598045
7.318832 70.981895
-51.306076 37.107697
8.842712 -4.378746
-10.968666 18.302780
30.160402 34.162018
49.616203 20.872364
41.400997 -49.444065
-22.732038 10.812692
-20.542795 16.907146
-22.179369 -43.744801
-1.142804 8.728426
6.287966 -0.864358
-56.437695 -6.028702
38.006306 -52.158451
9.484675 -41.339577
7.318832 70.981895
-66.572815 6.746134
16.908524 4.954556
16.461023 0.547436
-4.860203 20.045652
-65.106079 1.953882
-29.920351 -42.448326
-1.588892 8.544980
16.441957 1.336040
-51.230698 -8.003979
58.194569 -9.026837
12.430711 1.648442
31.732702 -22.974094
2.503323 -43.301682
10.419353 -22.475277
-48.078083 42.008263
-56.532566 -8.039687
12.059283 32.517666
18.840940 32.886902
-24.041880 -39.173450
16.156233 42.005386
51.761944 15.250754
-38.056900 2.244174
32.609058 38.376076
-59.871864 27.318007
-24.936789 -31.107353
57.118484 5.221949
32.351437 -23.000669
2.015601 5.317279
-29.910076 -41.957920
49.360477 23.587399
15.959051 41.060654
-59.746613 -3.507456
-55.761822 -5.428051
3.304776 3.642507
-0.579877 5.884356
-65.392365 5.378687
-7.937935 11.330553
7.318832 70.981895
12.718421 32.816250
-42.467346 -0.404458
-13.249183 -48.505352
-12.412398 -52.973122
-29.968916 -42.404331
31.484274 -23.833488
-0.565186 15.695601
-14.045268 -39.622875
-13.397553 20.831406
-62.780785 -4.801414
-65.173378 15.065100
-1.168130 6.652711
-60.197960 25.387938
-65.348656 -5.956931
51.463951 -43.015915
12.121342 -30.372730
12.121226 -30.372950
-66.052223 3.237974
-1.424748 15.818479
-67.580093 6.312803
-41.882992 -8.820723
-7.437219 -42.672405
53.035397 10.172745
-24.041735 -39.175064
-35.558262 0.623669
-46.454773 -5.012156
6.274920 -40.888489
4.476785 -29.294209
-33.132179 9.002183
67.535797 -13.649520
-64.643402 15.448161
0.742986 6.335660
33.513607 -23.865185
-54.964870 32.958241
-50.762062 -18.726376
-1.686084 -46.263996
-13.349765 17.333504
2.962595 -20.508762
-52.662449 -6.305819
-3.296220 6.243029
59.679890 5.728717
31.466209 -16.781082
23.263439 36.676498
-43.228416 -1.247124
4.121861 1.578206
32.907787 -26.324177
16.027943 -63.252914
31.640348 -25.300280
-12.155025 19.820473
-64.945396 20.868551
60.538746 -3.002385
57.611183 -20.623587
8.418149 -37.130043
65.330284 -10.514923
-70.351631 6.589525
3.727914 -22.281796
-19.232487 18.811876
-53.881973 -6.960392
-57.210163 30.453222
12.700263 -21.838350
39.162350 27.399527
21.247049 -10.986589
-49.592800 39.500256
-20.725103 19.661467
-10.916638 20.185566
-5.318206 13.698514
-59.810474 28.585766
-2.856575 11.163852
-50.479809 38.215450
-61.554447 -2.766229
2.032464 -25.766752
12.247365 -0.061567
46.498058 -46.180470
17.267941 33.565853
3.947441 -25.636795
54.939316 12.118888
-24.775253 10.066863
56.136070 -0.938753
29.677809 -25.403908
-53.171677 36.151653
-39.531284 2.231166
-1.641907 7.423074
-19.215490 -37.277973
22.407169 33.620464
-47.477707 42.747833
-19.154142 14.026727
2.032463 -25.766750
-26.767103 12.489647
32.759193 26.396139
5.951975 -7.863172
2.032466 -25.766588
55.022232 9.151947
18.593018 4.480994
-17.346603 -33.866043
-14.869295 -47.357983
18.260061 2.026403
-5.181028 12.782021
-2.007421 10.064137
-25.846973 -34.657894
19.174887 -12.543413
-12.402037 -44.857296
10.878026 -9.229257
31.578438 25.824919
48.421375 21.050482
-54.654518 -6.663166
-23.665346 -21.867781
21.602333 1.638512
6.382776 -27.305616
-51.287823 -8.613321
-23.302645 -25.845081
15.892467 30.106981
-24.643158 -21.493364
55.022118 9.152277
-25.004519 21.076649
-51.308655 -19.084757
-44.736301 45.263794
-13.432222 49.582821
-65.010384 16.686405
-11.926270 47.686447
-62.081871 24.650244
17.047852 32.804924
6.058291 -25.541008
49.293472 -46.111340
-11.519930 -41.561436
7.282152 68.205589
8.110312 -8.776943
-21.302769 -44.113617
-37.813274 4.479024
5.716945 -26.603968
-46.781494 42.589115
38.006306 -52.158451
57.082600 -2.324359
25.676151 33.757881
52.873569 13.962394
0.165054 8.695700
-13.787110 15.540674
-34.106586 4.329861
37.178566 -51.676727
-66.630173 15.817248
-1.686084 -46.264160
50.866665 -45.440769
29.440445 33.040398
48.329494 11.986683
-63.474701 -4.312044
10.854866 -15.232766
-64.198982 -0.066431
9.025590 -9.762986
-9.778308 -44.996906
9.484675 -41.339836
-27.226822 20.498333
-44.735897 45.263012
-3.627002 5.851985
-27.251244 -28.585281
2.990424 6.530535
-4.850509 11.051464
-63.507324 -2.880062
-31.891945 15.642244
-10.943627 15.714606
-61.844463 23.241369
-39.531483 2.078516
-49.449341 -7.496137
21.999359 -0.639615
-56.236961 -4.805041
-19.971048 -27.390942
21.386324 0.434131
-4.304239 -43.860622
8.899499 -31.160366
-34.334072 3.850108
4.575264 4.063816
-4.939209 10.682367
25.538553 -27.031275
-15.451477 -35.580704
-24.232344 -21.980301
-66.090836 9.346646
20.795933 -14.348600
-60.466389 24.020424
-60.848969 -2.292691
-34.616486 5.889039
6.087308 -14.489165
24.668552 31.974972
21.268217 42.220020
-13.817418 19.240322
-44.735893 45.263008
-17.058386 -48.708988
-43.628830 48.674561
21.628067 -10.020651
-7.613982 16.831223
-12.853345 14.257512
-2.420400 7.723526
-0.552437 -37.305725
7.371101 -36.962894
-17.411884 17.040302
1.444928 64.933128
-59.064823 -8.842938
53.260040 8.791160
-3.138869 2.091046
36.152866 26.674694
45.442181 19.863541
0.785177 -36.207970
-43.628830 48.674561
-0.219279 4.307307
-5.792499 -40.523602
-26.300472 -21.517801
-15.522995 19.617964
-19.165541 -28.541651
44.043823 23.638098
49.035034 12.547750
50.311783 -43.551968
52.734062 11.178103
7.966478 -13.856171
7.637122 -38.409561
-11.975582 49.425674
-47.733356 41.608837
-28.338778 12.412807
-60.788292 25.876446
9.660014 -24.432888
16.915573 39.357502
-19.468498 -42.111523
-23.664396 -21.867756
31.632263 -26.415144
-2.592837 4.366264
-56.638737 28.164892
26.288033 36.187145
1.374674 65.791710
-63.453728 12.434305
-12.124071 49.429150
-55.905754 31.590891
21.208366 -12.685343
-34.832581 6.948215
59.406086 -17.181120
14.438114 -35.655449
-42.853630 -5.875928
-63.396618 21.291584
-65.555664 11.245417
-29.764565 -33.107052
-12.936221 49.413120
18.586411 -11.469650
34.863720 26.398399
-23.136623 -32.488113
68.889679 6.824608
36.820877 -52.119011
31.234104 -25.601429
-52.461525 -5.656761
-8.039317 -42.587704
-28.567327 -42.555965
3.423054 -39.256298
-67.650192 9.327757
-29.458275 -28.519884
-26.711506 11.542212
12.756115 -11.390730
2.001086 -28.309446
-18.286331 -29.643953
-23.613533 13.673954
5.233386 -20.707064
36.634682 33.625328
-43.915848 -6.322940
45.398724 20.969049
-26.630148 13.762381
31.392859 31.694168
16.887049 4.031668
2.175784 -28.916866
2.215032 64.571404
52.909531 11.000830
-2.956356 7.957860
-66.179993 11.435117
44.780182 22.628700
26.219028 39.522232
3.985996 -16.641872
1.068169 66.401512
0.556025 65.441948
-12.993032 48.615078
0.188970 -40.756172
59.020340 -21.268188
12.357808 -8.309768
-29.011324 -42.145031
-18.761316 -30.724670
-0.275863 3.067316
-68.437614 8.720817
-31.346827 9.259821
55.875072 6.532680
7.436888 -8.208881
-26.557686 -30.463526
6.480797 -29.284599
-37.259190 1.861405
59.899193 -14.733794
-13.890499 -50.063889
60.773445 -27.868946
4.139524 -15.122923
57.505981 -24.267717
36.883938 29.204189
10.285755 -12.420141
-28.542351 22.453527
1.551432 66.607132
11.422000 4.846669
5.864661 -31.139194
56.789875 9.271426
59.150997 -0.105485
51.294266 -39.290764
-46.411247 -1.522365
-9.204057 -40.988663
-23.664576 -21.867817
53.135799 -36.776344
-34.177357 9.081441
22.591145 -25.635712
61.918079 -18.806633
67.535461 -13.649511
-35.516212 1.788311
-9.040227 22.214691
-3.757163 11.546298
4.833972 -10.081125
-46.594994 43.993011
-55.466621 -6.052875
-45.773197 44.383282
-0.252805 24.009491
-50.814091 -11.136222
-0.252805 24.009491
19.974432 -10.750019
-21.521519 -37.854446
-67.165886 21.739378
-5.428403 7.592113
29.411776 33.111603
-14.412100 -40.150490
-51.406399 32.805939
-38.034588 0.300500
-12.152217 47.477844
4.457590 -36.865765
-3.603018 17.561558
39.421158 34.803562
-28.543709 -28.224129
60.772888 -27.869606
-14.596668 -37.927139
-2.544045 6.258072
17.884151 41.947750
49.492764 -40.740959
25.756117 34.137035
50.370155 -45.644627
23.973661 42.049240
43.537899 26.008009
-56.991383 -5.022607
-23.594240 21.222355
-23.618393 -26.113171
51.507088 -38.513580
-35.671803 1.951773
18.050611 -3.187589
-0.307228 10.807789
-54.934074 -11.493745
5.166211 -21.087769
2.451257 66.312012
46.748192 19.554277
6.339353 -15.220683
42.019688 25.210194
1.392425 -26.800404
-48.384674 41.430077
-29.635731 11.511108
-32.437889 11.516003
-6.545518 18.889143
-60.920811 30.352104
-0.929125 15.613961
9.870179 -2.903739
60.830273 -12.965498
-66.575333 12.592317
-20.180939 21.353674
-29.750965 -32.797840
57.453636 -27.567791
-65.159607 8.033777
-14.749433 -47.138081
-10.093000 -45.415298
18.747480 -0.748125
4.459321 -23.002764
-27.159761 13.827762
-40.400906 -0.872260
-9.422962 14.272240
59.400074 -13.847676
-21.296223 -33.694901
1.183382 65.474068
56.958733 6.410655
13.170218 40.320255
22.449652 -26.672047
60.059700 7.305469
-44.680218 -2.057284
-32.982487 2.816776
-6.731018 -38.751873
-14.698606 15.046239
46.498058 -46.180470
18.867802 -17.122339
13.866104 5.702531
-56.975555 -2.783609
-11.125153 -40.058464
-51.197868 -18.477280
-24.953600 -36.265556
15.090489 1.788357
-25.251537 -23.515638
-61.776989 0.928100
7.696562 -13.531997
28.920681 33.529545
15.787510 34.773117
58.798500 -2.002045
35.655872 34.283157
-6.865258 17.586580
58.454868 -24.015486
-5.978742 -44.978184
-47.656559 -5.004272
31.127075 -24.236267
11.594343 -13.776512
-28.670357 -30.989944
-45.761486 -9.804317
-23.613136 13.673737
-11.730805 48.102913
-13.312090 48.055351
20.986208 6.037222
-63.291470 19.432894
-18.175722 -34.470337
-7.244335 15.814947
-13.889861 -50.064022
63.353386 -7.416348
46.183247 24.693966
-19.243410 -46.255219
-79.277573 13.136864
-28.030519 20.519178
58.643635 -11.019104
-41.883293 -8.820776
-23.765144 17.714228
-30.957575 11.915774
12.636112 6.825717
-47.379578 -2.453160
-47.602207 -2.445832
15.298525 31.086367
-12.412397 -52.973068
-61.147663 27.054689
10.487274 -20.999306
-51.404297 32.805935
-25.779339 -38.553658
-25.779366 -38.553833
3.306747 -31.386784
-11.759134 -47.049534
57.145821 -11.764926
-35.584503 9.469931
-63.452942 12.434863
-53.866615 -3.634872
41.401100 -49.444061
19.196787 -9.874736
-55.925545 33.491596
-62.641907 25.103535
-12.662127 48.094482
-59.807632 25.402657
16.503557 32.069187
-15.166948 -45.096340
-41.594482 0.519057
-18.175722 -34.470341
62.052895 -16.673923
59.926243 -26.755941
49.779335 -39.874050
-45.399048 -5.661891
16.821722 -63.289967
10.270261 -13.037109
-22.312435 15.554697
-49.349899 35.747875
3.659819 -20.420794
-11.427349 21.957838
-14.732059 -34.008606
-14.732553 -34.008804
-24.053627 -25.444887
-37.066662 1.590409
1.710629 -34.180408
-14.167076 -43.737724
-25.152830 -35.336391
50.974350 18.985250
-61.186451 25.027306
23.973934 42.049362
30.014271 31.368322
-54.215858 -9.087602
47.539936 -44.089760
-36.574547 6.068481
-47.656223 44.429337
12.608582 3.873857
30.360483 -25.583447
-31.511187 -25.662203
-51.308655 -19.084757
-52.628872 -4.702580
-17.016413 17.148451
-8.159549 11.527165
8.636823 -16.410286
-50.457710 38.575848
-28.235268 19.596952
33.169472 -24.271330
30.013733 31.368326
-53.169891 36.152973
-12.465679 49.705235
62.258804 5.638430
36.700199 25.670845
-35.993904 7.732534
-56.804478 -6.241736
3.699088 -15.272332
-9.237487 -39.683102
-14.559723 -39.290047
16.237247 -64.930595
-26.727793 -34.780384
-40.849464 -2.606282
-40.849388 -2.606232
-30.230997 -29.924147
10.139986 -12.378642
-20.757673 -32.175770
-5.331941 18.801023
25.490814 40.209415
58.194565 -9.027309
58.193939 -9.027011
4.136290 -26.265051
-12.282272 17.993807
-25.255060 12.679695
-4.478686 -40.770000
-35.913746 4.064233
17.330385 1.510384
5.253216 -18.913389
29.820368 -26.039120
13.169245 40.320168
-63.432030 17.413500
12.990274 7.747806
-29.450142 10.900634
-63.106430 22.460461
-29.186161 -34.400997
-2.165330 12.547748
-41.825878 -0.317853
-13.036407 47.361168
14.513117 0.524176
10.050798 -34.734013
-11.828444 -39.511810
17.470224 8.620049
-22.972050 -24.583914
65.374878 -10.375925
-33.132088 9.001678
68.576302 7.053081
-34.523697 7.640402
-21.660622 -25.916571
52.104706 11.172708
-58.553165 27.199036
27.092573 30.656555
17.463936 32.776138
26.844746 34.676193
11.083614 -26.001583
0.310671 9.416370
-27.282501 21.583679
19.714035 -11.354761
19.645317 -12.336039
19.602259 -11.755027
34.358215 28.114481
3.928175 -24.133570
8.015132 -8.908149
39.912899 29.623137
0.107423 4.354828
59.406876 -17.181118
4.023749 -0.314377
-55.523880 -6.965348
-44.447334 -3.512371
35.240929 26.800488
-39.739101 1.421519
-23.613533 13.673954
5.564989 -15.128579
-44.735897 45.263012
55.615868 16.969917
-41.883080 -8.820775
10.584250 -40.428268
35.206360 29.572113
57.343945 4.683806
-1.668739 -40.877426
-64.947289 2.345307
-43.009857 -3.971730
-31.831926 3.620107
55.485332 14.618584
12.438581 36.348679
-19.314375 18.813881
-25.414597 -29.329796
-51.308655 -19.084757
11.875710 -19.364058
-8.304758 -48.728970
-13.305086 47.425919
-54.570286 -6.395726
57.082600 -2.324359
-23.731367 -24.874708
10.209121 -38.007149
-13.084600 47.771946
17.751173 6.886547
-43.628830 48.674561
-50.910583 -4.168023
11.630400 -34.214428
11.244679 -39.315353
65.049934 -10.507059
34.705811 35.058975
11.269676 -15.418520
-27.042734 18.440268
-56.547882 31.532722
-20.725105 19.661467
-66.021873 2.752655
52.310596 18.983721
10.724443 -25.161415
33.369450 -24.814960
0.868497 -39.025730
68.966507 6.678610
13.327463 34.753796
15.529312 4.791614
31.506437 -27.488249
37.016125 -51.695751
-66.320709 9.551581
-9.291127 13.777356
59.190475 -22.496540
29.413019 27.221514
50.866016 -45.441006
-50.702122 -19.200661
51.498596 -38.510807
2.037460 -39.587933
-49.131878 -5.789081
-27.520634 10.359355
63.324074 -13.486104
-39.100483 0.363189
32.199291 32.079773
57.169067 3.570884
57.169067 3.570871
-25.779982 -26.881079
58.192680 -9.027210
-24.587633 10.043757
-66.067703 8.426928
-18.161753 21.335506
-10.931225 -45.956375
-16.814552 -40.309479
-47.674522 41.944733
14.664911 4.834367
-61.950199 -3.518153
7.592083 -9.552119
61.225266 8.221789
26.709497 39.549191
32.661503 -25.843222
-33.515297 7.011890
7.026795 -8.264859
-64.759598 20.468245
35.590366 30.959568
-36.874115 3.867794
5.177918 -29.892876
-51.878277 -6.953067
37.911232 30.105026
24.229361 -27.870295
48.421883 21.049946
-3.125546 14.461907
-26.569273 -28.837809
-36.615227 4.802195
-17.347527 -33.865696
5.263147 -15.104206
46.498058 -46.180470
44.643127 17.308197
30.678677 26.029850
16.842012 -64.692986
0.285724 -45.697735
7.590633 -8.364018
57.415508 6.099028
0.836794 -42.199070
-2.946431 9.485600
-67.980667 4.210626
9.346528 -26.826338
-1.672346 12.824595
-28.586143 23.083580
49.359440 23.587383
-45.847481 45.174576
-1.340921 -35.210056
-33.526241 6.832505
51.107327 -38.561684
12.166005 -33.491486
-61.854244 18.621128
-67.451561 6.075806
-23.612938 13.673930
5.595725 -45.745926
68.889679 6.824608
1.286865 7.861446
4.561029 -35.027100
-65.756210 10.322624
56.247345 15.688334
-12.544664 49.567230
-16.297729 -44.051392
56.136204 -0.938673
-49.847519 39.144749
15.820198 -64.827759
12.972707 31.185246
-33.062218 5.406080
-58.579479 30.140432
-11.613213 -39.799110
-62.818417 -4.480291
22.885294 39.198006
-27.822952 -26.025640
-23.613480 13.673929
-18.784674 -38.103333
3.258055 -39.620762
-18.568010 16.213158
-38.193378 -7.368435
-78.706459 13.570082
-9.801775 19.576273
58.454983 -24.015501
-13.850572 -45.470047
-25.076578 -24.341082
13.174985 34.550110
31.744255 30.881758
55.619152 3.663461
-38.193573 -7.368435
-67.096710 17.029873
59.264942 -3.458581
37.742195 -51.699654
2.200353 -34.948353
21.083790 -9.624390
29.586809 31.309072
-64.160767 0.819007
52.399307 -43.719421
-20.725103 19.661467
-64.439262 19.134039
-16.741608 -40.449059
23.729025 -26.400862
-62.280369 20.982674
-0.185237 -43.775509
-59.714329 26.930180
53.733353 -35.395809
33.484127 -26.166416
58.644058 -11.019164
60.608631 -1.883291
-30.382389 -42.096752
14.968084 33.531963
2.492696 -38.863701
-66.832298 11.059478
55.615723 16.969934
-6.493343 16.569309
-3.925883 16.329023
24.885561 33.305420
-18.578251 -30.775635
-27.393213 -34.436729
8.580471 -12.175390
-11.091949 -40.059975
-25.334213 -29.454838
-48.313789 41.805447
59.293255 -20.865175
11.244680 -39.315155
-12.412343 -52.973114
-13.889957 -50.064037
21.998886 -3.196840
56.971306 6.794986
-13.853214 48.934875
-29.203779 -38.448185
57.448044 -25.168932
-12.908606 -41.590302
32.004753 -26.459257
2.573155 -34.125561
-13.889847 -50.062756
-43.843075 -4.393510
-20.854210 -44.445454
-58.768791 -4.280206
-57.586468 -7.729061
-12.939638 20.716131
0.013031 15.200094
