-3.702494 5.688276
-15.927685 21.018570
-35.016975 -16.008703
19.514647 65.230782
19.514593 65.231323
-56.014259 16.360790
2.956800 -39.924763
-18.872801 55.333500
-1.952418 33.836391
-7.628156 11.302695
-26.334326 -3.798404
-23.845545 -2.312969
-45.971619 -5.350057
-58.701431 -13.357070
43.218197 -48.964176
-59.523369 24.667606
-18.232401 56.061100
4.616916 -52.084919
-23.548868 -16.391266
-41.917805 35.686802
-10.537565 10.438354
-12.877373 54.577282
-36.833817 39.160728
16.626083 -57.233467
-10.302202 12.203268
21.223877 -16.286512
29.970682 3.496171
21.142033 -19.673674
-28.131847 59.552540
-42.772362 -17.495289
-61.143150 21.255596
31.759836 9.165307
-41.229267 -24.314129
-30.179977 -11.350197
-47.899174 28.234280
-48.317898 -20.517633
34.342556 59.403477
-29.072859 -41.422024
-48.188965 33.767166
-47.991882 31.906443
28.162735 -53.793671
22.895828 -61.491409
-13.077840 -9.288058
-2.533061 -38.999081
28.557707 0.775611
-67.287766 -4.826547
4.477090 -24.909910
-35.811646 44.185394
4.494104 19.349155
-31.418125 -24.042259
37.639099 -50.481750
-2.989836 60.637798
27.806978 -12.654279
-19.597231 1.286320
-19.569775 10.573242
56.105213 -34.190693
56.105740 -34.190765
-5.420267 6.216259
-28.596558 -16.926519
11.249668 -18.719307
33.880234 -61.033379
3.226971 -51.641361
13.999305 -16.532560
-14.202946 56.722458
-63.667099 3.520941
60.733791 -25.717314
28.181374 15.533524
11.642036 69.129227
37.845448 21.147966
11.933071 -20.713873
-49.660328 -6.394740
25.042561 13.412811
-41.961929 -24.163414
-29.745342 -41.685207
32.326931 -2.928879
-13.064437 9.042495
33.881096 -61.034878
-60.506393 -11.735444
-17.145519 55.801388
-45.716625 -18.680941
-20.196796 6.235350
12.910247 -21.171526
7.031867 28.023376
16.736673 -65.950356
1.553307 -42.658287
-26.205458 -4.961866
-49.008163 -12.466584
-17.462324 56.813213
24.842855 27.425394
9.132480 22.473833
-31.738728 -8.130329
-25.854267 -14.983240
-1.770258 5.488472
-15.927685 21.018570
15.189260 25.293880
29.509310 67.248199
31.497913 -55.013382
10.294630 26.055861
28.030558 14.873440
-38.571823 -20.031662
-1.860426 -3.078376
-39.918289 48.040836
5.638799 68.962440
9.638779 -60.425983
1.126607 -50.101173
23.140648 -59.318184
16.468596 -56.328121
-15.825742 3.018084
31.965839 -6.541879
-40.844490 34.975468
-1.147910 22.472061
-1.197893 -48.589638
11.253111 -27.210230
10.705326 -61.743843
26.825113 -58.866791
27.525078 3.913234
-42.682049 -8.726805
27.315945 -5.441430
36.751144 -2.539443
31.277962 8.831139
16.175375 -13.810926
1.598468 -32.840702
64.436859 -16.922283
-46.908150 33.390591
28.057734 -21.257986
28.147160 -6.477899
-41.276672 -22.683256
66.970779 -1.294889
7.043724 -33.001087
49.430187 -45.851337
-12.396461 -51.534264
-40.769417 -14.734492
16.906359 30.924463
-8.254965 -44.459133
-49.998226 -17.561127
-1.629164 34.377064
-4.501920 14.707058
-7.996131 5.361589
-43.625004 -6.916875
-52.287571 26.163759
-6.818364 63.010242
20.910095 -58.242626
-48.123360 42.297459
-52.598694 -10.320107
-54.849506 24.283276
61.890575 -15.647594
19.998537 -59.653011
-54.272697 2.809320
28.098188 9.003239
-22.482086 49.931339
23.376341 15.581513
22.283312 64.442177
-2.740086 60.096783
-35.771702 -11.789765
0.235055 -49.227291
-8.206358 11.040266
-23.950247 52.721718
11.158723 62.900639
-31.286724 -11.118733
28.494102 10.103099
-46.045235 -11.067904
-62.390598 -3.620844
-5.990520 -45.414673
50.928944 -32.658451
6.418394 62.844578
-23.497305 54.269310
58.599545 25.661392
-8.574735 8.981118
33.922527 -14.789099
-22.482147 49.931335
-6.357896 7.801013
8.436860 63.701862
61.452106 -19.461340
-25.864468 -7.284694
-30.925894 57.885284
-58.264755 -7.170411
-51.178394 32.140522
2.061633 -62.463116
3.382842 -60.130863
-3.080375 6.923872
-29.243593 43.327858
64.746078 0.096411
-58.294464 0.385608
-38.774700 35.886757
-2.263164 34.300785
65.710106 -14.100666
29.123432 -64.145782
36.889381 28.542538
-0.812178 62.056198
-35.173996 44.751286
-16.646248 -0.086743
5.601936 69.622467
-45.684795 37.240669
-16.351467 -1.692912
31.773245 5.629428
7.927962 -55.474472
-9.738851 57.503262
-2.079009 -41.528107
11.479362 -22.815542
27.090473 33.214260
20.132730 -14.584599
-45.984562 -13.374942
-1.443114 14.125161
10.491748 25.341316
21.457888 65.826721
-31.144564 44.637806
-36.729191 43.716747
30.904921 18.349937
64.436859 -16.922283
27.097261 13.561635
-34.075520 -17.706173
9.633957 26.749201
33.922741 -14.789228
24.168478 0.834616
-25.558775 -14.958172
11.639550 69.130959
-0.273454 -28.060886
-0.273459 -28.060871
28.971546 -13.592237
-8.855513 56.974312
-50.062355 15.165129
-39.245728 -14.595651
-46.836887 -5.818296
9.338717 -21.621563
21.775290 -24.129972
49.618931 -35.305668
-47.957455 -21.752647
17.554321 -16.842873
9.986890 30.988441
17.641315 -57.199135
-57.894810 4.593116
31.134546 6.307869
-65.871002 24.458874
-17.963636 6.225667
21.183723 19.137642
22.439247 19.806406
31.758953 -52.487259
34.037315 59.272774
-50.261578 23.472380
-48.568024 -17.479574
23.212353 -11.840901
9.120884 65.383003
-44.963058 44.893780
58.476742 -23.925158
-1.870160 -36.189430
19.514582 65.230766
-25.979179 -16.560793
11.642083 69.129005
0.800997 -57.594090
-10.136638 -3.561110
8.435898 63.702549
23.221935 -55.952217
-49.061943 27.641033
11.497592 -20.354784
9.392642 -25.252224
-2.821522 -38.617687
34.459225 -56.782894
10.540410 66.090858
11.171487 67.110565
5.901262 -44.750954
46.623566 -51.852386
-13.348001 -4.521880
35.728760 5.235849
60.673439 -25.471371
23.965477 20.084473
52.935799 -32.071957
-1.816124 7.767031
-61.585857 12.492809
-13.908296 53.942589
45.362919 -47.206783
-59.767178 28.407764
-10.801205 60.294476
7.154325 29.854271
61.890575 -15.647594
-31.418024 -24.042126
-12.968264 52.697998
4.130499 64.524399
-24.066441 0.134348
5.879001 -29.200861
-40.706650 42.785202
-20.612373 -9.323113
6.428929 -52.102413
66.299385 0.198051
-12.784255 -51.317410
66.786606 1.276443
-29.745342 -41.685207
67.024361 -0.444812
30.551823 62.083458
-57.439629 -3.466924
-50.221718 23.696983
19.514505 65.230774
-24.802256 53.541817
26.216888 -9.595870
22.662611 -56.852650
-23.848099 53.619209
-18.275333 10.732585
9.375430 -28.298504
24.952881 -13.166502
29.370907 -1.104043
-28.565126 -40.856262
-59.604176 -4.287468
-56.347965 36.094521
-21.806568 59.165890
43.633087 -47.990330
-31.799051 -8.397448
1.470546 -38.325459
-3.028411 -32.351765
55.325474 -23.991001
-64.032013 -12.819903
5.432051 24.212711
24.843327 27.425220
-28.568096 -42.282372
15.017448 -57.445782
26.616497 -18.434282
14.176378 -60.148918
21.944727 66.772018
-42.666256 44.536823
30.680620 14.697097
29.509310 67.248199
-0.968790 17.694452
27.444687 20.375978
-26.876007 50.451546
13.826365 -61.943565
1.554338 -31.682713
14.975865 65.728439
-45.319752 32.695866
42.151016 2.398055
-64.543236 -1.596670
28.657351 6.134552
12.146234 29.788624
23.337437 17.470886
26.785854 -52.884140
23.887253 -61.869328
-63.595642 2.389441
64.824783 -0.813032
-47.594337 -11.099527
-64.929893 -3.189458
-12.396461 -51.534264
17.063042 25.870411
19.514582 65.230766
-43.612797 -18.604588
-32.672134 -17.900063
-48.742977 26.224503
23.189917 -17.370090
-51.954521 -13.627811
-57.692505 14.634196
-25.574745 -5.147169
-59.590607 16.374584
17.628258 -17.799614
-56.466061 4.894622
-62.403484 -3.425019
54.089336 -30.983437
62.225204 -19.127295
-19.157398 -7.951581
46.623566 -51.852386
26.200836 -56.869724
-31.614933 -13.348166
-1.477736 20.803974
28.179543 13.150580
31.094210 -4.067072
11.985067 64.112030
-5.321146 -44.686432
19.642241 -17.572081
25.800373 1.467807
-42.424850 -18.102386
4.937515 20.418533
-21.806932 59.165646
-22.678734 -3.168378
-13.078985 -9.288039
-8.804840 8.396335
32.906628 -0.374635
17.018206 -51.950432
-52.817219 -11.233022
15.634918 -14.762930
-8.349534 59.211910
33.880230 -61.033379
33.203304 -50.590172
-21.083328 54.912075
-65.835480 2.517158
-62.040668 16.572290
-30.768293 -13.473938
-5.354460 5.428981
27.292009 -14.286155
23.670053 17.871855
64.899605 2.194915
-21.807270 59.165844
-67.470657 -8.630774
-24.231472 -0.197476
32.202324 -55.823467
-33.734341 -12.533129
-5.953479 11.235728
9.477101 -54.549984
-54.572186 -15.648199
-60.428394 14.051362
-34.570160 -19.175631
-41.945259 41.915741
-8.531011 8.863517
-56.667477 -14.554127
5.407323 -54.063972
-0.068686 17.807497
-33.763657 -15.193603
-24.473970 -7.263907
-51.108143 -10.407222
-55.818436 5.200278
-6.507842 64.739899
52.907883 -32.222538
-54.238861 8.961097
-0.007467 -32.613884
23.443205 -18.776085
32.394299 -8.707874
55.316650 -24.003557
1.134483 -33.746235
-25.758312 60.988480
-38.870323 38.169785
-53.448444 15.725209
-68.371017 3.269793
-38.870121 38.170238
-22.894482 -3.987299
-51.035660 29.163401
13.275337 -22.206892
10.541788 23.228182
38.331776 -46.698502
21.916864 -57.238327
-66.110634 24.485012
-19.434704 54.021545
1.794925 -52.246399
27.999809 -11.161046
-56.488869 -7.289191
-41.016350 -10.376579
-65.486221 3.682920
5.638799 68.962440
-67.698143 0.842808
-7.606554 11.563932
-58.775890 0.925187
4.740202 -43.767910
-31.397644 46.610065
27.277790 16.474249
-2.589480 64.425194
9.830703 20.505981
30.926895 -6.882493
20.270823 -56.408772
8.712560 18.423023
-53.529476 25.540573
-52.418591 25.999422
61.017342 -25.748432
-64.831650 18.735029
1.652355 -54.060638
21.137928 -23.491049
-41.511871 -6.593504
-36.732407 -6.488652
-35.693989 -13.177387
-20.078794 2.108734
8.310485 22.500589
33.172310 3.707061
25.801077 9.646357
-15.087173 54.608196
-8.271222 12.746154
-10.196344 10.895521
-41.150734 45.754089
-69.611053 2.287724
-57.429256 25.294193
-56.347965 36.094521
-58.651974 -3.637521
-53.404419 -18.063808
21.184584 20.370829
-50.369473 21.588404
-57.760269 -5.514990
-37.182560 -16.173019
-29.098791 -42.054207
-35.286755 -11.783731
26.310398 20.706516
-55.189014 -11.607141
54.474014 -30.050293
0.266429 21.325169
7.619209 21.912214
-8.360930 -8.530496
7.154323 29.854111
21.386658 27.513264
18.708447 16.587521
25.374151 19.435524
-26.492878 -9.462573
2.382094 24.645035
34.342556 59.403477
11.486264 -59.048466
-33.514656 40.075405
17.432705 30.859041
-2.168515 59.559631
31.212246 11.162581
-56.998650 -10.482917
-18.934902 -3.265117
-31.054930 -7.865132
25.653772 -58.003677
3.385696 -38.643265
37.845448 21.147966
-47.329819 -21.996887
1.797030 -34.691105
37.922016 10.857244
-1.860426 -3.078376
-29.233419 -14.226576
35.195087 -4.469816
45.346405 -45.424240
-16.184542 -10.536074
24.842997 27.425426
-4.129072 -49.573277
37.845448 21.147966
29.123003 -12.587173
-0.812177 62.056198
61.890575 -15.647594
14.268848 -25.788273
-29.767244 -12.535578
27.862434 -52.812382
51.410793 -28.180859
39.777134 -47.049309
47.271263 -39.305367
-4.790388 -58.993824
-3.047443 63.811489
4.472193 16.937595
-28.197216 59.639320
-20.563700 -6.151432
-39.983631 44.336876
2.310446 -41.245426
-26.310560 47.862427
-24.359324 50.278679
23.846579 -22.782089
-28.334936 -41.535927
-19.775898 2.353787
67.223701 4.134777
-19.924738 54.730545
-51.678860 -10.443795
40.123920 -46.376823
-4.772429 16.889767
-19.332083 -3.163949
-11.285006 57.974640
22.819704 -53.557137
21.580338 65.733696
-46.745060 -17.398224
22.749821 -57.610512
19.726694 -15.869697
-56.347965 36.094524
-32.227711 -19.191034
26.786816 -11.120314
12.112032 25.537796
8.555566 -60.429882
-28.844847 -20.736441
6.132117 62.989864
34.358135 -4.930939
33.010487 6.703840
-43.257111 30.887962
-3.973289 60.019276
-5.480866 9.241289
-59.318817 7.010353
-35.563278 -16.597641
26.357317 12.662185
32.671246 7.408879
-62.453781 0.724943
14.761322 -52.946609
-48.405369 -18.429298
-4.889471 -43.817406
4.616764 14.655703
-19.286690 0.230783
3.864987 -39.833336
11.547771 -50.928696
-28.334936 -41.535927
29.633707 -58.036613
-65.987320 24.310949
24.991247 8.889832
-24.044239 57.178226
33.922768 -14.789098
32.016911 -51.589088
-3.604936 -49.761337
-24.545156 -5.159986
-54.658211 6.654132
-4.790388 -58.993824
0.024576 -35.814690
39.361629 -7.060650
-51.579025 26.346756
-67.942924 -1.015378
-21.807106 59.165783
-41.533791 42.789818
-3.027757 17.457668
31.304939 3.257096
-25.608843 54.022083
-61.969170 -17.999445
22.726885 -5.750252
13.288613 -55.919079
-58.341530 14.047615
18.938738 26.368319
61.172436 -21.620903
45.921288 -43.575512
37.660664 10.542060
-4.844599 62.858795
-13.410692 56.804501
-43.756073 -21.471088
-7.559609 13.788704
-64.831169 18.735092
21.778536 -4.308082
2.967537 -43.942432
29.415268 11.312079
-2.267582 8.774438
-29.611511 -3.372225
18.363953 61.196598
57.710197 -25.534815
37.359325 11.815954
30.467566 -54.451462
13.086396 22.230804
25.543982 -64.354744
18.318779 61.714870
-31.168501 -4.572221
32.951344 64.273125
10.627074 -23.263048
-33.269085 -13.272444
-47.959343 -16.006729
-66.532410 -8.684654
27.466421 13.039189
-66.477150 -8.842744
53.624249 -29.323467
4.386126 -24.470142
-61.458038 5.514052
65.299171 0.360157
10.236596 19.867022
24.503399 23.874310
19.737247 -62.706142
-8.850772 18.892553
36.097954 61.210918
11.717565 -21.597782
44.006172 -48.107315
-29.619532 -42.295544
-21.685539 57.306507
-5.954645 62.532219
-18.057764 3.417004
60.733791 -25.717314
-46.201202 -13.392892
15.886586 -62.292854
14.553714 -62.375912
17.630949 18.841499
29.263903 -7.084321
-60.826778 -3.484509
-4.465128 9.973786
31.667801 65.219604
14.020145 22.102592
32.951298 64.273117
-41.216663 -23.869539
-64.831345 18.735023
-1.647142 34.099457
21.252941 -13.226995
21.208485 -55.528656
-60.038521 23.901764
-22.917667 53.700695
34.580982 61.190529
-49.486607 34.596813
-19.014057 -8.453097
13.567349 -20.820389
-47.842602 -19.718550
-61.576843 0.353512
22.888342 17.376057
-9.861053 9.469569
-1.871766 -52.544571
-54.970505 -6.049128
1.641425 -43.848141
3.500484 21.576014
19.737206 -62.705547
-18.179499 -14.877582
18.172352 17.379578
7.019117 16.778440
27.163692 66.842659
13.879237 -22.500685
-24.090004 56.188332
55.346012 -27.767263
4.846863 -36.934235
61.172447 -21.621536
29.943716 4.737042
-0.543727 -55.320389
-44.638100 -6.194410
44.378067 -43.207256
-57.100677 -12.772786
29.469324 9.683302
-25.754005 -3.355915
-12.052555 12.831616
30.161856 66.839897
32.061890 -58.126389
-56.014404 16.361298
33.388161 60.107182
-56.365673 10.397875
15.984766 28.283314
-61.251026 1.075677
-42.197666 42.914715
29.841564 4.213975
16.787825 -19.460060
-15.796429 54.609802
-20.449623 -4.000174
-36.834274 39.160389
31.117584 -55.415394
5.638799 68.962440
-17.565449 0.407712
50.622692 -36.357201
26.182037 -54.401550
37.511692 12.001660
58.479118 26.437817
37.916340 -48.107571
-0.289771 -33.359016
-45.009804 45.088779
-18.869268 -5.129193
24.843611 -8.089550
29.139191 -13.157810
-45.379642 34.753990
6.107121 22.518591
66.439331 2.158213
-24.571169 -4.414015
-0.623733 19.488380
-39.447395 -13.967304
-24.551079 -16.246128
9.399621 -58.914619
1.404546 24.384386
-20.472122 -5.255399
-9.739182 57.503300
1.426629 21.946846
22.036608 22.739988
-13.798223 54.538582
9.326332 21.484684
14.552588 -11.128455
-21.004210 -11.098836
-15.760777 7.158812
-48.269291 33.676205
-59.933323 13.093619
-16.657763 -14.529984
-17.070255 -1.711267
2.894094 -43.062286
2.066031 -40.636875
19.634018 17.585066
-7.668874 24.396048
-45.009804 45.088779
-2.630619 20.368107
14.846691 27.839643
-58.582104 8.545413
27.273571 -6.315148
-23.492847 7.802330
-18.410477 -5.351937
34.193905 6.954551
-55.893669 12.657383
-41.909256 -23.867416
28.633167 -8.253807
-59.443760 24.824625
20.512199 -8.876648
41.037888 -45.398754
25.297119 -9.789772
-8.948144 12.172389
-25.758160 60.988453
-11.652465 57.328880
-11.574237 10.548623
-37.232292 -19.478048
30.157682 -1.665325
-6.486415 -46.649452
-21.549501 53.301361
4.606554 -50.400410
-28.334936 -41.535927
-23.370518 7.670885
3.941551 -29.007450
-20.140448 -3.137656
-15.514174 56.717979
-28.810774 59.458744
-32.428032 42.471886
-42.115707 35.924404
-52.831367 -9.399545
11.884846 27.357046
-9.739012 57.503250
35.238575 60.457138
33.880234 -61.033379
24.443451 8.169559
61.890575 -15.647594
5.038672 65.054024
-60.716953 1.184661
-9.204755 60.585472
28.878710 12.266013
2.127874 -50.997799
4.250878 64.886589
24.842924 27.425163
-56.347965 36.094521
44.017590 -44.832504
-50.653713 29.300161
0.800996 -57.593899
-65.913986 24.525578
20.569492 61.799309
-3.116487 13.109845
31.966747 -54.345043
14.526826 16.146301
33.337242 14.985687
11.856818 19.037449
40.448349 -43.388504
27.319876 -9.758557
56.768532 -21.294024
-28.424227 59.750149
15.075342 -18.871372
-44.435360 -12.759399
12.032084 29.857553
21.322149 -55.906624
6.184365 65.970818
27.163694 66.842667
1.733821 -26.206436
-34.542561 38.287468
-29.098791 -42.054207
-31.636251 -16.293634
-44.250774 -18.980293
-57.029438 -9.683343
61.890575 -15.647594
-67.587494 0.939384
14.975774 65.728340
-15.760798 7.158698
14.949737 -61.826679
10.609030 -50.286438
-28.672661 -11.479783
-35.592495 -8.305638
55.152069 -29.866226
-8.938033 12.412602
22.783199 -12.331431
-0.002020 -38.658615
-31.826685 47.038418
-44.139854 35.215977
-25.368948 -8.494936
-62.554375 6.685434
39.771923 -49.209236
26.285805 -8.591251
17.283436 22.931328
65.580429 1.811185
18.179935 -13.872845
14.921511 19.397326
-14.617487 11.777546
-60.938992 8.659636
-27.103111 -15.560692
-15.511954 0.263810
4.722563 18.912548
0.173441 -40.611641
-62.244659 3.898160
-53.312309 -15.628922
17.992416 30.478392
-5.250486 -35.306236
28.783590 16.958101
28.480984 19.236298
0.095197 11.997595
-8.361270 -8.530476
1.187255 21.920172
-45.248547 35.282036
-24.445511 -9.170380
-36.993305 46.321999
13.000089 -23.172846
5.212587 69.501411
12.221395 64.483688
-12.324772 -15.463943
61.890575 -15.647594
37.845448 21.147966
-6.844047 10.373847
2.084974 17.983027
1.457861 -39.687176
6.748240 64.441597
19.935282 19.871126
-28.267332 -18.199232
-39.814472 35.537796
59.012363 26.589783
24.168592 0.834505
0.800724 -49.777637
6.000974 63.068718
7.273256 -26.188799
-34.112034 -16.290226
26.416224 -60.929737
-47.290356 -18.618954
-38.507313 38.384335
2.932968 -48.445496
36.889381 28.542538
7.645657 -62.219852
-36.179745 49.248337
-31.793667 -7.105397
-54.824944 22.263315
30.381071 16.132374
-45.038818 44.869514
38.375599 -44.540413
14.976901 65.816948
4.149294 -33.441593
56.332367 -29.775570
64.440186 1.874031
7.417253 25.619795
-50.011650 25.843836
-18.626020 56.610825
-40.791935 46.485859
64.816612 1.358139
18.521910 -15.983223
51.677559 -34.721954
38.802284 -48.968414
-7.669204 24.396852
-34.859177 43.035614
33.387936 60.107182
-14.200330 54.308220
-61.968979 -17.999447
-28.556156 -13.921609
-28.171824 59.149250
4.246406 63.315205
27.462072 62.938240
-22.695400 54.921558
5.102489 66.147499
-65.845291 9.225674
-46.312588 -15.148456
19.972754 -13.126355
1.247672 -39.317314
-1.105201 -39.784988
-9.908369 6.886699
29.863848 66.186600
-6.507946 64.739922
28.327545 -7.192626
-59.904903 7.777327
29.171946 0.513561
14.976991 65.817322
-38.407230 -14.310843
35.237324 -1.000169
-54.871094 -10.413529
52.841434 -33.254551
-46.327343 -20.690592
-54.353893 17.875788
-41.793488 -15.040616
-44.019360 38.324413
14.728493 -55.479019
-40.920528 38.002712
-65.871002 24.458874
-66.037384 24.320024
-15.226374 1.667017
8.413168 -34.128353
-51.323025 -15.762095
31.887516 2.257551
-29.442827 -40.929962
29.963333 -53.630096
24.842756 27.425446
-56.275318 24.737350
5.127797 -36.602406
-53.321682 30.008253
-1.147884 22.472269
-39.896034 48.065582
-29.853861 -41.106922
18.891668 26.929745
-8.541910 57.143246
-44.577076 -15.457111
-45.145241 44.936806
-2.873606 61.271191
32.951420 64.273125
-49.003830 -14.523799
-58.712723 27.944609
-2.896098 62.818176
-1.237322 -48.090088
-54.781357 9.387038
9.120884 65.382950
3.396315 -30.182894
-51.611401 -5.759943
-41.663086 -24.463089
20.261160 61.881317
21.422142 -5.889550
-61.582615 12.956052
27.266541 -17.218342
3.016459 -39.474285
-26.966259 -12.031340
8.436883 63.701855
30.792738 8.410395
-35.793827 42.098164
-2.263164 34.300785
-58.488598 17.322065
-28.520744 59.754925
-32.082775 -9.821345
37.718285 -43.617481
-23.717131 -4.792958
-10.829354 -0.474255
-12.517754 -1.731761
17.555742 -23.655310
67.277031 1.359368
-29.709124 54.945595
-58.693020 2.824286
24.048203 -6.136070
22.269442 -58.010567
-3.859187 4.578569
-57.401253 7.908115
20.831354 14.390279
12.217658 63.826294
6.450068 62.376133
-33.870014 46.787224
11.906286 -27.118580
9.988200 -55.172951
28.888830 8.879974
-29.709894 54.945633
11.449273 -23.709465
-54.646374 29.032812
9.190100 -23.354488
21.299719 -23.607828
-42.387779 33.027771
19.868586 16.069344
-58.311737 24.753273
-2.540603 21.680977
-19.867609 9.572782
13.967864 66.803032
-8.735412 18.770536
-16.589437 3.248045
19.126080 27.071329
-59.677784 2.864217
-59.758415 27.930328
-37.418076 44.647491
-8.360929 -8.530495
32.003716 16.203884
-28.964418 -16.225975
-9.602174 13.679911
28.037180 4.306082
-36.849735 -6.631563
67.947441 2.444317
65.442741 3.131952
31.750601 -54.717793
-66.958992 -9.422511
28.692022 -5.422858
-62.422935 4.612439
-38.778927 -10.981128
-44.493046 -16.407440
-53.933846 -13.294036
-55.164616 23.594698
20.246897 -16.054802
-7.078011 14.886770
-2.559144 9.007745
-36.233303 -13.514549
-27.295916 52.278549
-28.728441 59.649979
14.559145 25.514481
61.610538 -16.015270
28.832302 -51.609097
2.970236 -51.414932
26.835009 -10.010033
-31.282913 -12.423899
-44.415024 -15.256430
37.845448 21.147966
-8.361270 -8.530476
1.472881 -39.792156
11.936013 23.496084
36.392483 12.584126
2.937547 -46.820583
43.053844 -47.018143
-19.609142 -6.586746
-34.637585 -12.318168
28.693224 16.848379
-6.115293 9.877786
25.739277 64.166405
-31.715319 -7.918272
-15.927685 21.018570
-48.174908 -13.820435
12.649537 -56.729877
14.976489 65.729057
22.886856 -22.830338
50.439697 -33.793076
20.583006 61.820156
5.638799 68.962440
-63.220890 8.244664
-36.993164 46.322845
12.719180 23.862776
-53.771114 25.373491
21.294487 -57.314880
4.030079 -46.648258
34.880295 7.519424
69.004478 2.405274
-18.335775 12.381849
58.599545 25.661392
25.328323 -4.026772
-1.869929 -52.581787
28.223938 7.261626
-37.090744 44.642715
-21.865747 53.589848
-17.986179 54.215683
19.651007 -58.403400
16.596878 -57.931843
2.356017 -32.260139
26.013199 -2.061440
-69.611237 2.287673
68.052605 0.191804
12.286469 -13.821824
-35.117920 42.328457
-57.873859 21.918062
11.740211 16.047064
-37.210159 -19.330952
23.070934 21.690958
47.163166 -39.386234
25.706554 -58.902252
4.034693 66.574638
17.018158 -51.950363
24.045530 18.805931
28.228811 20.718851
16.046013 -18.760376
19.874947 -17.240654
21.130186 15.069215
9.032801 -20.029537
4.799640 62.411446
-48.966515 20.432991
-11.313735 9.741812
-56.014324 16.360657
-44.963058 44.893780
-55.596977 23.892227
8.230476 -28.857805
26.503527 19.496317
15.494690 -56.621597
-35.792099 42.097588
-6.315245 63.854668
-38.849770 -15.358636
26.829271 25.768257
56.768379 -21.293713
26.346653 -51.723808
45.392998 -47.157383
2.716257 17.079254
49.430187 -45.851337
-9.692699 1.729755
6.012072 -34.901402
54.370914 -28.837624
61.610538 -16.015270
17.967102 -11.303518
-62.959187 -0.816509
-25.464947 -8.281805
-45.903149 36.455875
1.240797 -52.057831
22.009914 -12.930047
-58.531853 -8.928885
-41.942242 45.392422
-19.087948 -13.223242
-26.725161 -13.606239
25.481133 -17.609411
0.064253 20.892881
-66.522003 -9.129444
-17.986259 54.215919
-5.250385 -35.306274
-36.479328 41.072483
-11.105915 -4.611359
5.441439 25.889683
-4.435208 -45.069878
-18.179478 -14.877610
36.889381 28.542538
-60.657520 -3.521780
4.511045 -56.084347
-49.446632 -21.387310
-21.570208 -11.308591
-47.082336 -14.952591
-1.308841 20.677212
-61.910255 -1.494132
53.296654 -33.888027
-54.210430 -11.514067
8.685709 66.706429
-67.062981 -8.381246
-30.448856 43.419250
-0.254669 -31.627344
-67.943657 -1.015234
-26.944603 -4.026477
27.731283 -55.965775
29.714762 -7.175056
-14.368187 4.328691
-0.628000 16.610910
61.848858 -19.455364
35.711418 -1.009403
24.332066 -13.477726
-18.179478 -14.877610
26.829327 25.768305
41.029125 -44.249676
22.379927 -55.821011
-43.258820 30.886929
-66.642960 7.964641
-10.885908 8.382773
-2.449161 59.287243
-26.462915 54.381809
-59.465477 13.422673
37.463169 10.902994
-50.574116 30.217503
-60.672707 4.541301
-48.966732 20.435532
-64.532181 -1.379778
-55.936012 11.153971
-4.453191 14.531782
10.632391 -59.314011
10.070942 -28.622437
35.618782 5.122869
-38.507324 38.385067
-45.634487 -15.995364
-3.140640 5.927038
1.447258 -47.327919
-59.550167 19.646704
25.906227 22.863625
-49.545372 -17.677423
-7.822049 19.269875
12.987996 -58.507103
-59.321976 2.938249
16.989882 31.585579
20.382353 60.733261
-1.719873 10.398163
-50.390938 -5.282641
6.505497 -30.861330
-58.215416 16.634279
-45.329002 36.697723
-32.296913 42.733551
65.099983 3.810894
-56.422520 -7.455523
13.157652 -55.002445
31.980875 0.100464
-63.377323 10.294545
26.793890 11.618051
39.850773 -47.399124
64.583931 3.392713
16.036879 -62.425083
54.278145 -31.043348
14.772306 -23.620556
-47.310207 29.890644
-4.047006 16.872194
-19.623312 55.087563
1.313096 24.678631
-51.259575 -13.308173
-9.177184 23.978970
-0.812335 62.056198
-58.748154 -1.856910
24.514360 -58.411205
-57.754375 -4.530900
27.704243 63.705673
59.938141 26.147198
27.785357 -58.795292
-53.762951 -12.982397
-49.726681 -25.027920
-7.669143 24.396313
-17.140333 56.565845
14.140539 -56.801216
-18.959623 12.719228
24.040329 64.590126
3.255062 -30.313486
0.768686 -37.822796
-10.867146 -2.080927
-15.823386 0.250409
1.875140 -53.035351
-29.934118 41.921959
25.692541 18.944550
28.060188 17.216108
35.656509 9.445277
-4.103405 6.754636
2.172966 -50.802826
-41.948868 -24.205662
-15.194037 51.211929
-2.717115 11.867222
-11.843876 -2.097605
-59.817928 26.639841
-66.642769 7.964734
-49.262466 24.108610
-66.642624 7.964675
-44.831406 -19.884413
6.751560 -63.359261
33.576115 10.484915
13.259898 -23.421131
9.486952 -60.217041
-1.934899 16.747356
29.509310 67.248199
-13.077840 -9.288058
8.227534 -25.807503
-16.020105 50.095573
50.891384 -35.058540
-1.779146 -3.074957
-37.072853 44.238255
2.924560 -48.815456
2.909801 -33.938869
30.161856 66.839897
11.053012 27.625101
25.027029 16.311626
59.552662 26.603146
7.337998 -56.192966
-66.768967 -8.440362
-62.131214 1.659467
-9.738744 57.503487
30.551823 62.083138
41.841110 -41.121483
-3.369896 4.871740
-60.300770 7.794591
13.466532 29.406094
27.627010 18.269449
64.436859 -16.922287
9.796748 -55.905521
21.841862 65.502495
7.559192 63.441265
-3.419542 -29.145082
-0.954730 17.704176
26.692574 -13.683863
-50.844784 26.843334
-15.927685 21.018570
-22.582048 -4.332436
36.438599 -58.517189
7.834978 -61.947041
-12.455237 -3.145899
7.336786 27.710672
55.332039 -23.990164
6.685501 -32.953079
-57.017654 11.247219
28.105274 32.957283
-48.131145 42.301071
8.982450 -35.334084
34.342556 59.403477
3.980446 64.956367
-18.689651 -8.821299
4.257339 -52.580906
2.598758 -36.164398
23.194899 65.944885
37.308842 -44.701000
-1.552145 -40.571430
11.877169 62.915840
-60.635448 -0.876915
-47.202099 32.634758
26.116949 17.656054
5.982686 -49.038052
32.069351 14.270669
18.243860 -57.098385
26.427458 11.198608
25.301472 -55.501156
8.685706 66.706352
62.761929 -18.265400
-56.997578 -10.351116
-25.450377 53.438789
-33.729649 -6.706625
-18.689314 -5.112182
24.473396 23.996624
-2.263164 34.300785
56.768929 -21.294041
-7.971153 8.913685
28.338114 -0.702060
-33.349216 -14.188461
-51.075771 21.333261
-9.237329 4.168104
-21.698259 -3.303271
-49.356113 33.403347
30.112053 7.314367
-41.778831 -24.423998
13.333870 25.988014
-22.592360 0.922380
-64.996765 11.661448
4.429713 -47.513386
-51.939888 -7.416811
-17.102528 -3.704218
-52.578743 29.999336
-0.065816 22.229624
-36.993237 46.322853
-44.019581 38.324409
8.435898 63.702553
-3.419542 -29.145409
27.945822 64.408066
31.045389 12.284658
27.193611 23.299555
-38.570107 -10.653930
17.342442 -55.532902
26.000511 -11.022791
37.985874 -1.958077
8.828965 -22.495197
-19.924965 54.730667
-49.072132 32.076595
-13.482805 2.334032
2.864261 -38.215683
27.808250 15.714453
-26.703003 53.029846
-41.941818 45.392189
28.181263 19.248297
-58.088356 -4.952860
39.361599 -7.060680
-54.162266 6.454722
45.298649 -44.201672
-46.409229 -17.026903
37.845448 21.147966
39.797405 -55.509636
9.375006 -60.909016
24.416365 -12.137306
15.143101 20.295553
38.101601 -47.836140
-24.090006 56.188313
27.518290 -7.826774
-1.441350 -45.806015
33.922527 -14.789101
51.784813 -32.880695
-24.196363 -9.100248
17.113920 22.922550
-36.836746 -13.352973
-55.412685 14.464285
-10.327210 8.017833
-18.751926 -6.191348
-23.851757 2.375962
26.021257 -56.440857
19.596952 -11.686625
19.485336 -57.723225
-3.483622 3.834085
33.221214 -1.291890
19.022997 -15.095929
-57.352001 -8.327632
-48.966766 20.435514
54.234859 -32.472176
-1.653004 -3.060722
31.346388 4.894708
-59.713959 24.218998
0.364574 -39.331963
15.789683 24.877512
22.692339 -10.532692
-5.150566 -43.890419
-57.228916 22.383673
54.841450 -30.131786
-49.641205 29.507544
-2.714951 9.665857
-1.046307 -44.494514
-28.424841 -16.199484
1.610317 -44.354176
28.287334 -14.405404
2.223924 -24.907972
40.289139 -50.010429
15.307217 21.477053
7.368505 69.432106
25.496357 14.322114
-62.496735 13.243423
-42.272457 33.770546
15.831064 -57.192009
-30.352146 -9.990324
1.313096 24.678646
-61.709858 -9.432413
3.807385 -42.627132
15.901925 21.656551
43.284874 -43.209782
33.880230 -61.033379
9.055744 -52.389290
53.205090 -35.031757
-42.143017 45.096138
36.274475 15.031242
42.576538 -46.603455
18.017681 19.872713
33.670181 62.962376
25.576328 -57.610996
34.354595 -56.895210
15.430205 -58.970802
37.494133 11.285572
29.564976 10.044943
25.063744 8.777843
-15.608666 1.794142
8.228909 -57.381706
11.302651 -19.041695
-13.689785 -8.365410
23.754183 -16.359545
-59.897377 8.737453
-31.418213 -24.042141
-45.479626 -5.894977
-20.437691 56.757027
23.516802 -11.610941
29.123020 -64.145912
6.888103 -41.141834
49.430344 -45.851021
-37.641396 45.865654
28.549953 23.207850
65.326393 -0.370727
-3.419512 -29.145342
-7.916984 16.245377
63.900291 -12.691604
-69.611649 2.287623
41.785088 -44.670971
-10.890381 12.262191
-18.792589 -8.873599
-4.941092 3.233270
29.118973 3.383086
10.790681 -55.193752
19.979540 -10.698662
-28.737507 -11.132187
-51.562504 21.307833
-16.020061 50.095543
-53.290733 24.265093
-44.747684 27.832664
-2.214413 65.488625
37.192963 -47.194122
24.032749 -58.154022
5.442994 -32.242981
16.148844 31.161297
61.172829 -21.621563
-17.820721 13.945280
27.228992 22.285372
36.483059 -49.591167
-17.086010 55.898567
12.734772 24.891420
-24.336081 52.070305
67.289909 3.392237
66.473747 2.957543
5.222154 25.705362
-57.338730 19.389889
-45.009804 45.088779
2.792787 17.191889
-24.091433 56.188259
27.297070 -7.542843
32.951420 64.273132
-19.569988 10.573338
28.252281 2.472476
1.332553 -52.502937
-11.797952 4.716427
-60.725636 25.313683
58.209797 -24.568089
-16.020081 50.096066
-51.617046 -9.058301
30.288055 61.964119
-9.914141 -3.936047
-46.664036 -20.818687
-15.760584 7.159145
-16.947706 -1.167162
32.607113 -55.832726
26.636013 5.744404
26.636013 5.744331
-67.516052 -8.714691
-53.389954 -9.398508
-43.351795 37.189877
-25.272556 57.029884
17.830278 -27.708580
-28.172470 59.148655
29.586622 -2.440086
-5.536342 20.309212
-37.613373 -22.439367
-57.771633 -10.849234
-49.939594 -13.955141
26.870647 -14.691399
-28.514158 52.399529
66.496094 4.186707
16.803312 26.586147
-26.080051 -6.283864
3.131904 -23.716719
6.086784 -52.955631
-4.327935 -53.968174
22.853085 -53.568333
56.866329 -24.856947
-8.254937 -44.458118
7.294425 24.601107
40.212742 -45.592159
-11.903550 4.093727
-4.900123 -42.498184
-30.142227 -11.539718
12.539354 -24.211525
-0.476219 -40.942829
-56.099552 -2.761432
30.103371 -14.717113
-44.780655 32.092690
-40.567722 -17.684534
20.959881 22.407642
19.425652 18.367785
13.556101 -22.906210
-61.652344 7.534091
-23.278061 -10.085715
-3.672181 64.557976
-67.062981 -8.381246
-51.436028 -13.698368
18.062170 61.754612
-13.603973 -4.787603
-1.632975 14.093923
-25.845875 56.949524
-16.608147 -3.640501
-3.028414 -32.352894
36.889381 28.542538
27.429749 -8.924241
-27.234720 -15.418857
-6.981016 13.644282
17.962698 14.740021
-4.129145 -49.572838
65.143394 0.835926
59.938141 26.147198
36.429722 13.959546
9.388839 -20.131546
-33.031151 -15.196393
23.570955 26.490786
-17.262207 57.334064
2.865452 -48.663631
16.150391 17.722105
10.856885 -61.414257
24.843418 27.424997
-33.626221 -11.508671
-64.647537 15.555761
-59.719788 -4.214997
1.313092 24.678616
-2.192969 16.145498
25.194067 -14.252460
9.120883 65.383034
24.744047 -11.989988
55.332111 -23.990025
-10.665903 -2.061205
59.012363 26.589783
-9.306550 -8.601970
-24.341299 -14.803503
-34.488029 -13.028853
-54.135944 22.997162
29.645163 16.778164
26.477734 -9.073216
52.005493 -33.273319
-48.131145 42.301071
-15.927685 21.018570
-11.830372 6.731949
22.158001 -15.217752
-48.781906 -15.031088
-0.812335 62.056198
-18.023621 -2.689903
-30.506086 48.763359
52.802624 -31.759953
-1.442061 59.256737
-56.462807 21.811970
-56.810669 17.839449
-4.417169 -41.559616
36.889381 28.542538
-24.338120 7.048898
3.955841 19.423933
2.331059 -37.762413
10.538485 -55.661381
-30.179293 43.589581
17.295881 18.081978
20.543329 61.711506
-35.989185 46.545883
6.827766 -29.370956
43.380669 -42.011730
-43.204300 42.588249
13.791850 65.523857
-22.216263 54.994846
8.793645 26.597450
1.651139 -50.440510
38.723007 -47.608696
-59.974491 -8.192264
38.056770 -43.055153
67.566620 -1.003612
27.462072 62.938267
-38.891888 35.944927
-17.939005 0.453152
-49.494110 -21.325811
-29.036566 -12.787956
-54.781467 9.387089
63.898617 -12.691590
-16.598595 -2.587545
39.361713 -7.060653
11.137091 27.591951
67.495575 0.596842
30.093794 1.469930
2.061412 -62.463291
-15.592609 58.824074
-16.020164 50.095226
15.634146 -20.657221
-31.998623 -12.631127
18.023813 22.573740
-0.618795 -40.808949
17.673334 17.777542
-29.098791 -42.054207
-28.089569 -7.420790
-2.430484 10.107577
-0.199600 -52.626484
23.843897 -3.934868
30.161856 66.839897
-16.184542 -10.536074
29.237534 62.176292
11.779473 -58.429165
-64.160782 -6.523404
65.972298 3.425412
-39.994339 42.960659
-58.589966 -3.454027
17.809162 -18.085173
-4.200025 18.613354
26.642376 7.313955
-0.156431 -31.960127
24.210297 65.304253
-29.701246 -11.918102
-47.969151 -14.106553
12.119212 -25.637863
13.206860 -19.978054
-16.592566 54.728790
2.200000 18.416470
-44.901176 -8.498868
-7.832080 19.266033
-0.361179 -38.774174
-44.703430 -17.327246
-8.476788 15.311033
-36.760487 -6.586508
-38.362164 -17.582747
-60.889160 -0.386323
25.465698 -6.934241
18.693262 25.356987
-21.814646 -8.484010
36.438919 -58.517242
14.552592 -11.128469
-58.344074 9.951637
-6.328345 9.751350
-0.502908 -49.602440
6.751555 -63.358486
1.266513 -31.079559
-54.395985 -11.610309
-29.145514 44.491901
-28.043606 -10.355870
24.441803 -6.339681
21.048512 64.373184
-59.925484 9.037552
68.478714 1.477005
-10.210658 3.281097
-60.866997 5.966353
7.664296 -29.248602
-1.799544 34.614483
-56.014511 16.361147
44.446716 -42.814758
57.546303 -25.103058
-13.859702 14.551326
-16.020081 50.096066
-9.908262 6.184198
-67.340477 -9.299900
15.724121 -11.449555
-1.952418 33.836391
24.037136 -3.717140
-55.211533 -11.982186
-15.760777 7.158812
-49.865379 -11.153126
-32.986534 40.451454
18.800257 -55.423634
1.618008 -55.444958
-9.016295 10.161094
-56.195583 -16.496201
37.884315 6.635922
-16.603617 57.636658
30.810007 65.718124
24.037830 3.386947
39.361858 -7.060682
39.361755 -7.060584
42.150982 2.398057
22.231590 -65.537727
-8.256454 23.648645
13.495013 -19.496735
2.413258 13.388402
-23.645863 -14.401731
-48.133312 42.301971
22.908346 -14.830081
17.132254 19.908255
33.637283 60.422352
61.127228 -25.446390
-12.405339 -51.083981
-50.502087 27.334877
-60.441162 13.497984
11.351948 24.843554
14.547298 -24.822340
-42.404266 -8.348567
40.636410 -49.027668
-57.455250 14.132520
20.381929 -17.358816
29.212179 -56.688873
-58.842102 -10.647009
3.269860 -33.050148
-61.674397 0.730002
37.845448 21.147966
-55.020927 -6.050652
64.242279 2.856444
-4.011707 62.064835
-51.581722 5.359420
24.590631 7.738123
-53.240738 -13.761980
6.561041 -56.674736
4.880536 -34.239552
-28.814657 59.407269
-30.925894 57.885284
-57.944466 4.926781
-49.485207 -10.992486
18.397055 -60.219288
-31.536446 -5.386096
25.268124 65.169235
21.580240 65.734138
25.787704 63.033260
29.237534 62.176296
-51.856369 -10.901500
-49.852695 -6.654962
6.117122 62.350090
19.862814 23.643337
22.477219 22.095415
31.590839 -51.260822
-14.186111 4.609536
6.604244 19.124599
1.187857 23.262875
24.848486 -8.144705
4.026719 -45.628975
-16.020164 50.095226
10.953251 -16.618992
18.657639 -13.615728
41.946503 -48.543739
-47.652580 -18.809393
42.079357 -48.384148
-1.390723 5.872458
12.286366 -13.821861
-34.137028 -13.719646
-16.995178 13.524597
3.790251 -34.206596
3.343771 63.810848
30.790941 -4.982503
-20.501202 -1.047274
-18.847435 -4.389374
-63.304047 -1.067856
-31.418142 -24.042135
23.812593 -13.061402
-3.165919 -40.521336
-2.225748 19.539629
-46.282600 -6.160047
53.204998 -35.031876
-46.388783 -15.180947
20.787308 -56.620701
5.061764 -32.800121
4.127366 -35.733627
23.221777 -6.860542
-35.270866 -10.142097
17.700119 -24.087189
-2.263164 34.300785
-22.987720 -6.870879
-29.378162 -10.269064
36.379539 -47.913929
-58.731541 25.423710
-15.927685 21.018570
-62.040787 16.572405
16.680950 31.699739
27.900274 -0.903188
-30.576233 -10.485733
-54.169926 -15.632742
-27.877747 -13.754465
-49.854439 26.467773
52.020874 -34.312145
26.516489 7.415468
-23.564493 49.860153
2.200000 18.416468
37.762119 -48.714447
-58.224255 -1.056147
21.766485 -18.121639
-63.401264 10.548590
50.508038 -39.368168
-58.269112 12.551524
-58.939114 5.191381
21.372818 64.847527
25.436302 12.800870
-50.313473 -12.248037
16.696283 -23.957874
33.317566 -54.527077
-6.926445 13.044583
-28.757885 59.188534
66.260498 -1.338055
-64.647797 15.555837
-45.009804 45.088779
9.384162 -25.259703
-5.629463 1.904218
-7.668851 24.396585
24.835398 8.312475
-17.065863 2.323485
67.108818 2.178920
18.062170 61.754612
25.763105 9.587360
-32.951763 -15.098676
-49.598064 -17.493603
2.344981 -38.721428
31.757502 7.813175
29.509310 67.248199
-11.217175 56.149513
-2.747159 13.430432
-56.600994 -13.184400
-10.710649 -2.499094
17.154474 24.415031
8.596018 24.754641
-5.426156 10.450590
37.845448 21.147966
17.658724 -16.804394
18.584957 -17.178051
-8.360819 -8.530490
11.398624 -56.229313
19.627340 21.739790
7.583527 21.920961
-22.572912 54.768349
-9.724065 0.949274
36.294022 -7.633816
0.182807 -32.862133
16.859772 21.236887
36.889381 28.542538
32.050343 -52.577839
3.708389 -57.251541
32.535557 5.423934
28.819193 -5.483029
8.051826 -46.723278
4.284860 -50.410999
-50.461239 27.011080
-9.043462 22.643515
3.128568 63.738510
-2.793913 63.611221
-1.690127 59.693710
-37.351009 43.703770
20.687744 27.348446
21.745630 -59.438046
35.106770 15.321507
-6.564676 11.185201
64.212334 -0.274259
15.348211 -16.777348
30.892557 2.829011
-22.144955 53.928745
30.895330 -1.533266
28.666012 15.332315
8.022041 23.725407
11.079905 -24.514208
-38.171047 -12.912454
30.782261 -54.940487
49.430206 -45.851322
-43.204025 42.588123
-43.735500 -17.057604
-54.752880 -10.408831
-41.847111 -23.801680
11.740211 16.047060
33.922768 -14.789098
-26.370968 47.797703
27.140289 14.938920
-49.726894 -25.027918
33.387936 60.107182
-52.869606 -9.887371
-30.979530 -4.125452
-28.568096 -42.282372
61.005913 -25.314888
37.845448 21.147966
19.684469 -21.216784
4.192629 -25.743917
-1.760010 -3.073741
-8.360930 -8.530496
-4.162220 18.061920
29.786886 12.680152
28.407103 11.602594
-2.223194 -40.742634
-60.704014 17.866032
24.534544 66.069908
2.309196 -46.765549
-67.366951 1.474062
68.637466 -0.274665
20.477360 63.547226
-26.199923 60.857956
-10.331075 -1.990367
-27.168554 -8.632825
-0.440787 -55.751369
23.497236 20.860622
25.236584 -57.477325
-56.195866 -11.990247
-29.723217 50.747578
-37.732010 -6.403175
-43.756260 -21.471193
17.272160 -15.144904
29.237532 62.176296
67.561714 -0.134472
-55.818436 5.200278
25.804659 1.514179
29.250345 -54.795895
15.546633 -60.093777
26.214294 -2.517013
14.415768 -20.121119
29.495127 -5.706438
60.686356 -24.273193
27.667847 -58.492130
-64.939751 -3.179756
-12.396461 -51.534264
-16.226164 -14.429993
9.273861 23.333292
-51.500950 -7.797988
-51.939857 -7.416812
-12.167851 57.960987
22.089407 -5.564353
11.792506 24.038095
-54.188580 -19.557264
-2.263164 34.300785
15.905327 15.595385
-41.236759 -7.239501
23.087179 -7.960102
24.672035 10.391533
2.752059 -31.050842
-25.516029 -10.093242
-46.023026 30.060493
13.197132 -59.619167
-16.438438 57.212791
35.020874 3.232340
-15.927685 21.018570
-58.735546 -10.584904
-34.419022 -14.448792
-1.196800 -34.814598
-16.716412 -2.230827
-59.750084 -3.949897
30.953699 0.035144
32.119942 -54.083019
-55.809307 -13.378390
-37.630081 -7.006773
-39.137173 44.164257
-17.129250 4.477099
-39.908401 48.069450
-19.569963 10.573405
-27.182373 53.852833
-19.302864 9.392309
13.980163 -64.350342
-54.017704 8.327978
18.366951 61.200142
-16.727455 56.925865
-11.508162 58.558758
10.008881 -55.812057
49.271317 -37.155396
22.266842 -24.564802
14.017504 22.317476
-59.760414 27.930441
-41.459522 -24.467833
34.037315 59.272774
3.109561 -52.885281
-48.966343 20.434460
-45.925617 -6.731870
-49.387230 -5.616368
-30.875057 43.455231
5.243319 69.532341
-60.504513 23.832533
17.748161 -59.762989
22.377728 18.414045
-57.548759 14.017139
-14.595484 0.161962
-4.790388 -58.993824
-45.132492 44.913521
28.597652 12.325621
18.549088 -57.084198
-0.130888 17.119270
-27.182203 53.852940
68.341537 0.915508
65.836716 0.153272
40.291115 -47.923698
57.582367 -25.611187
26.332262 -60.933029
33.922527 -14.789101
-55.241497 27.697428
-0.968466 -50.072441
-21.879433 -3.203835
-15.731681 3.580971
9.684756 66.295860
11.544448 68.415703
-48.130970 42.300488
-56.810631 17.839962
33.922768 -14.789100
37.915527 14.308298
34.596931 60.442997
17.693464 -18.517992
-67.508347 -9.077594
27.660288 10.344330
39.032349 -51.173786
3.428269 -35.119759
15.050351 -55.498428
33.063766 15.076895
0.234732 -39.312988
-17.514774 -7.571509
35.661026 -2.240170
11.639524 69.131569
-56.915852 24.052715
-28.343493 -12.565156
65.297279 1.542915
17.830509 -27.708813
6.701284 65.567459
8.628431 -60.980324
27.415705 -54.633327
61.554714 -18.906216
20.268070 -59.861355
-39.906994 48.059147
-17.228134 -1.441623
0.527316 -44.258240
-40.713829 -13.513995
-1.647142 34.099457
32.367615 0.760424
-50.487640 -13.557245
61.890575 -15.647594
-26.125238 -17.561802
21.507862 -11.404492
-1.860426 -3.078376
-56.882431 -11.156769
28.162550 0.122027
43.243313 -43.913986
-24.089998 56.188244
-66.107109 24.505976
-32.238148 -12.745123
12.695614 -22.347204
29.341328 -10.427605
-24.929502 54.984627
19.586731 -10.502792
34.784992 -48.840542
20.720123 -61.701763
-63.935158 -12.952113
-67.326927 -8.472711
-53.140224 20.892618
66.957253 2.604976
65.771332 4.106061
-2.138983 59.076286
15.170697 28.009781
-52.765045 21.754988
-69.611015 2.287724
29.175207 66.691307
-56.347965 36.094521
5.031165 26.220877
19.979624 -13.707921
26.434338 18.199259
-18.179478 -14.877610
34.596931 60.443001
43.241493 -44.724232
13.109967 -55.900066
22.562263 -5.682827
-48.320408 -5.673463
33.633270 60.422867
-60.733383 6.715946
-48.123543 42.297302
-17.036947 14.302109
-21.905180 8.514832
-35.567699 -8.697772
9.259913 21.636215
-54.188580 -19.557264
-18.499294 -1.173372
-59.759796 27.930002
16.385887 17.259710
-49.000141 30.789492
-0.028607 -42.807838
19.108767 20.653221
-4.790390 -58.993599
-55.775078 19.219585
-6.574526 58.983654
32.951344 64.273125
-3.787504 16.292097
22.913662 20.260225
-9.818624 3.874294
10.160449 -21.068403
37.962326 -49.668743
-10.829349 -0.474323
4.730594 -31.844900
66.692863 3.430652
-59.705578 13.710659
-8.254949 -44.458866
20.750650 -24.530615
-23.420065 -9.939627
37.845448 21.147966
-60.347588 14.679260
33.539715 63.258686
-54.971703 -6.049125
16.142929 20.787733
30.161856 66.839897
-21.088974 52.571423
-22.724072 7.892329
-4.844714 62.858551
-18.562122 -9.556520
-23.761381 52.934132
-48.700981 31.772041
27.930958 -7.137960
8.821062 -54.736507
67.465546 2.777605
-51.343201 -15.911010
65.710106 -14.100666
-37.358154 43.169636
20.915924 -14.936382
16.168690 -23.709370
-61.640228 -0.622792
5.426555 -38.816181
0.889282 14.601993
-21.806629 59.166695
-59.123543 5.774950
37.573372 10.343417
-48.386662 -4.332480
-47.049988 -5.364621
36.768890 -0.440774
-38.863209 -14.187811
41.221329 -47.449543
-29.144726 50.985561
-24.089991 56.187561
-60.505035 -5.656579
-60.505756 -5.656809
-60.505146 -5.656584
-48.966312 20.434483
-29.703640 -3.261121
-18.781141 51.878841
-21.806448 59.164700
61.610538 -16.015270
-14.239145 3.494288
-4.021938 7.495743
24.534555 66.069916
-37.870262 -7.211679
-65.952080 7.426719
24.167110 22.816038
-0.319707 19.890203
30.963142 -4.400434
-31.218256 -15.057232
-57.332523 -10.291420
-35.807468 44.186146
-3.601876 -48.662849
16.413349 30.858782
8.412724 -56.554363
45.409279 -45.468342
14.139490 -22.306450
-59.358150 7.395811
19.087633 -62.303444
17.948793 61.292515
-62.352795 7.940620
-56.720943 -9.465376
-46.712883 29.139048
17.881338 -11.456373
28.120716 7.414852
11.619845 -58.008499
24.303585 -10.127779
-46.218090 -17.607096
34.651726 -52.269051
-1.763961 -3.073897
5.661184 -45.050770
-22.969156 51.838226
-61.809772 14.390846
62.049030 -19.573238
9.685386 -33.457088
23.846592 -22.782148
-46.062553 24.318546
-4.844590 62.858997
6.482651 23.992077
-64.831169 18.735092
-38.712418 42.613682
-13.080257 57.188488
-8.165610 57.199623
-50.455170 -20.044302
-6.315245 63.854668
49.430630 -45.851334
13.812584 -23.931828
-51.489605 -4.356368
26.999353 -9.643976
67.538658 1.636757
0.518676 -49.936649
-0.092618 -50.574471
16.374203 -20.544353
9.046665 20.858383
21.578672 -58.534851
-34.646721 -19.311510
12.344259 67.047417
-3.735522 21.557550
-13.859736 14.551214
-30.790464 43.066315
18.318779 61.714870
58.599545 25.661392
46.623566 -51.852386
32.995731 9.307254
10.451078 -33.079227
32.584709 12.523477
21.087299 -23.535746
-37.055592 -18.552507
39.431938 -48.436710
-24.055811 -4.951065
18.066980 -66.055092
35.056091 -49.237537
9.543954 -52.776459
46.623566 -51.852386
32.951420 64.273132
-58.018661 15.722346
22.341610 -19.508610
18.865574 27.269558
-47.148502 27.274349
-23.772459 -14.452784
52.302132 -33.630539
1.362835 -35.289524
56.826824 -26.464745
27.163694 66.842697
33.880234 -61.033379
-4.450339 62.159405
24.003399 9.221378
-38.596985 -19.601583
27.145954 -4.794019
58.479130 26.437826
31.419930 -5.351353
20.984549 -57.894440
-16.492933 3.286503
-44.736668 -17.898268
-29.710379 54.945717
37.163933 60.169716
23.369177 18.867863
4.887570 19.624786
-49.727203 -25.027922
13.166765 -61.370975
9.980916 -62.361359
27.750250 -2.997729
-56.065815 -10.676538
37.915424 14.308298
-24.623829 1.485883
20.569492 61.799309
-19.949284 7.749586
-2.495328 19.678968
-28.640873 58.260475
-14.519180 3.307728
14.635915 24.099962
11.694118 22.732159
26.355835 15.796376
33.173531 -55.698898
7.065544 -51.511944
-0.267895 -37.379902
20.164541 27.467562
29.631256 -0.712102
27.090614 33.214367
19.581743 -17.762899
23.555653 -56.739735
-30.133734 43.673000
4.472213 16.937611
4.196606 -25.467497
21.115852 -59.773312
-20.276976 12.073299
67.840523 0.924291
31.125473 -53.426224
23.959770 -5.163606
28.792372 -4.286457
27.851843 -53.764633
-42.162045 -20.330872
26.258493 63.013229
18.318779 61.714870
26.972820 22.478357
-54.781086 -10.687410
2.237224 22.051760
20.269707 61.744747
-64.420898 8.070180
-8.136700 10.351958
-1.147984 22.472227
-13.890418 54.455864
0.737601 -41.513172
-22.857035 53.416946
-22.578600 5.594914
-16.020081 50.096066
56.768906 -21.294046
17.792730 -53.391098
23.110779 -60.672794
-27.108490 -7.154263
15.493895 22.529129
-4.480026 13.586041
-30.925913 57.885307
-4.368523 64.357208
2.402526 -33.740192
-58.021481 27.467392
35.051792 61.207928
-59.695587 8.523156
-4.368581 64.357033
28.999958 -8.384493
-0.982717 -43.694168
38.567326 -0.014458
-39.882530 44.368309
15.969220 23.677364
4.203688 -54.246952
34.829594 -0.106609
17.401482 32.139908
-22.477938 -11.475232
1.176457 -40.333881
-57.570599 13.212710
-31.989004 -5.861722
-31.988901 -5.861738
-50.441456 -4.575461
12.286447 -13.822018
27.090614 33.214367
-41.427322 -15.038314
-44.797451 -11.272243
1.815148 -25.925537
18.067104 -66.055031
50.660782 -33.942581
29.382711 14.973346
-55.475342 24.777016
-52.455956 -10.719077
-26.310549 47.862358
-20.361120 -5.876509
-35.775238 -16.952660
-46.258038 -17.232262
25.292177 13.601693
-20.993242 -7.052453
-40.709927 39.098297
64.436859 -16.922283
-12.407628 59.201134
38.497513 -5.100460
-7.191318 60.163548
-9.905275 60.444332
-54.154774 27.610783
19.338390 17.404564
-22.090292 -3.629990
-17.258705 12.817232
-17.258677 12.817034
17.948793 61.292515
24.534555 66.069931
1.265888 -40.673676
13.980214 -64.351479
65.219612 -14.020802
-5.228930 4.155143
-58.252056 22.568766
-42.172508 33.097137
4.363469 -51.831341
-56.347965 36.094524
-41.237728 -24.329136
66.236450 1.287124
-66.037384 24.320024
-1.691419 17.744019
55.083076 -30.950457
49.394058 -36.681137
7.215309 -57.145958
-33.838402 47.557545
-44.582886 -9.385931
29.321135 -16.094423
-58.039722 18.493788
-34.165668 46.857494
39.797386 -55.509632
-41.142899 -17.056543
-8.985500 63.720726
-0.005598 27.412888
30.569002 0.849842
-59.741714 2.362282
-21.920414 -6.155800
2.450581 -24.919693
2.450581 -24.919594
28.747984 -57.653111
5.165649 21.458017
-3.503277 12.035421
5.686643 23.298677
-33.050808 -16.713331
-54.624161 21.006485
10.315995 -21.819393
-58.342972 9.951540
-16.736811 58.105389
17.424788 -20.961744
-4.816431 -42.769516
25.082026 -10.795738
-53.716038 19.377628
-28.565126 -40.856262
32.693569 6.778183
-6.196525 60.728065
-61.911758 -17.148699
-49.939602 -4.764458
10.278026 -60.385971
24.917797 -11.835673
21.880774 -60.633270
-47.820847 30.544434
-61.007786 6.425338
61.017342 -25.748432
-26.602394 -3.799043
20.423714 29.240223
-58.646564 -1.548279
51.410782 -28.181051
31.081984 -3.513645
-28.622328 59.089939
5.002900 14.764569
-6.229316 61.055367
-40.168324 -16.543110
30.701227 7.265486
5.169075 14.560458
23.476784 -18.933388
29.106495 -59.239437
23.755995 -16.884235
-4.046794 -41.480381
14.975417 65.727798
23.511797 7.881878
-33.278763 -13.485254
-29.745342 -41.685207
28.009687 -12.837922
-29.145500 44.492359
-41.403027 -7.065286
65.520164 -1.210534
-6.519185 58.748241
-29.745342 -41.685207
-60.225079 -8.241430
23.079103 19.138666
33.670181 62.962360
22.388056 -54.480095
-64.532135 -1.379799
2.363820 12.983782
-11.561331 59.218525
40.317993 -46.654732
20.713860 -10.775108
-2.013073 14.331866
-48.087967 -14.522899
24.523045 8.755959
-48.868393 18.311998
-21.717037 6.879055
-39.118828 41.531967
21.462936 -11.750146
11.867013 20.736897
10.317335 -58.565926
21.947836 64.394424
48.997375 -35.411831
-62.608368 11.061286
-13.064449 9.042495
54.751659 -28.611422
-19.569572 10.573398
7.082769 -52.684315
28.793991 13.647282
27.090614 33.214367
21.584299 22.851242
37.910229 10.973049
18.361629 61.194088
26.749592 9.798349
30.551821 62.083359
-14.869988 55.452164
2.574785 -49.208817
29.926104 -2.279440
24.448357 -57.930923
-53.596863 19.759106
4.672482 -44.989708
13.225634 25.681498
-12.405339 -51.083981
43.517296 -41.726814
29.355186 5.254864
19.320856 -56.160561
49.430214 -45.851315
-11.426581 55.814598
18.331722 -11.064291
-59.421825 19.366806
6.676083 -55.017776
46.515743 -35.585140
46.515942 -35.585205
31.818277 -53.600750
12.984080 -24.649153
46.515717 -35.585133
46.623566 -51.852386
-0.812335 62.056198
28.175356 6.085169
67.972214 3.786933
-6.486411 -46.649590
-46.739780 31.404039
63.767204 0.508508
-55.636467 14.344389
-54.356876 23.168865
-67.287712 -4.826547
6.897026 -40.532810
8.435900 63.702530
5.923157 63.535381
-1.444315 19.458008
-9.803625 9.441957
-53.446583 2.257556
3.108342 16.888741
-9.535219 2.459475
11.557650 -59.087177
-54.953106 27.827452
26.968225 14.961193
36.438606 -58.516975
21.716715 24.311308
-49.490776 -5.604119
-40.794014 34.886539
-2.693439 6.016997
-39.908680 48.063755
-27.726360 52.135048
11.563964 19.030884
0.662646 -48.364628
-30.274332 -1.579113
-31.418325 -24.042257
-26.944712 50.399757
20.260603 61.867912
16.623039 -23.902393
-24.276276 -0.380639
20.846918 -14.176519
36.839928 13.416599
24.372530 -4.592128
-15.760427 7.159039
-56.347965 36.094521
-21.806816 59.166279
46.623566 -51.852386
-57.696259 23.266159
-60.860916 11.372764
-40.520107 41.621727
66.980400 0.590016
36.745972 -55.103065
23.668846 -54.820621
52.293041 -35.063072
-51.178352 32.140602
-58.714695 27.944254
-35.146278 -14.525991
11.538066 -16.749222
61.127228 -25.446390
3.511932 -36.973831
-7.116684 59.823467
14.489201 -19.181847
15.363170 -59.836819
-11.019879 -2.273485
28.745462 -12.103349
63.641388 1.595326
-11.990288 58.600967
-23.999735 -2.588900
43.182522 -43.204269
42.369396 -44.271961
11.201251 24.732401
57.325947 -25.639736
24.687851 -1.842939
59.012363 26.589783
1.899109 -34.705154
8.260120 -32.557045
8.126058 -32.620811
-46.593876 -5.000899
-1.328257 -37.086308
36.889381 28.542538
-41.805611 36.761269
66.639755 1.738193
-18.179562 -14.877607
31.350115 -5.888131
19.753136 -18.613338
21.556263 29.037094
-8.254937 -44.458118
26.576002 -3.769527
41.739048 -43.082645
-28.409431 -9.232914
33.880234 -61.033379
31.231813 -58.743427
-41.727802 32.373898
24.387442 -15.289830
21.952818 -13.286533
-6.738985 -46.011593
28.574070 -55.919136
3.808402 19.517057
28.574505 -55.919006
28.005308 -56.022457
54.070862 -37.234550
6.658104 19.330921
-12.455382 -3.145746
7.994579 -54.044041
8.563577 24.378361
-29.366327 43.631161
-58.938763 4.920350
-23.878651 54.553932
24.703861 64.934189
8.223022 -58.903084
18.584242 -58.863297
-50.318233 31.634762
10.848068 -21.478605
2.477168 -55.077152
3.780194 -27.839182
29.372684 66.295845
-5.366890 12.094150
25.660479 -5.498157
59.569027 25.428751
3.886257 -56.956352
64.436859 -16.922287
59.552662 26.603146
53.752705 -30.548120
-62.683529 0.600620
51.410755 -28.181042
24.885778 -56.389450
51.410801 -28.181011
4.103359 -42.192554
-63.690495 -5.718811
36.232094 -7.641175
-13.148079 -3.737267
3.450350 -24.711504
14.830075 -22.732725
-28.062431 -10.137436
10.908551 -60.675922
48.690239 -34.007832
39.797249 -55.509632
7.935589 -56.534832
-32.236755 46.499191
41.416225 -50.456882
-48.638908 -5.631299
-17.374607 15.025130
8.051819 -46.723099
26.991007 19.168844
-19.108257 52.082912
-12.324772 -15.463943
-8.254952 -44.459023
10.782972 67.229897
14.234287 -21.436823
-22.637726 8.152832
-27.239243 -13.501546
27.792786 -56.935017
2.894158 -23.486687
41.897888 -45.275707
9.725284 -27.404497
-2.896998 -43.537956
-36.250420 45.428955
2.979662 16.219542
-3.399315 6.108063
-59.573147 3.544021
-9.184388 13.065696
9.775750 24.110628
30.042658 1.408720
42.151165 2.398058
-31.953718 48.495033
9.294490 -56.703064
6.069375 -30.445057
21.996220 -9.022454
3.948191 -28.072990
-14.454986 0.188132
21.207434 29.165646
30.831404 -0.288556
4.083302 -31.225073
-61.969067 -17.999443
-25.588232 -11.129004
-41.121181 -24.010969
-20.047367 -3.862681
8.043638 65.918396
-61.019409 -9.337817
-5.630168 12.902354
-56.135906 21.580639
6.212901 -54.135170
-9.484285 5.699571
26.690762 -6.167728
22.158962 -58.733898
-38.609699 43.234997
10.947304 -54.148018
-3.693853 -41.761810
14.975865 65.728439
-33.046097 46.100368
-62.122234 6.704964
13.561634 -21.371630
28.737175 16.040209
-40.364128 -16.884235
-15.344923 2.846715
-4.740307 8.802900
36.438938 -58.517326
-20.851908 8.777119
7.069473 -36.498451
33.153049 1.555246
-52.046947 -20.572742
-28.845137 -20.736444
25.543764 -64.355820
13.851839 17.392988
-4.551710 5.129682
3.084488 -32.118286
22.766716 -12.874799
-41.215004 -23.864861
5.205312 -58.729572
-1.860426 -3.078376
-61.969170 -17.999445
38.838581 -47.189003
50.566860 -35.715096
11.902700 -23.593712
64.100784 1.157050
-7.668932 24.396593
-4.841908 17.628613
-38.177914 44.242920
-54.997135 26.714859
-5.526759 58.645561
36.322357 -48.050541
18.066721 -66.054802
-58.791790 1.015395
59.938141 26.147198
-35.478508 -8.560833
67.766029 1.826584
19.514582 65.230759
15.547393 -21.859058
29.279284 -59.172134
20.173088 -9.301732
-51.402634 -18.243221
26.335600 22.827496
1.529395 16.195724
7.139698 -53.854038
-1.800232 34.616440
-47.775917 29.978682
-4.129078 -49.573013
-43.423988 -7.547287
-22.554087 57.964294
1.796664 -43.380146
27.151445 11.652635
40.134602 -47.919239
35.624260 -1.834403
59.277744 26.150627
59.569027 25.428751
-26.122631 57.367813
-51.238728 26.415751
-43.416752 34.753448
-12.502057 11.557139
21.851463 15.890741
28.792135 -52.913109
20.715101 -17.666941
5.318357 16.815544
-57.276562 7.083478
24.948196 20.157761
-15.815333 52.674809
28.090715 -56.168003
18.194435 21.200474
2.061383 -62.462780
-19.800919 2.506390
-41.344677 37.815884
-15.787641 13.915330
24.623438 -59.428604
-52.295830 6.032456
-46.743492 -14.845179
19.321632 -58.599682
-35.948418 -7.891563
-54.778866 -9.024966
-15.512643 0.391713
28.847040 5.084668
42.125000 -48.556526
30.503809 -56.647476
-41.196136 42.311600
-48.966728 20.435532
0.513353 16.054455
-8.967408 8.443007
20.689009 15.778951
-13.798470 2.234836
53.132278 -29.993258
-2.838570 58.429859
31.246288 7.199628
-4.648661 -40.553967
13.213518 -57.706741
5.719009 69.578125
22.794939 -13.294921
58.599545 25.661392
-4.327851 -53.969421
-0.589209 -32.060070
4.573625 -42.473022
0.078041 -46.875957
-12.324788 -15.463975
29.674025 -4.012002
26.996271 12.247379
-4.790388 -58.993824
25.544268 -64.354980
5.034320 18.699778
-64.831268 18.735077
39.074558 13.513288
31.212246 11.162513
-20.949802 -9.301352
-24.129713 -3.312335
-46.063011 -14.297080
8.685841 66.706314
37.491383 -1.182046
-57.373127 -3.934124
-17.217102 -7.871833
3.334581 -43.431793
-58.551647 15.768750
27.232983 -0.258194
-19.338825 12.158590
-20.677250 8.561028
-61.131519 17.516642
-42.297989 34.092182
31.847712 16.349325
30.085138 -8.827912
37.884232 6.635929
-51.093384 22.952913
29.448227 6.121046
7.453774 -55.190830
32.570095 9.274764
31.342113 1.290482
-4.390285 12.217720
5.525395 -33.767342
7.090251 -26.409828
68.392502 2.094552
-12.451237 10.458973
66.560486 0.781232
-66.681282 -9.341340
-58.293568 16.868984
27.473925 -22.721165
38.645428 0.153681
-52.083473 29.959072
-45.062939 32.661572
-25.302280 51.114220
66.901352 0.123208
64.846840 -13.636736
-16.184532 -10.536283
29.175207 66.691307
-52.497612 23.899076
26.674221 65.079628
-15.010120 3.335725
25.494484 -9.965320
15.514878 -58.369328
44.097149 -43.139904
20.132547 -6.528978
41.728893 -45.686459
19.052582 21.774969
29.800303 -5.311130
16.707794 22.946512
-48.133408 42.302567
11.763539 -20.573557
-60.175129 12.597506
36.282925 9.951501
51.073372 -33.714951
-66.736755 9.526274
-23.112188 -5.969052
-66.739349 9.526271
32.178905 61.799412
-0.981315 15.668900
-47.382343 -17.562372
-4.020536 6.471115
-49.197319 27.295210
-60.938335 3.464897
29.027538 7.956296
-28.094578 59.274025
-1.693131 -3.065870
64.436859 -16.922283
-20.833942 57.007118
-7.212200 13.629680
-36.815529 -16.037615
5.501273 19.334396
-28.457003 59.045856
24.083771 -18.452158
-12.893036 -1.708231
2.924438 -46.546047
-44.220215 -12.761592
7.116712 26.567993
-29.200047 -42.455833
-8.360930 -8.530496
39.797249 -55.509632
-29.709902 54.945629
21.619995 -14.748484
-9.738495 57.498173
-49.197739 27.295319
23.563288 -5.328198
7.156878 -51.554199
27.263908 -55.590931
30.988443 18.840841
-28.334936 -41.535927
33.702400 10.687919
-61.610786 6.166249
-47.685818 32.025745
16.353844 22.671556
33.637283 60.422352
32.053116 4.395609
16.844477 29.369455
-34.999737 42.106983
-54.463329 -13.386414
28.010380 -22.443045
-35.028904 -13.143945
-66.642769 7.964734
-12.324924 -15.463881
-6.532839 1.738134
19.152519 -19.631817
13.696734 23.627157
-25.094362 52.293449
22.704592 -11.167220
0.817774 18.328035
28.606113 -2.115926
-29.194895 -6.167130
-12.660737 -0.671863
25.328291 17.953701
-0.349020 -52.554615
-17.998203 13.731594
12.541018 -57.475388
-61.513451 18.552517
-64.646660 6.236382
17.171307 62.111462
6.473460 65.569695
3.070493 -52.822887
65.710114 -14.100667
-12.396461 -51.534264
65.710106 -14.100666
-1.762687 15.397292
14.621160 -24.012009
-21.702078 -6.304606
-54.780834 -8.439127
-46.268147 -13.380453
14.761647 -52.946880
-17.316870 -14.782697
1.535855 -52.650093
23.141472 -2.624900
26.084944 -12.865112
25.543764 -64.355820
30.846466 -10.666054
-46.258968 -10.861197
-17.790880 3.590988
-49.283241 29.823397
6.910264 -40.625999
-22.901875 51.726875
-26.282152 -16.886072
-53.994099 6.521166
3.638937 63.901077
16.198925 -61.685749
-3.182212 14.538618
16.630400 -58.843555
-63.642597 0.280044
-10.831781 56.673931
4.543183 -57.077179
17.363770 15.086940
-43.089195 32.667881
-21.121399 -7.362927
-20.390100 3.483034
-15.917244 -6.388580
27.090246 33.214172
24.005856 -15.607302
24.957022 19.499252
5.073801 69.129539
-12.967971 52.697948
23.846586 -22.782074
34.955685 3.231179
-53.038387 27.913340
15.269152 -25.427788
-60.147171 -8.233283
31.132139 10.682655
-36.834274 39.160389
22.283304 64.440781
33.397877 -0.978674
38.225365 -56.112160
42.151165 2.398058
-49.288036 -15.782398
-59.760239 27.930748
21.662130 -11.686625
26.963099 9.293940
10.672758 67.098366
13.113036 -57.190178
-2.471345 -42.152618
-40.765541 41.399021
-52.295876 6.032425
-6.103430 14.109248
15.334267 17.958315
-54.646538 2.976036
5.638799 68.962440
2.666169 -29.484476
20.290022 61.961433
-14.471808 57.074184
25.768145 1.491863
-39.731377 45.189739
-55.948753 -4.232631
-61.019264 -9.337785
34.917408 -51.931225
0.399169 -53.852699
-21.642639 8.766261
-44.514111 -6.480146
65.798889 1.137592
-41.917778 35.686516
-7.668621 24.396009
29.173952 -51.578430
-44.382332 41.465893
2.169119 -31.752687
1.148549 -41.052792
-30.273697 -1.579125
-33.399364 -11.927031
2.580114 -55.043861
10.541453 -57.864731
42.407776 -46.886482
7.463235 27.673656
38.840145 -46.756527
-36.764618 -6.861771
19.786621 15.718697
-29.789495 -17.771666
36.889381 28.542538
6.746829 21.340029
-63.779007 2.681441
36.889381 28.542538
22.454664 -19.586147
-52.337299 26.045820
-29.488070 -18.274235
-26.351927 56.939220
9.094030 -58.799797
-13.603233 0.096724
1.890741 -53.295048
24.609121 21.312088
66.461723 -0.547437
-56.013916 -2.543945
0.755576 19.233067
39.360981 -50.364620
-29.144520 50.985634
-34.972359 -14.286889
-64.397537 -1.220530
-35.740448 -15.034321
-30.273718 -1.579126
55.325443 -23.991056
29.055677 6.666615
8.158271 -29.978710
11.300203 -22.368296
-9.467822 60.270611
2.633784 -49.973804
-60.506577 -11.735443
-47.350353 -11.417220
-59.839836 6.697883
53.958042 -29.720249
26.915411 -56.466560
-41.524136 -23.702042
31.502909 -2.835543
-31.643303 -14.964856
12.199475 -55.632942
-2.653896 -41.977200
13.009145 -22.347227
-2.667114 59.782047
68.684082 3.103240
12.924443 18.784294
29.840569 1.586751
-45.147160 31.555187
25.493898 -20.283415
25.049992 -18.091938
-0.005494 27.412964
0.017439 27.359983
11.642000 69.129745
-59.920570 -7.843187
3.382843 -60.130795
-16.266813 0.220962
-1.080895 -40.038013
-1.679231 -42.334747
15.045968 19.758160
27.090425 33.214382
-4.790418 -58.993542
65.710106 -14.100666
2.811259 -31.970715
53.573929 -30.784611
6.965855 69.342567
-64.997047 11.661357
30.048231 14.278660
-25.750795 53.317440
4.446476 65.548859
-9.964118 59.080204
32.243462 -8.065815
-7.235839 7.150769
28.330078 -1.614184
-58.553493 11.447982
24.028101 13.016713
-38.200924 -17.439739
14.429367 -17.621119
0.195980 -41.735447
42.291969 -43.936840
-55.970959 12.672868
4.391923 -27.833971
51.514576 -33.925903
10.911017 -56.709969
-27.182234 53.852989
13.761157 -26.131355
-9.043472 22.642773
5.277264 -38.896278
19.736946 -62.705887
-61.969067 -17.999447
19.737156 -62.705490
57.143875 -26.403986
-48.966534 20.432970
-7.794754 61.255791
-28.961136 -40.815311
14.140570 -56.800583
64.477737 0.682060
46.623566 -51.852386
-49.053539 -4.711959
2.773925 7.871023
36.736122 -52.207699
20.030659 26.710691
-4.108271 3.172005
6.794698 -56.485359
-49.888515 30.823093
5.574312 -30.775408
-54.802933 2.915695
61.890575 -15.647594
17.806440 -53.502804
-49.630367 -7.985613
-0.726280 -42.127480
-8.641780 -7.330507
-34.237514 -10.303374
59.569027 25.428751
-37.102673 47.169670
-51.140270 -18.516161
3.290333 -50.874447
22.537027 -10.881374
-21.753822 1.072006
26.778673 2.471068
0.465163 14.579181
40.934071 -48.211620
22.231606 -65.537033
-22.836849 -6.790960
-54.703938 21.961472
51.404041 -36.609547
-52.031860 21.164688
38.858490 13.459184
9.505311 -61.490330
6.711127 -32.069130
24.534555 66.069733
-23.540520 8.322889
36.097954 61.210918
-29.173649 -15.510901
64.436859 -16.922287
68.115334 -0.732098
55.325443 -23.991056
3.146309 -53.340405
36.096592 61.188908
-57.846275 5.881776
3.573541 -32.382999
-48.868393 18.311998
-57.731010 8.120185
-0.271812 17.734657
43.365231 -42.872410
12.241907 -16.341057
-45.207390 -7.346058
3.019765 15.446859
20.576223 -57.625961
-48.780396 29.993509
32.307636 -8.592154
8.044129 24.546095
-36.254318 42.623070
-14.568999 1.667311
-59.240807 -2.315317
8.788010 -55.369190
58.599545 25.661392
11.985016 64.112000
-17.952158 57.783516
2.888222 -23.787012
-52.864956 1.626402
-67.272789 -9.383627
-46.640514 -5.524467
9.121745 -35.537487
25.002989 -55.517563
-31.953728 48.494953
-44.746933 27.831287
-4.844632 62.858898
-7.668873 24.396048
-5.815796 4.752178
54.301918 -37.052776
-54.768272 -13.432827
-3.796381 21.430573
-8.873401 18.746870
17.364727 22.033598
40.683208 -46.742676
40.682304 -46.746418
9.457192 -33.380901
65.925354 -0.542570
46.623569 -51.852383
-23.184317 2.787699
-52.295406 6.032530
17.948793 61.292515
-29.144726 50.985031
29.123184 -64.145905
-63.595371 2.389424
-56.807270 22.990005
21.268648 20.598070
-45.714008 -6.774214
17.681913 22.054777
12.569799 -27.534435
32.880230 2.909193
27.945604 64.408051
-21.753895 1.072029
63.871529 2.355873
39.797306 -55.509644
1.208168 -30.588877
-50.245663 21.895683
60.882320 -25.301409
-4.929546 -45.159122
11.831350 67.072044
23.231236 25.259178
-23.090578 -8.287838
-2.214211 65.488335
-2.214338 65.488365
37.871311 12.345377
-12.784255 -51.317410
37.163940 60.170242
61.595528 -19.205399
9.987291 30.988792
22.624407 -58.785671
24.082205 3.450496
-36.766094 -10.801747
65.599731 2.516581
30.160439 10.002966
-58.311970 21.054289
-29.081850 42.867321
16.048367 28.329124
28.091995 -4.663527
55.304108 -24.028147
0.584754 -40.395927
-36.211422 -14.112411
-2.964739 5.106267
-19.667244 -4.543749
-58.156265 -0.885292
27.348473 -16.988350
31.238224 -52.426388
-17.210773 -14.682543
-27.899527 -17.474657
50.507801 -39.367565
13.225869 22.007343
-16.014837 54.520370
-46.081486 33.361588
-28.961136 -40.815311
-58.304016 25.766823
-27.647467 -14.468977
22.456732 21.373074
-9.435130 13.266494
6.137314 -49.234634
-51.970306 22.556253
-4.129024 -49.572979
-54.535641 -12.838827
-5.668283 61.645481
-5.668293 61.645462
-43.257801 30.886904
-43.861549 -13.098511
31.321663 7.205226
-42.102348 36.530319
7.167728 -21.660843
-4.069216 57.996868
29.478743 64.979416
21.381994 -23.916994
-30.363819 42.575386
25.240734 21.922880
-39.910248 48.070889
54.078491 -37.242386
8.065684 -34.432713
65.020889 2.665624
32.951420 64.273125
23.162209 4.461628
-35.951225 49.284332
11.642032 69.129723
-58.984947 -7.297534
-33.514874 40.075081
12.133399 -60.520798
-22.876951 -12.693372
45.499226 -41.626881
-31.505707 52.669693
27.046358 63.272148
37.345417 -44.787403
-29.195030 -6.167130
-51.593903 -9.724285
-15.760391 7.158868
-49.302776 28.749666
7.301873 20.849205
-8.985456 63.721012
-44.382660 41.466278
-44.382626 41.466179
-11.470574 13.671380
-42.397896 33.993610
5.533622 -30.467896
51.134434 -34.858166
56.768764 -21.293718
12.373713 -25.366562
-5.439256 5.658636
9.826959 -25.315695
10.769416 -25.570805
5.734684 -53.527332
-51.738121 21.884026
34.342556 59.403477
-50.166561 -6.234699
-47.050205 -5.364628
-58.750572 8.367105
-22.522457 -11.704694
-29.621855 -17.001183
-0.455588 -55.227486
51.876598 -32.839951
53.835903 -31.684223
-57.491840 23.495422
-38.314407 -14.149486
30.302956 5.857769
4.693758 -30.452799
42.771111 -45.318951
-18.033043 11.141182
28.160238 8.834097
35.216843 -48.653938
13.697840 29.598053
-28.334936 -41.535927
-19.143198 -1.374703
-59.153172 24.959240
37.633312 10.732870
-47.139591 -21.150787
20.484472 -6.171303
-19.569998 10.573338
65.710106 -14.100666
-42.094162 40.728222
-28.149923 -17.766930
11.003269 21.962751
-60.325027 15.201568
-61.513016 2.213866
3.720151 -32.640072
-0.129468 14.777597
13.128551 -17.986115
57.861595 -24.955887
-67.730927 4.873097
33.633270 60.422867
44.647549 -41.632858
22.269417 -16.361839
6.496684 -36.663494
-39.909069 48.070232
19.980593 23.517757
38.497448 -5.100463
-32.410606 -9.479037
-57.520107 11.055957
-49.406178 -15.955677
16.009268 -23.688118
0.604017 20.356480
-34.345406 -12.095741
28.050335 -22.389034
12.703194 27.074263
10.609109 -50.286476
64.436859 -16.922283
33.858589 1.664946
4.525793 17.667181
-55.759308 -12.353271
-45.759064 -17.505110
-52.934265 -14.343623
7.973459 18.170277
19.737263 -62.705700
58.936165 24.991985
36.924633 -1.790811
-53.859043 6.629617
7.123737 24.756866
-3.524998 15.689221
-49.273384 26.801958
54.301918 -37.052776
54.060215 -37.222748
2.839425 23.753826
-36.840679 -9.335480
-3.577839 11.359780
-48.399849 27.702583
20.545822 61.800289
7.094648 24.171171
-31.954393 48.494713
30.161856 66.839897
-2.263164 34.300785
-36.896675 -15.404649
-61.969170 -17.999445
69.200912 1.696291
-39.917480 48.049885
-9.723133 58.586132
23.099529 -6.274835
-66.667839 -8.528392
26.476954 -3.530115
20.092468 62.706921
58.091026 -25.050064
-31.920719 -8.431933
-13.078776 -9.288041
30.379951 5.923584
40.501492 -49.072727
-38.095482 -6.315565
18.066711 -66.055023
5.536019 25.723118
65.867500 0.741522
-11.840570 -2.141575
1.610732 -45.302578
30.161856 66.839897
-2.174941 6.809654
-53.049583 -15.009493
29.649796 -55.601341
7.357488 20.836491
56.332367 -29.775564
-19.849854 -1.515496
0.670777 -34.652454
-20.956116 51.614555
-5.206069 15.576815
21.350395 -58.063049
-12.968238 52.697590
-52.296051 6.032453
-54.170002 15.961814
39.907593 -42.299835
4.628191 -33.588596
34.453735 -52.561356
41.382683 -41.740051
5.990957 19.957054
-54.142128 18.826981
9.215784 24.880079
-64.831268 18.735077
68.854027 0.365344
14.169188 -60.515743
58.599545 25.661392
36.374638 60.867577
39.887669 -44.740856
-69.611237 2.287673
-23.090954 -8.287769
7.125210 -28.009897
-57.589855 20.199959
31.397024 2.894293
-13.102190 -4.150530
-60.366993 6.962085
-4.368347 64.357193
12.036077 16.352707
-25.058485 53.131786
-39.686974 -11.513421
33.860363 -3.149360
-17.553118 54.476189
23.507952 -9.260559
20.189619 26.287552
22.636391 -57.783432
16.190954 -58.107769
25.584661 -17.560097
28.944437 -53.434994
37.365326 -50.785797
-29.436131 -8.321649
17.696783 -23.951706
39.431576 12.267548
-33.838425 47.557568
26.231779 -12.185661
-33.949280 -9.564364
-23.563629 49.860092
-19.570168 10.573182
50.495708 -34.849201
-0.812178 62.056198
3.579181 -55.857334
25.839022 -56.007504
-45.338383 -17.289288
25.025415 10.940485
-14.486635 -0.926510
-39.458649 43.101463
-25.423021 -8.193582
-15.815351 52.674873
-51.339508 19.372215
37.339928 -1.302969
-17.322121 1.786187
-1.592955 -43.462685
-43.330624 -16.546917
15.366952 -16.968328
55.048965 -28.340168
5.929514 64.393059
28.501583 -9.738914
1.620459 -53.441372
-30.179855 43.589413
-23.613794 7.905122
3.051665 65.184311
-10.817745 58.839867
-49.384014 29.929113
-47.194241 -19.948671
3.039887 24.932291
-3.241344 -37.829144
-5.240246 2.265332
39.797306 -55.509644
32.817032 -5.092265
-36.772587 -10.680400
29.782135 8.518805
16.730677 23.901754
54.085697 -36.996136
-30.925913 57.885307
37.718307 -43.619225
-20.266863 3.378668
15.039562 31.516409
29.123293 -64.145897
-29.442827 -40.929962
27.090656 33.214333
16.260485 -13.365047
10.080260 21.521364
-24.430490 -5.801362
5.285471 -32.195305
11.819838 -24.712572
15.538953 -26.987520
3.982584 -28.692038
30.843168 -10.804772
-3.109720 58.451675
-52.046947 -20.572742
1.534413 -43.393288
8.435406 63.702118
2.640438 -23.622843
-6.566320 60.866528
11.446982 25.757452
16.364895 17.431011
19.747999 15.512142
21.397026 -14.435547
41.734940 -45.081364
-26.966022 -12.031706
-48.127632 -21.481752
26.224480 19.967728
-59.568218 15.396744
-22.954185 -14.179544
-45.184753 32.560593
-62.087578 3.537274
-64.979576 -3.046987
-15.844063 12.043348
-19.147396 57.154408
54.739719 -28.962374
-60.109085 4.141951
-35.951366 49.284874
-4.327854 -53.967220
12.970340 24.628258
-7.334071 7.788927
-4.531598 -40.557667
-59.760239 27.930748
12.467027 20.741985
-36.992138 46.321304
-58.715122 27.944380
-6.635167 -45.878124
29.311956 17.781776
-1.735416 14.800420
2.919939 -53.283180
-5.439907 7.958087
44.410542 -42.462414
-9.204467 60.586441
31.758915 -0.864452
-65.835419 2.517159
52.367916 -33.692661
28.050888 -22.389034
-64.987389 -7.293252
30.839479 -1.017735
17.763380 -20.813658
-61.289883 0.518132
46.515694 -35.585171
-6.196377 10.575415
14.977514 65.817665
-34.541161 38.287449
9.551364 -31.649706
-7.182111 -0.801453
-57.336407 -12.919798
38.498329 -5.100464
33.952850 -60.004753
16.212788 -11.628157
8.215063 -53.274197
21.083059 -16.215425
-18.388330 -7.564240
34.657921 8.144558
-46.062702 24.318739
41.505287 -46.538029
-45.632290 -18.646494
-0.950000 19.127333
-12.396461 -51.534264
-19.445845 -2.288782
-18.959339 12.718967
-17.320206 15.095651
-58.053493 -11.785256
7.182958 -31.276485
-20.532732 -2.106364
-41.918095 35.686329
-23.900085 7.411659
-47.219593 -11.879616
-28.259563 44.333752
12.295485 -27.365938
5.638799 68.962440
-59.283199 0.902618
2.870293 -49.736122
16.919943 31.253319
6.461229 -62.710049
2.773926 7.871023
28.165958 -54.890877
-46.964073 -21.780760
-13.115385 0.353857
18.708912 -18.397669
27.500401 -1.477615
-37.900257 -11.604122
18.309959 23.631727
-49.512119 -5.409954
-29.598629 44.723038
23.647209 -57.313534
-42.320438 -16.605885
-3.419542 -29.145409
-50.062347 15.164825
-48.123543 42.297302
-27.036026 -19.013245
-45.632481 -7.033092
-52.479549 18.568201
6.889171 16.306801
1.174687 -51.451378
-57.471321 17.598309
-61.416199 10.335965
57.748417 -24.180103
42.821129 -45.931084
-42.944916 37.572090
-17.208609 0.504848
29.800106 66.186424
-12.324772 -15.463943
-66.977119 -9.424556
30.133738 15.645083
36.838375 -55.123802
21.035084 16.204126
-8.361282 -8.530479
24.357273 22.854322
-29.442827 -40.929962
69.172676 0.926544
23.638147 15.461454
10.445583 -26.422930
34.737720 -4.828327
29.033272 -54.979988
30.979654 -11.957312
10.347629 22.169436
32.042259 -6.495855
-44.789375 31.699352
-66.533180 -9.119206
43.332920 -44.590519
-23.735432 -16.399298
-58.363026 3.842889
-64.295486 -12.479787
32.153484 -58.153927
-34.860359 -15.160439
-25.635065 -3.247930
2.105634 -23.840044
31.502136 -56.636662
28.797668 -15.851207
-6.897706 8.291520
-11.820514 11.173135
-54.996025 10.187581
-0.480899 -50.927822
-52.923794 -16.203077
14.205407 16.053616
-53.448299 15.725356
36.889381 28.542538
-12.967762 52.697613
23.162210 4.461628
25.162458 -53.384285
40.980816 -45.915253
10.302825 -23.659082
5.719009 69.578125
-42.207314 33.266895
-7.035976 6.721868
-15.927685 21.018570
7.368544 69.433899
-8.349216 59.219116
-3.062242 16.994619
17.800816 -24.883821
-66.058243 24.548246
-45.098804 35.314297
-24.898577 -12.252476
66.014923 1.946463
9.590373 -32.815262
51.404095 -35.131359
-32.758366 -19.104136
57.142563 -25.981352
-12.324788 -15.463975
4.340417 -33.857758
23.958420 -55.771194
33.637283 60.422352
-58.879421 14.593982
-59.193718 27.540791
23.624315 20.112253
23.885672 27.230555
25.879595 -5.416921
52.109100 -36.001076
-7.916984 16.245373
-10.381702 -1.525981
-20.248131 -2.058510
-31.456139 -14.653601
13.568591 24.201115
-18.033115 -4.559044
-61.148476 10.713909
-8.593790 7.981569
25.162487 -53.384193
25.162472 -53.384239
12.199852 21.002621
8.377620 20.270910
28.057611 -21.257847
-45.187328 35.645885
29.237532 62.176292
-51.456226 -14.341887
-39.874165 -13.996984
-1.864687 59.018967
-4.328031 -53.968124
-17.238894 -6.053901
12.439510 -23.325018
-35.811180 44.184639
3.909480 28.139757
-12.396461 -51.534264
50.325413 -34.859623
-32.286819 -5.698047
3.909450 28.139757
3.513397 21.614798
29.800106 66.186424
0.480332 -51.111771
41.448055 -43.665279
61.829895 -18.984543
68.057083 3.106838
6.671111 -58.066959
5.073801 69.129539
60.693512 -25.420406
-8.850767 18.892450
-18.779266 2.498130
-0.812335 62.056198
5.089634 64.282211
13.750717 -28.958086
-53.592258 2.284689
-3.518943 -37.845760
28.020220 -9.784559
-43.258919 30.886917
43.501553 -45.726341
-8.712673 -7.855027
-3.688218 63.568470
54.301918 -37.052776
-61.687134 -6.941046
15.930550 22.848516
-42.094284 40.727741
16.873230 24.520481
-42.094215 40.727478
29.372684 66.295845
2.773926 7.871023
25.428959 9.708468
1.790020 -24.379799
29.521421 -53.933487
24.070534 14.230499
-7.212885 -0.791415
21.755421 -23.361090
22.323786 14.361104
8.685710 66.706383
-53.448559 15.725379
7.030251 -32.009811
3.818314 -55.884724
29.175207 66.691307
66.062119 2.627006
-67.531097 -9.017831
-60.831291 21.366699
15.465913 -57.789524
-1.020418 -38.763332
2.032799 15.242344
-63.759781 4.654118
-12.050313 3.901927
-60.798523 17.772068
39.422184 -45.819378
65.709320 -14.100681
28.295130 16.081121
29.123245 -64.145859
-34.641819 -11.406137
-57.236084 14.100812
-20.334650 -6.477425
-38.763935 44.982857
-60.057800 5.683295
2.518370 -52.423691
35.597984 15.436535
-41.662060 -23.712246
59.569027 25.428751
0.390389 -42.016777
10.795599 -22.276127
25.585363 12.867907
2.061412 -62.463291
18.766518 23.519508
-12.396461 -51.534264
6.983038 -62.367077
-27.233252 -11.647244
-61.849823 -1.701540
-61.476330 6.545454
-8.254966 -44.459183
33.880230 -61.033379
-55.777008 13.043887
-4.790390 -58.993599
-63.477116 7.131524
-5.306470 20.454988
-53.032093 21.007849
-0.168878 -35.948200
-31.542652 52.669331
23.387743 -5.936166
55.308807 -24.024303
32.429615 -9.381296
54.060215 -37.222748
2.315981 -35.146004
0.765123 -53.935513
30.800859 18.938364
54.301918 -37.052776
36.438709 -58.517372
-25.543018 -15.059154
-18.676489 5.938366
-31.953711 48.495068
59.569027 25.428751
41.766254 -41.184639
25.598930 19.973068
-56.347965 36.094521
5.356274 65.296410
-57.215584 25.076237
36.711452 -2.018961
51.941986 -33.238251
6.585656 21.706829
9.207696 -31.355751
13.723991 -17.982187
10.064296 -20.827349
59.569027 25.428751
