19.186743 -14.190923
28.494205 14.183028
-6.744562 -12.863377
24.017700 26.840010
28.226585 -1.341624
20.002682 -12.169611
17.567661 -19.930876
-4.748657 56.620148
25.087833 26.016552
-22.673864 32.017357
-36.413074 -37.965267
0.474427 15.759329
-1.657436 15.249257
-19.007114 30.821598
-34.946960 2.117188
-28.453247 43.427551
-20.334028 32.586514
-29.990088 -0.741929
-43.584190 -6.497210
30.922035 2.385042
10.022761 -13.512349
19.527901 -9.987486
-36.293900 -1.438644
-56.320507 35.729813
30.236853 7.298790
-14.300861 -7.877965
-45.146980 -2.454536
17.128748 -13.026252
-19.170080 -8.437889
0.441906 -13.653432
2.861376 -17.077635
-32.392143 -40.717567
7.103950 -49.940277
3.684797 -14.811719
-26.115719 -1.502588
12.056889 44.082161
-13.936577 35.283283
-18.323864 -7.415843
-18.375593 -7.943009
-3.816000 54.533264
23.870813 -4.507453
-46.209934 -25.784941
33.650604 1.522973
-19.372448 32.845318
-36.413071 -37.965256
17.293478 -16.532314
-55.898228 35.705696
-44.103203 -4.006986
-38.279060 -0.415037
-24.267801 -1.905885
-9.879582 -17.924896
-55.898209 35.705643
-1.657436 15.249257
-40.551411 -2.498991
-1.657436 15.249257
1.083862 -14.044198
-0.800786 18.020763
26.494940 19.952421
20.061794 -8.416945
4.483826 19.292295
21.056351 31.342400
19.015650 -14.532032
-0.731874 -13.966639
25.280663 -6.679447
30.833963 10.679799
-20.838903 31.937397
-42.534229 -32.401020
26.127197 4.340073
1.069671 14.198575
1.169490 -16.491899
56.091778 -7.006304
0.912602 -18.804262
-4.586209 -15.424890
-41.322880 -3.309974
28.996250 5.133276
2.504692 15.720904
57.592285 -7.651287
9.966896 34.337399
55.540413 -7.204927
20.510721 -11.270565
8.116959 -13.370975
23.785065 -4.588470
7.034161 -14.869126
-18.475973 31.265690
28.999168 10.263039
9.953829 33.683697
-11.103250 -10.915855
24.762402 -37.492764
23.821115 -11.795255
-27.173027 -13.234345
28.204649 9.022955
28.467600 13.638350
57.125397 -8.039128
27.681999 20.182919
-28.642529 -19.808254
24.816496 -36.415947
28.319689 5.051323
58.115437 -9.190846
16.063850 -13.296593
-11.250901 -48.955414
26.309792 20.489996
26.356476 19.270046
23.947968 26.771521
-23.831583 -1.308101
0.088921 12.384318
-27.926956 42.643845
-30.609411 -0.981762
-6.597566 -12.653826
-19.886635 31.269304
28.350220 4.460282
18.901646 -13.811016
56.642273 -6.423142
24.382423 -5.843858
-36.566143 -38.176758
19.329592 -11.472865
-19.346075 -4.621488
-11.050946 -14.291652
3.684776 -14.811720
0.088921 12.384318
-19.627176 32.450134
58.993332 -5.000717
7.583370 -16.139860
4.213253 13.343504
-46.649464 -12.158863
5.913095 -50.616287
-23.433680 -0.656894
-16.781981 33.132030
8.852407 17.060566
55.383091 -7.848162
-3.855665 55.211269
-8.324978 -10.583674
-1.657436 15.249257
17.617052 -13.203695
-36.469616 -0.707026
23.820192 -11.795538
27.338404 0.642912
-5.494962 56.148685
-27.529022 -19.646866
23.820677 -11.795649
28.987272 5.862218
-27.167690 -13.232448
26.203602 27.498013
-20.901295 30.868679
5.693909 17.160011
20.628294 -11.242377
2.014123 16.617065
-28.252810 -20.088095
-28.100851 -18.903955
-15.572721 -8.413954
2.367133 -11.398879
29.067432 -9.666829
-14.981296 -17.109509
-43.228691 -30.722733
26.274149 54.462109
5.986886 -51.103302
21.599792 30.289534
10.965982 -13.925186
1.100971 16.305830
-4.520490 55.213257
7.753963 -14.518043
14.319389 -13.915221
35.348244 7.861901
25.928574 20.909363
-15.491896 -17.100027
23.098373 28.079514
-46.210068 -25.784821
17.626905 32.511322
26.230799 13.461938
25.265383 -36.238796
25.814241 -37.761940
-1.037454 -16.911510
-53.532028 -10.761616
6.928063 -50.787876
-39.063198 -35.497124
-10.579411 -9.408981
-19.856131 31.586483
56.749588 -6.545425
-15.489293 -17.101274
-47.290421 -15.804830
-23.519835 -4.193361
10.045890 -15.537938
25.195742 53.278984
28.398430 0.693107
33.650589 1.523015
-45.374832 -2.719807
-37.512787 -37.274658
6.060901 17.941359
-46.209969 -25.784712
30.507616 1.935482
23.773939 26.450668
15.083363 -13.406083
-6.733060 -12.908598
-44.538479 -2.128306
4.000684 15.800948
1.963813 14.420775
-17.182535 -3.803193
57.237587 -6.680573
11.958989 -17.357052
-30.864740 1.020682
21.023649 32.300907
24.807823 54.409081
-28.574251 -19.054447
24.816231 -36.416138
-2.196850 -12.735066
-7.966609 -18.063461
-40.698708 -3.381874
-28.703724 -19.451506
6.772266 -51.618446
26.439236 -5.179377
-14.981067 -17.109507
1.403916 14.980058
26.182226 -7.671324
-47.223660 -14.343048
-56.320507 35.729813
1.753061 16.835432
22.072275 29.493637
-16.765965 -48.386963
-17.988066 -4.318879
5.412127 -15.718055
2.049985 15.434565
1.461485 14.196607
28.837763 13.256320
-6.896692 -11.492832
-5.839006 55.684765
18.039560 -19.510513
30.788136 10.789659
-1.637385 11.792270
3.212798 17.486744
29.660328 -6.470892
-25.552938 -3.633894
25.370880 23.603657
29.962969 3.431430
-18.394115 32.580891
-22.673864 32.017357
56.489864 -6.917255
-0.587563 -14.366577
-13.949210 35.129654
15.612858 -14.119804
14.360339 -13.855842
24.132708 27.291065
-1.657436 15.249257
24.404037 26.339884
-9.682383 -23.275337
-4.605600 54.054607
-2.073807 18.605377
24.266766 -37.389297
24.217367 -38.160709
-7.967041 -18.064619
21.495874 -20.476894
25.832901 22.520065
-27.926928 42.643753
-19.728115 29.020000
27.628139 20.103630
-9.689609 -23.271305
-11.307117 -13.976815
6.332850 -18.166740
32.633904 10.259599
57.237347 -7.262926
7.103826 -49.940208
27.322897 -35.123703
24.297804 54.101822
17.355431 -15.523920
-14.201468 33.640648
-14.981294 -17.109379
27.120501 17.867815
31.861992 4.728222
-9.673600 -23.344097
-4.671037 -12.808707
-14.981294 -17.109327
-45.263783 -3.584829
-10.787267 -8.979320
-17.182543 -3.803188
1.545008 16.851316
5.875209 19.888105
15.344813 -12.911056
-12.225353 -9.642385
-19.728115 29.020000
27.351641 -0.781174
-7.274167 -13.539963
-27.529022 -19.646866
18.366558 -14.795963
-4.338604 56.558102
1.336378 15.798329
55.901741 -8.155086
-20.909481 32.409988
58.993332 -5.000717
21.371651 -12.941648
-17.851219 34.482830
-31.451687 2.127915
-3.391077 18.375378
-14.047102 -6.717777
-22.955774 -4.927234
57.073685 -7.206010
25.207596 19.131182
3.106750 -16.191668
12.575326 44.915482
29.094839 -10.473988
-25.211754 -2.364323
24.206329 -37.179195
10.068268 33.582443
-15.491920 -17.099846
-27.926989 42.643898
30.627016 7.355618
5.158660 15.292264
-13.814021 -8.937618
-7.739638 -12.431693
18.707844 -11.225880
-39.049229 -2.004160
1.468471 14.199141
18.721657 -12.408487
23.821072 -11.795256
12.126715 44.739136
-12.512730 -12.218794
25.654202 -36.923229
-56.261436 35.307068
23.821228 -11.795203
7.490146 -51.467812
20.446394 31.549870
0.690215 16.895561
-42.212788 -4.660547
0.474427 15.759329
-14.201473 33.640690
-20.084618 0.115472
-27.829695 -19.947845
-5.818996 55.600357
1.403916 14.980058
24.482164 24.611488
28.268377 4.809196
-17.892191 -9.037918
1.403916 14.980058
-3.896322 56.387638
-37.512821 -37.274464
-42.526024 -5.348441
-17.319450 -6.042346
-28.583321 -19.913826
3.106762 -16.191772
26.491831 -38.827438
-1.657436 15.249257
0.088921 12.384318
-24.581964 -2.948497
4.448876 -19.832596
23.480978 -5.090283
-6.415157 -17.751495
7.554567 -50.301437
10.178040 33.538357
-19.572281 30.759720
2.367128 -11.398765
11.618602 -10.824303
26.168570 4.468489
6.772266 -51.618446
29.622055 6.737115
6.772266 -51.618446
-47.291142 -13.692512
19.322126 -14.313731
21.495846 -20.476898
-42.534222 -32.401020
-33.504646 -1.752287
-12.164423 -4.440037
-12.230607 -48.764912
21.895741 32.430084
-55.960163 35.382576
-30.688278 -0.829140
-27.716923 -19.089458
-37.583981 -2.731040
-1.599292 18.183323
23.821106 -11.795168
28.277393 8.878910
10.053972 -14.659810
25.949051 3.671805
10.444211 -14.934818
23.834465 -11.046618
-16.840271 -5.757525
28.748804 11.174989
21.811598 31.623661
-2.995255 -12.199293
0.590904 -13.931279
1.403916 14.980058
-36.566761 -38.176296
19.229279 -14.975806
-23.519865 -4.193357
25.478838 53.980515
21.997690 31.739090
20.363405 -11.215075
21.437809 32.147850
27.741135 14.361882
-37.914719 -0.416188
23.173120 -5.274853
-16.929819 30.505638
12.273669 -13.026750
9.306075 -14.570236
22.881609 11.607233
26.499128 -4.855250
-1.657436 15.249257
-44.428711 -5.727935
19.504967 -11.708305
7.547298 -15.633968
3.744966 12.435530
-46.721252 -11.740795
6.772266 -51.618446
-9.676991 -23.262117
27.275953 -37.145359
-16.915775 -6.522157
-4.356696 -12.549092
25.059683 54.511372
9.833667 -12.474191
10.625418 -11.419491
-12.164416 -4.439931
-46.199936 -25.785557
-26.125113 39.756844
-53.531586 -10.761567
8.869535 17.037193
-36.268635 -2.108069
23.785028 -4.588524
-25.702473 -1.464768
-34.946709 2.117172
-46.209881 -25.784925
12.658007 43.878929
12.907153 44.724632
28.548197 12.639192
-22.673864 32.017357
-32.501591 -41.061340
-9.676873 -23.261774
26.203819 27.497952
-20.909098 32.408978
1.165140 14.210904
-26.979689 -2.305665
-20.915869 -4.410606
26.191618 53.798824
9.917912 -12.910594
57.660099 -7.577696
-8.598855 -11.178078
-30.524153 -0.885889
-10.989760 -12.036575
29.556038 10.082815
29.426834 -1.277527
30.491610 6.271693
-20.391596 -3.242176
4.934212 13.067060
4.890927 20.638956
-38.564266 -0.848484
55.836056 -5.798967
26.960287 18.942038
-27.173027 -13.234339
-22.626348 -2.447773
26.096409 4.149855
-27.926928 42.643761
-20.085165 0.115468
10.380246 33.518703
-19.728115 29.020000
-1.701176 -13.716070
28.579100 13.970361
23.622477 28.446598
-19.728115 29.020000
-46.210102 -25.784937
9.868186 34.143749
3.106817 -16.191696
26.170168 53.815937
-43.228367 -30.723145
1.165609 18.591320
-11.976882 -8.657773
18.174576 -9.790544
-3.306478 55.280300
-11.090818 -48.133919
26.272039 -37.529613
-23.519835 -4.193362
28.863529 4.968427
26.418018 -37.075470
32.893738 9.964735
24.736341 19.234154
-53.528458 -10.760491
53.910686 -4.764606
-17.819332 -6.427150
23.869751 26.519186
4.945670 10.435660
-16.522499 -48.442345
-53.531326 -10.761513
26.174299 15.449387
27.798553 2.039247
10.690382 33.747787
10.435133 33.530918
27.336468 -37.980213
-10.681485 -49.185497
1.729734 16.808304
22.672724 -37.589973
30.178829 9.675668
25.533628 -37.030407
-37.469372 -1.343796
28.279106 -39.541626
25.482729 -40.824886
27.310774 -37.655647
-27.173027 -13.234339
25.366913 -37.533184
27.077503 16.352518
7.518085 -50.287880
24.831520 -37.937908
26.237274 21.649740
19.658167 -8.923837
-12.146286 -48.436844
-26.219431 -1.828477
10.690371 33.747768
-47.187405 -17.348120
30.740183 5.705230
-29.375170 -0.567331
24.909193 -39.025097
24.697166 53.491978
-34.946682 2.117142
1.952856 12.543885
18.206211 -9.971012
18.206202 -9.970990
12.270345 -10.439762
22.881607 11.607261
7.130083 17.654778
2.366969 -11.398925
-30.451920 -1.011114
-12.933366 -7.030265
-1.362934 -14.394374
35.348251 7.861900
-42.534218 -32.401024
-43.228523 -30.722921
0.690215 16.895561
6.060573 -51.397556
-36.198841 -1.155017
25.794323 53.451473
-1.469887 -15.077220
-1.657436 15.249257
-28.252810 -20.088095
23.785065 -4.588470
-36.342682 -2.342584
4.898018 14.085504
23.821157 -11.795155
-27.926987 42.643898
24.446304 54.785240
25.091040 -4.809545
-36.313976 -2.346026
-36.329590 -2.276672
-43.229000 -30.723463
-5.869787 14.914997
15.733085 -13.254148
-37.190937 0.609636
-47.097641 -19.966379
34.292782 4.007109
1.189146 16.940886
21.495630 -20.476900
6.910272 -14.710756
16.317942 -13.678766
5.101943 -15.755161
25.298527 55.119549
21.476009 32.340527
3.867661 -17.159546
4.967881 16.880821
-3.822999 -12.381053
-42.131874 -2.833328
-43.228695 -30.722729
-30.540289 -1.131293
-47.777111 -13.122182
29.983330 -0.859259
10.215995 34.430126
27.679302 14.521008
6.732029 -14.512589
-27.167747 -13.232215
-28.642529 -19.808254
-56.320507 35.729813
-11.304982 -48.634491
3.716630 16.624165
-4.760257 54.454132
17.239349 -14.313213
-42.487965 -30.886393
-28.703724 -19.451506
-42.939774 -6.028352
-28.038832 -1.178499
34.292950 4.007069
35.348240 7.861901
-42.661972 0.305405
-19.728115 29.020000
57.963299 -6.339716
25.181261 -37.085396
-0.193139 18.122169
-36.567650 -38.175591
10.592982 34.351124
-34.947037 2.117121
7.191294 -50.498501
19.680273 -14.620181
-5.230146 56.316315
28.578014 -0.437772
15.222576 -12.405292
12.924216 44.068230
-43.228367 -30.723145
10.692964 34.236416
57.472275 -3.702026
53.345432 -6.040495
31.903839 4.418287
-37.512478 -37.274666
-9.672592 -9.227753
27.342903 16.016466
-55.898201 35.705612
-45.048454 -24.269541
-32.219257 -40.849525
1.857060 15.733484
25.545876 22.482191
-48.294605 -11.324943
10.409474 34.441273
-0.622785 19.192684
-1.657436 15.249257
-5.184149 -11.119580
12.994802 -13.530375
26.226801 20.950493
27.452576 15.796934
25.097652 24.314404
-9.687927 -23.268974
-1.657436 15.249257
-3.788104 55.740192
-1.657436 15.249257
25.976458 53.586712
20.580757 -9.769718
25.322172 53.853760
57.243561 -6.004208
25.781956 -37.546486
10.104288 34.407410
-27.926992 42.643826
5.847642 14.476649
6.836957 14.349690
-28.633495 -19.823732
17.567669 -19.930798
-26.549885 -10.175156
-22.673864 32.017357
-27.829695 -19.947845
16.408802 -12.587610
-47.048428 -16.266958
-19.894047 33.064201
-55.958675 35.384266
1.560769 16.054930
21.582602 31.777813
12.908204 44.095394
24.957928 54.566410
21.585545 32.388046
24.490534 53.685070
24.864023 18.689413
-53.662483 -11.610628
-39.063442 -35.497128
2.453900 16.011404
13.211825 -11.887715
6.772266 -51.618446
-47.752571 -14.718753
13.018608 44.378841
28.287649 2.633202
-19.496281 0.085184
17.428041 32.868675
-36.566753 -38.176296
-9.687642 -23.269953
-43.228691 -30.722733
-26.125103 39.756840
-47.637024 -11.804787
-9.892771 -16.749115
-16.530500 -16.279974
-9.867083 -10.779454
14.005597 -13.364897
-14.981297 -17.109507
-28.120230 -19.394270
0.599215 -12.177455
4.633435 -13.130894
0.088921 12.384318
1.952856 12.543885
-19.728115 29.020000
-28.529665 1.201557
-3.431189 55.882095
27.412931 15.966971
-11.461099 -49.753410
56.803825 -5.019228
-46.639336 -11.989692
-38.081707 -0.677275
-46.886948 -14.500438
-14.910947 -17.046585
1.952856 12.543885
-11.423493 -12.175136
25.516623 54.585140
9.715791 -16.345345
-10.769950 -49.335411
27.373463 16.025091
-53.530590 -10.761217
-1.657436 15.249257
28.411434 5.189756
-27.829695 -19.947845
-37.512512 -37.274506
4.633435 -13.130894
17.567595 -19.932045
-1.657436 15.249257
-3.855241 55.232372
-44.428711 -5.727354
-1.657436 15.249257
26.174330 -36.033028
-1.657436 15.249257
29.833801 3.788690
22.881392 11.607252
-53.531952 -10.761512
-27.173027 -13.234345
-28.574251 -19.054447
31.855400 5.569330
24.298172 54.549316
-7.248417 -13.635517
-7.965829 -18.063543
-14.981294 -17.109379
21.323040 32.247231
56.191261 -3.526565
28.764395 -1.009336
-10.723795 -9.462403
26.202839 20.989450
11.970571 44.487865
6.060567 -51.397533
25.937416 0.065737
-12.512734 -12.219195
6.772266 -51.618446
-45.147842 -2.455026
3.699649 -14.931605
24.791912 26.552734
-7.525969 -20.263607
-43.973305 -23.787540
-17.418333 -5.684480
26.068094 -2.884834
-47.046661 -16.266851
-11.127156 -49.665398
-45.047680 -24.269598
57.178223 -6.320709
-4.889585 54.068562
-21.660423 -2.427655
-10.736555 -48.451691
3.744966 12.435530
4.305490 16.898438
-20.954679 33.006199
-36.413071 -37.965263
0.912602 -18.804207
-26.125116 39.756878
-18.890451 31.867987
-18.294674 31.581985
21.690172 30.186394
10.509494 33.561104
0.195762 16.504873
-20.339911 33.353168
27.878216 21.648731
25.606167 55.268738
24.941895 26.328470
25.587198 53.358257
24.242722 -38.398254
-55.898209 35.705643
-20.942408 31.066294
-14.901803 -4.668923
25.775089 -4.838536
-16.811317 -6.398254
-26.125271 39.757149
-19.728115 29.020000
-9.879580 -17.925119
-22.673864 32.017357
-47.291584 -13.704007
-56.320507 35.729813
-42.672543 0.100502
-5.125913 54.807400
22.881392 11.607252
-46.311718 -25.324100
-31.592554 -1.026404
-11.921630 -48.238018
-12.233783 -48.767155
-43.813229 -5.053857
12.575326 44.915482
29.217377 8.099437
23.281862 30.350616
-19.971077 31.253824
23.820347 -11.795202
-42.661972 0.305376
25.716831 55.232231
-46.416447 -13.193186
17.293409 -16.532259
21.495872 -20.476900
1.034889 14.206409
57.546722 -5.566726
56.208481 -6.125541
56.283943 -7.156973
-26.410496 -9.742666
0.474427 15.759329
28.747196 8.190257
-4.649995 -12.727684
-16.499838 -16.315046
-45.860516 -11.394276
-6.401659 -11.530725
-7.965878 -18.063538
-23.082268 -2.354796
26.230637 13.461957
0.474427 15.759329
-4.373025 54.501526
21.600418 -11.649086
29.084797 10.166924
26.001091 -39.394436
23.964067 27.930626
26.105326 54.910564
-17.136196 -48.292580
-46.505615 -11.655472
0.912598 -18.804224
-20.790121 31.323463
-27.926924 42.643753
24.110527 -10.054815
27.162994 -0.158222
-42.618286 -4.326975
-16.730343 -48.394650
-46.405781 -10.728212
-1.657436 15.249257
-4.849905 55.734337
-2.253776 19.513691
-28.529676 1.201544
55.859528 -5.137066
-19.728115 29.020000
-3.365292 55.707531
-5.155652 55.242210
7.279163 -49.945312
12.019485 44.611351
12.648705 43.881390
-27.820673 -19.802185
29.590715 -4.566791
-16.730339 -48.394886
-0.356710 9.686357
32.893791 9.964734
-1.171989 -15.697558
-0.477431 10.836204
-45.459175 -24.569393
3.425539 -16.374487
-1.657436 15.249257
-1.657436 15.249257
4.535346 -19.725302
19.551939 -9.445885
54.722546 -6.456563
12.252327 43.929207
24.305058 54.077953
25.967047 -36.321053
-14.901814 -4.668887
3.106759 -16.191734
-20.449125 32.734314
-27.829744 -19.947933
53.453346 -7.530537
-20.519243 -3.358314
-27.167753 -13.232211
-27.342463 -14.788504
-47.246059 -16.274950
-27.957155 -2.120983
-25.650820 -1.876179
27.042629 -36.945683
-5.384480 56.171799
1.403916 14.980058
-19.496328 0.085069
20.717020 31.617304
-2.339439 52.916039
8.291737 -16.146811
1.189146 16.940886
25.706482 55.245068
-10.870289 -49.503288
-25.406689 -1.509980
-11.438013 -49.018726
57.949417 -7.038783
21.262060 32.424393
-22.673864 32.017357
54.920956 -7.156675
6.411769 -50.102772
2.310878 16.193708
-27.173027 -13.234339
18.708408 -14.283365
-13.975912 35.056263
-53.911911 -9.963958
0.532354 14.981243
-42.534195 -32.401016
0.532345 14.981241
6.411769 -50.102772
-9.879582 -17.924896
23.186693 27.017799
-18.688194 30.988396
23.114674 -6.257656
24.993088 -4.348841
-36.413071 -37.965263
-27.342482 -14.788345
1.034889 14.206409
27.333632 -37.374226
-7.473039 -18.136913
-41.085609 -33.275513
7.739131 -50.806721
24.870487 -39.195713
26.125055 -38.437065
-43.228371 -30.723129
18.471371 -12.762079
-40.314453 -32.195335
-10.769912 -49.335354
-46.052689 -24.356310
-46.925915 -18.303076
-10.686578 -48.612976
-38.274433 -36.509254
-16.206772 36.620991
-45.047802 -24.269533
-14.816720 -6.996608
55.342171 -5.453676
-19.794537 33.707588
20.935167 31.565935
-13.266937 -9.469790
-10.870289 -49.503288
-43.363331 -2.991302
-29.399712 -1.182638
-32.117111 -1.824261
-31.647387 -1.500857
24.453552 -36.784100
56.748268 -6.988553
53.862621 -9.660492
-27.926989 42.643898
-19.230022 33.557163
19.754602 -11.995369
-31.647387 -1.500854
28.446865 13.524272
-43.117714 -5.688064
21.495876 -20.476915
23.173120 -5.274853
-18.252773 32.192799
23.821070 -11.795306
29.352243 6.029750
25.488119 54.499138
24.850489 -4.122171
28.494780 -36.392899
-1.657436 15.249257
15.873779 34.237484
26.309565 54.407257
-30.694693 -1.667809
-12.164392 -4.439521
-9.531242 -11.028145
-34.946720 2.117616
-19.971079 31.253834
-30.603125 -0.594146
-41.643414 -3.472820
-46.619095 -13.642169
23.274784 26.736895
10.746396 34.135498
24.562445 -5.864705
0.577310 -13.857007
30.583445 6.183854
-37.199913 -1.082325
-27.716923 -19.089458
25.744305 -12.197639
24.270432 54.364204
-24.380798 -3.186424
25.716980 -0.337338
-42.927345 -0.616073
25.749123 -38.288883
-55.898209 35.705643
-2.015132 -15.019588
20.570608 -12.736300
-27.167751 -13.232213
-19.233130 32.383106
-28.703724 -19.451506
-1.657436 15.249257
24.933273 -3.835088
-43.230949 -30.720625
29.970196 3.674675
18.744623 -14.348417
29.463436 5.765480
30.862671 12.652478
9.928107 33.744568
0.044169 -12.893925
-10.367069 -9.903986
-11.405647 -49.745304
9.336023 -13.890017
-16.693354 31.100218
-35.940540 -2.539220
-19.808222 35.275013
-19.496185 0.085870
-16.616947 32.412605
29.408878 -10.174077
26.576530 19.902912
-27.926928 42.643761
25.283857 23.848488
24.575022 55.035927
-11.461099 -49.753410
11.149065 -13.886235
33.650604 1.522973
9.016537 -13.893084
28.727787 -0.949674
-30.488148 -0.964055
-6.155346 -11.945857
16.751810 -14.191648
27.520947 0.591608
-4.137161 54.140648
7.041056 13.334930
3.929602 17.589884
29.423693 16.637512
28.209738 2.415942
28.996262 5.133277
-34.946537 2.117067
-40.923813 -32.173443
-19.503803 31.793753
29.017317 11.697527
58.993332 -5.000717
25.744287 -12.197586
-47.245640 -15.901591
-19.496260 0.086306
26.203598 27.497999
57.797188 -5.907637
56.500011 -4.997695
57.512859 -5.536733
-3.854048 55.173210
-9.676931 -23.262400
-7.330387 -11.855103
-20.911013 31.496574
-15.927498 -8.017762
-27.509478 -1.283310
22.188776 31.938351
-33.352345 -1.749510
4.392109 14.891906
-56.320507 35.729813
-42.944771 -5.508389
-5.410259 -12.521898
10.645884 -13.522710
1.952856 12.543885
-42.257835 -4.163495
-41.790997 -32.305737
1.952856 12.543885
2.985460 -17.950438
-46.801441 -12.399318
6.614045 -50.884510
25.970200 -39.399002
-1.657436 15.249257
22.320745 18.373663
30.278065 7.997948
-30.876827 1.602310
-12.002049 -49.510136
-20.163887 33.001736
-9.671513 -23.344469
57.137691 -6.967310
55.620102 -7.047612
23.820421 -11.795284
3.889052 -16.641943
-43.363281 -2.990832
28.716143 0.991176
-7.456067 -11.549180
12.216933 -13.505792
-44.210045 -6.419971
-27.926991 42.643818
26.048050 54.987225
26.049734 3.752196
-41.480251 -2.495049
29.409290 -10.174106
0.690215 16.895561
28.845118 1.769197
23.922726 -9.894271
-43.067249 -0.763632
-1.657436 15.249257
6.458674 -50.863255
-18.657925 -2.811976
-37.512672 -37.274673
2.336019 19.938862
26.290104 -38.615021
-27.167751 -13.232212
-19.863771 30.728157
24.811007 21.332661
-13.696878 -7.696700
24.569277 21.616484
-18.657764 -2.812033
0.599197 -12.177456
11.959482 44.359447
-27.144102 -1.030388
-8.726685 -10.070494
24.236412 26.590080
29.566984 17.795397
-16.302471 -6.873489
-1.657436 15.249257
-42.031494 -33.320896
21.622021 -7.186047
11.915545 -10.608259
25.943712 -37.217358
29.623455 10.724505
-44.322685 -6.124183
6.711537 -14.459803
-4.471200 54.895851
23.898785 27.068703
3.126330 13.448981
10.536299 33.584076
26.173273 -5.591404
5.913095 -50.616287
-1.657436 15.249257
-1.657436 15.249257
25.549341 54.426418
-4.618854 -13.413878
-20.678373 30.749937
12.915243 -13.681727
1.156964 -13.997035
-47.175625 -16.787271
13.001302 44.250446
9.868186 34.143749
-28.100851 -18.903955
5.781945 11.350436
-23.433687 -0.656893
-47.134384 -16.607628
3.160590 18.623928
-11.578991 -48.057877
17.526705 -15.633759
25.766550 -33.289791
7.956234 -16.923904
33.650768 1.522896
-56.320507 35.729813
4.732403 -16.291327
19.773863 -9.084677
-27.926992 42.643826
-47.155785 -16.970924
34.292870 4.007109
-20.404322 33.612274
1.165609 18.591320
-14.901856 -4.668899
-27.527245 -19.630173
55.063908 -5.650423
54.925156 -3.873218
26.174337 15.449386
9.008035 -13.592134
19.943083 -10.465911
27.715012 12.697021
12.244391 -10.343326
-37.544903 -1.395698
12.451788 -13.335314
29.518507 9.614664
26.927025 -36.618954
-41.283310 -1.369267
-27.651279 -19.182848
27.622883 1.045767
-0.622785 19.192684
-45.379940 -25.312855
-17.610573 -5.999595
29.405048 -10.175343
-41.046021 -3.519631
8.628724 -14.432620
-33.168472 -40.365944
14.023048 -16.363016
-43.228367 -30.723129
26.447083 -37.824924
54.882046 -6.029233
-44.019215 -5.402889
-1.657436 15.249257
13.250768 -12.770741
7.189037 -16.491320
-42.661919 0.305648
-9.530342 -11.496273
-27.167690 -13.232448
22.491222 29.177324
29.286097 7.960798
4.798772 16.229557
-27.351889 -2.276812
-27.305141 -9.783998
-19.883526 32.782459
26.226919 -5.860793
26.448023 -36.293213
-34.946648 2.117145
-27.167692 -13.232448
-17.513639 29.680037
-27.926985 42.643898
-22.812296 -11.896056
-14.071530 -15.999743
-1.677477 20.672647
7.111706 -12.801838
-10.762961 -48.404285
25.618082 54.489357
27.527924 2.844695
-1.657436 15.249257
-19.324551 -4.691939
-20.853666 31.607830
-12.164410 -4.439990
6.411769 -50.102772
-42.256371 -4.767644
-22.795300 -2.865200
-1.637385 11.792270
29.404642 -10.175232
-23.604033 -3.838685
-34.947151 2.116834
-47.295856 -16.143032
5.158660 15.292264
-21.243341 -3.658893
-2.315237 -14.749774
1.809345 14.351400
-27.518654 -19.633043
1.104318 16.299950
-25.531668 -3.046003
-4.679000 56.040970
17.568407 33.062962
2.423770 18.072929
-35.193508 -0.934598
-13.150820 -10.102768
-18.279837 -6.151674
4.898018 14.085504
7.103789 -49.940151
-3.391077 18.375378
-22.782667 -2.343717
-19.644684 -6.727003
9.950089 34.327991
25.438139 -38.940361
10.837620 -15.210117
56.799557 -7.489122
-1.657436 15.249257
29.408506 -10.173703
-27.926926 42.643757
-46.875626 -11.448359
5.689641 -14.513925
-46.319862 -12.057909
-9.407749 -9.915560
10.696524 33.743382
-9.668571 -23.339327
28.473846 9.943206
2.460602 -13.560082
-36.500408 0.932175
-44.818996 -7.616148
-16.730364 -48.394814
-12.202269 -49.285614
-16.207005 36.621349
-9.879580 -17.925133
0.227313 16.808676
20.934992 32.549164
15.765082 34.297752
-10.762961 -48.404285
-43.820583 -3.330105
27.541880 1.365486
28.081209 -1.239771
-27.926987 42.643845
-25.859703 -3.038458
-37.512508 -37.274502
1.976256 -14.781071
-27.403786 -3.011758
2.075319 16.378962
2.226365 16.503151
-46.210114 -25.784935
-36.860825 -0.754670
1.165609 18.591320
1.165609 18.591320
-35.927929 -1.657450
29.486444 8.792233
-10.933433 -7.438918
15.043610 -14.232545
-9.134356 -11.654655
22.320745 18.373642
25.689367 -36.105953
29.092474 17.020897
-6.835457 -8.455356
-11.546678 -48.052357
6.323020 -15.613022
-47.111794 -12.403690
-44.365215 -4.031471
-15.927944 -8.017499
21.350010 30.553139
25.067375 24.411499
-18.522869 -4.887154
-44.979549 -7.468678
-11.117162 -48.150631
9.108361 -12.251707
25.618082 54.489357
1.533361 -14.146582
11.341919 -12.916371
24.828726 -4.226130
3.735712 21.394604
-23.604057 -3.838672
30.642645 0.611794
6.781285 18.883579
-53.532589 -10.761652
-45.048542 -24.269527
-44.571262 -7.138974
-29.860094 -0.677361
23.480932 -5.090308
-20.291639 31.317688
-32.478844 0.844542
-22.673864 32.017357
-23.604055 -3.838672
7.845955 -15.266745
9.166753 -12.236465
5.757036 12.676313
-5.712893 -12.396288
-42.534225 -32.401020
9.813292 34.019035
-19.247709 -4.632128
20.320917 -13.939667
-14.922893 -8.784415
23.205328 -36.055332
-43.228371 -30.723129
-42.435272 -5.108378
-16.306072 -6.359285
26.447083 -37.824924
33.662529 1.711905
10.932970 -15.385174
-17.605036 -9.358977
-15.429736 -8.558275
-42.614719 -4.188460
-43.138329 -3.684313
-10.972257 -10.007274
-32.343052 0.888353
-12.283781 -48.997566
-19.056179 30.853140
25.627485 53.377514
-32.478851 0.844689
-1.657436 15.249257
-43.974827 -23.787622
1.066424 9.275976
-33.555489 -40.094868
-25.006128 -2.079946
-10.584270 -48.865963
-0.622785 19.192684
-11.754188 -49.666637
19.664406 -11.394680
-47.097656 -19.966383
-37.512859 -37.274414
-5.269403 54.559372
29.034607 17.177227
25.410408 -38.457874
25.701122 -38.038872
-20.912802 33.307030
18.055756 -15.848295
23.826021 25.699572
-19.657825 33.064163
11.477715 -13.474954
-34.946671 2.117104
-3.501904 54.597321
-46.721992 -11.353430
-8.402709 -11.754246
9.178834 -14.060731
-8.371690 -10.569450
-6.621916 -11.709724
-0.285488 -14.488897
-16.730324 -48.394798
-25.247372 -3.503176
16.137005 34.163452
-42.672459 0.100863
-22.673864 32.017357
-34.946785 2.117265
9.098375 -14.611514
2.047177 21.847246
-33.167770 -40.364990
-1.657436 15.249257
-19.794537 33.707588
-15.927931 -8.017547
-43.228371 -30.723129
26.058777 -6.543746
27.310774 -37.655647
10.169970 33.534111
12.664195 43.891449
-22.673864 32.017357
28.696180 17.976334
-4.194952 55.290901
27.817997 -3.590914
21.495905 -20.476915
-4.259561 55.759686
25.986723 -38.918037
6.285297 15.264978
56.158180 -6.342048
-38.543133 -0.831125
-5.869788 14.914721
12.907153 44.724632
-1.131342 -15.862137
25.058229 53.300137
-53.528461 -10.760490
-47.391205 -16.199656
27.606298 2.888526
-5.061461 55.254940
1.403916 14.980058
0.415474 14.682942
2.367055 -11.398790
-22.673864 32.017357
32.893517 9.964766
30.254368 1.569245
-27.167749 -13.232216
-45.858505 -24.165031
-9.706265 -11.631475
-26.479111 -2.454147
-19.496367 0.086619
2.859737 15.247180
55.591053 -6.265441
-46.209915 -25.784924
24.712881 25.450722
-19.728115 29.020000
21.053768 -9.536437
29.356806 17.653061
13.029492 44.435799
2.285059 14.777476
24.628786 25.948826
0.454891 14.313335
28.907644 0.973968
-36.413071 -37.965256
26.490398 20.346600
-17.605017 -9.358991
-5.334646 55.589512
-8.531591 -11.441457
-19.026234 32.431248
-19.087463 31.416121
-19.734222 32.291283
25.857546 -36.792953
-43.228367 -30.723145
10.672627 -14.164950
-39.123680 -1.982801
-4.726248 17.162279
6.332850 -18.166740
6.510226 -18.047167
5.520152 -13.813881
-1.657436 15.249257
-31.994335 -2.090455
-43.400345 -4.925044
-11.042851 -12.223975
25.188784 23.870636
-17.182669 -3.803415
-46.639378 -11.989419
24.991594 20.294096
12.126715 44.739136
28.473099 13.330012
-4.468020 54.043343
-1.657436 15.249257
-13.958421 35.111137
-0.247820 20.717676
11.995842 44.550472
16.975845 33.708828
29.590708 -4.566625
25.019003 -5.447470
25.992575 54.064960
30.122538 7.987860
0.391379 -13.828963
-36.567654 -38.175594
-20.941500 31.336821
7.545546 -51.109367
12.310109 44.904911
29.106178 17.029501
26.190599 -37.134140
29.422607 14.311583
23.040916 28.797544
-4.952709 -17.164005
30.198490 8.412551
-53.531643 -10.761575
-16.730347 -48.394958
27.274149 -38.095623
21.328571 31.531700
-5.706202 56.009621
-4.446259 56.585983
17.567768 -19.930784
-11.655428 -48.074238
-5.542506 54.460960
-3.984151 55.799145
-47.677021 -14.659333
-12.189219 -48.666935
-33.167816 -40.364983
-21.330215 -2.115442
-1.657436 15.249257
-31.037319 0.646302
-16.365009 -7.590667
28.457190 1.733649
27.007761 -38.731339
-5.775936 54.952869
-3.306480 55.280300
26.827108 20.768435
11.958990 -17.357050
-11.109967 -48.152260
6.411769 -50.102772
22.320749 18.373644
24.610668 19.462034
54.769009 -6.750216
-9.823672 -11.165352
25.344999 -39.356647
-11.754188 -49.666637
-9.879582 -17.925106
25.717119 -0.337380
-12.103095 -48.428532
-46.196735 -24.145067
24.811001 21.332661
28.703266 10.699960
23.170597 -7.626729
-46.309250 -25.324167
-4.333755 56.551174
-28.574251 -19.054447
26.230856 13.461952
-46.786324 -12.084146
29.566399 17.794794
-7.523998 -10.016908
-10.655324 -48.807861
4.000429 -15.034355
-47.407768 -11.998421
-8.726800 -10.265400
30.267731 5.670928
27.813091 0.598062
-22.673864 32.017357
21.495874 -20.476894
4.448876 -19.832596
-12.202269 -49.285614
56.590134 -5.170922
56.642273 -6.423142
20.839384 -10.208608
-48.037560 -13.916457
-44.391197 -4.141238
30.316771 3.893671
-41.273163 -2.816464
55.577190 -5.208265
-46.455616 -24.943764
-46.453800 -24.943819
24.106014 -37.619881
24.918964 -37.189793
-41.126148 -31.885498
-16.424875 -7.788189
-53.531586 -10.761567
55.017479 -7.819592
6.411769 -50.102772
-13.956139 35.194771
25.114113 -36.315689
6.411769 -50.102772
-11.580798 -9.447371
-11.011206 -7.587148
-23.519955 -4.193386
-12.164319 -4.439874
21.665966 -7.168146
-32.097549 -40.950226
0.774956 -11.986814
29.669605 9.517429
1.763581 14.306045
-0.622785 19.192684
19.625387 -13.971509
-31.767519 0.147945
-16.033291 -7.653693
-42.643215 -4.182858
-12.963289 -10.214248
25.743134 27.082369
20.819273 -15.197770
-8.491530 -10.315032
-33.167816 -40.364986
6.863207 -14.578301
-19.728115 29.020000
6.411769 -50.102772
-1.657436 15.249257
-15.489321 -17.101776
-31.929850 -2.052391
-11.541806 -48.262867
-11.668998 -48.916893
6.883062 -12.696469
-43.228462 -30.723007
-56.270424 35.309357
-42.488064 -30.887346
-22.673864 32.017357
18.429832 33.020824
-28.252810 -20.088095
-35.793179 -1.079605
10.409474 34.441273
-11.354139 -13.822615
0.633910 14.173779
-53.531567 -10.761560
-19.069904 32.223797
26.240368 54.137585
-45.459114 -24.569914
-17.182669 -3.803414
26.205156 21.089626
26.311403 -36.785191
18.502159 -10.841754
-27.076780 -1.938716
-10.637142 -10.189473
29.593981 2.674335
55.339413 -6.680984
-22.673864 32.017357
23.856211 25.834902
-24.289778 -11.206725
27.164778 -38.393341
7.545546 -51.109367
0.073514 -15.112284
0.946767 15.195508
-32.413788 -2.177108
0.200055 16.495481
55.922688 -6.622390
16.386837 33.985176
21.824097 30.029583
-32.095200 -40.951080
-53.531429 -10.761456
34.292870 4.007129
-20.267874 33.632420
29.590675 -4.566794
9.660547 14.620720
22.961061 27.778688
-10.935836 -10.265766
-7.742269 -18.198370
1.961458 15.628574
1.104318 16.299950
-22.812244 -11.895986
26.174263 15.449415
29.760099 0.125048
-33.167820 -40.364983
-42.488075 -30.887333
-10.362323 -17.507421
-27.926987 42.643887
2.985460 -17.950438
26.174250 15.449426
-1.657436 15.249257
-9.675956 -23.261377
-37.050068 -1.181304
-41.884800 -3.566626
16.839746 -14.904299
-33.168484 -40.365799
-47.609978 -14.478247
-46.011944 -24.344221
-27.167690 -13.232448
-29.052679 -1.032142
57.848091 -7.157542
57.297539 -6.604125
29.660215 -6.471003
-55.953129 35.390362
20.459810 -17.857950
29.566410 17.794668
-9.193862 -11.644925
26.807306 1.563848
-5.058089 56.543953
1.952856 12.543885
1.952856 12.543885
16.125668 34.203289
24.536283 -34.967567
9.608317 -16.435331
-43.974541 -23.787310
-25.396830 -5.587385
-23.532827 -2.075654
-44.495571 -5.118118
55.043919 -5.712731
-21.009493 32.726746
25.566427 23.091616
24.014450 -40.274235
-3.590126 -13.545691
-27.167749 -13.232214
-3.548217 54.699951
17.832724 -18.795156
18.935446 -11.739326
-8.105711 -11.717170
0.451515 -16.156866
-3.930868 56.384705
-5.098083 55.592464
24.831331 24.950186
35.348274 7.861900
-3.576470 56.168663
-56.320507 35.729813
5.000043 12.103585
-20.491608 35.373158
-12.512722 -12.218815
-5.238298 -9.532577
-47.609982 -14.478246
7.490019 -51.468281
17.123549 -13.573910
-53.529179 -10.760634
-56.320507 35.729813
28.095078 -1.282866
-37.512508 -37.274811
27.686296 21.677803
-28.100851 -18.903955
6.622147 16.463125
7.306942 15.384233
6.622147 16.463125
-15.491893 -17.101299
-53.530174 -10.760781
7.580110 -12.984598
-46.995064 -11.761722
25.479958 53.303661
27.003445 -40.559341
0.416524 14.316671
-43.228691 -30.722733
29.243559 16.790382
26.627008 20.818501
-19.496185 0.085870
-18.389156 -8.462997
-5.015156 56.516834
25.042746 55.314419
1.154547 16.832811
-4.721659 55.621479
7.545546 -51.109367
6.928063 -50.787876
2.465465 15.937921
0.560196 14.931913
-2.639038 -14.699111
-11.605685 -8.767390
29.752062 9.403117
-7.525952 -20.263634
28.835417 -38.016617
24.569279 21.616484
-5.874739 55.260509
-20.832827 32.048985
1.963813 14.420775
2.226543 14.771761
-21.653530 -3.741843
-36.413071 -37.965263
3.106759 -16.191734
-46.598812 -10.695804
-46.598831 -10.694994
-11.110637 -49.676434
-43.348278 -6.234390
-21.221710 -2.667658
-36.500454 0.932126
17.616245 -13.203920
10.433473 34.473267
31.176161 8.881373
-11.310192 -15.486144
25.505726 -37.459229
22.392889 29.260078
-45.990219 -4.191185
11.692830 -13.232729
29.198559 -0.539455
25.595053 3.500469
22.624479 28.776236
23.822870 27.282648
19.729675 -11.320654
-5.525463 56.185024
0.474427 15.759329
0.199811 16.501661
28.335083 -2.606609
-9.459879 -11.175036
-3.881638 54.345425
26.496925 -38.241913
-9.879581 -17.924950
-22.812353 -11.896095
25.213743 -38.589733
-11.110637 -49.676434
29.475725 2.964504
-36.413101 -37.964912
-19.644711 -6.727002
-5.269730 -13.004107
24.320696 27.335749
25.478838 53.980515
24.714796 21.661371
-47.098324 -17.491016
-36.412842 -37.965530
-47.098331 -17.491261
17.568930 -18.886734
16.961926 -20.168076
12.535395 -10.419254
9.608317 -16.435331
23.548285 -11.428664
-4.640124 -12.472836
28.348125 12.801304
16.961926 -20.168076
-27.651279 -19.182848
2.772969 -14.874532
-12.933378 -7.030300
30.516401 0.443863
56.697662 -5.869771
-19.549938 -4.617722
26.794230 -37.514854
17.567850 -19.932400
25.461256 18.907530
-42.661972 0.305376
-15.489321 -17.101776
-3.441516 55.905964
16.577856 33.940220
24.662630 19.562105
-6.489912 -17.799984
31.941982 4.570758
-23.915352 -2.122766
28.784147 7.939006
25.572821 -0.655866
-13.983822 35.067627
24.025362 -7.624232
-1.657436 15.249257
-26.125063 39.756870
-13.959623 35.132671
24.139908 -37.806606
-1.657436 15.249257
0.088921 12.384318
-16.949831 -48.341347
-11.242725 -49.007511
14.023047 -16.363016
31.085131 2.779231
11.464566 -10.966194
-36.567654 -38.175594
-32.718914 1.195045
4.000684 15.800948
-6.995888 -12.019709
29.404747 -10.175226
27.552883 -1.101936
6.772266 -51.618446
-5.125913 54.807400
-3.391077 18.375378
57.883080 -7.160316
16.740936 -13.596703
29.864944 8.328927
22.501579 -4.772539
4.448876 -19.832596
-21.249249 -2.633986
-43.398121 -2.597302
24.834824 -39.032021
25.344999 -39.356647
-9.879579 -17.924942
26.835169 -39.025524
-20.048662 32.358330
24.434509 -38.753300
-36.567059 -38.176060
-44.661827 -5.192201
24.270432 54.364204
1.952856 12.543885
-2.763094 53.377892
28.055874 20.042036
16.126362 -10.012883
0.824191 21.835543
-27.926992 42.643826
-46.151173 -23.386116
-21.894768 -2.874372
-18.236616 31.825319
0.879498 -14.980981
56.477196 -8.217276
6.772266 -51.618446
-9.671508 -23.344469
56.801270 -5.620404
55.521225 -6.783262
56.248196 -7.574191
-1.657436 15.249257
-38.892441 -0.884688
30.641516 12.792834
-1.657436 15.249257
10.690371 33.747768
-5.088484 -11.279979
27.007792 -38.731289
-17.182556 -3.803150
53.862579 -9.660457
-1.657436 15.249257
-47.045452 -17.557821
-45.030197 -24.874224
-43.229412 -30.722948
-11.438013 -49.018726
-14.028411 -9.215241
-36.955605 -2.452713
-25.182178 -3.094505
-1.657436 15.249257
-0.240361 -16.260721
-45.873108 -12.351296
-12.933205 -7.030397
-42.611050 -3.093060
-1.657436 15.249257
14.532380 -11.212563
-1.657436 15.249257
-12.002061 -49.510124
-19.365202 32.031193
29.929325 -5.948573
-1.657436 15.249257
-27.988926 -20.088764
28.776640 12.839923
23.820465 -11.795304
-10.811060 -7.305650
-12.164423 -4.440037
10.734192 34.130825
-20.281290 31.770140
21.495874 -20.476902
25.023399 55.299065
21.495796 -20.476906
57.354561 -6.119009
23.308741 30.498547
24.446304 54.785240
21.495859 -20.476913
-6.835462 -8.455508
27.334551 21.766680
24.825579 19.072962
21.166853 32.143135
26.705229 -38.002712
29.408560 -10.173988
29.408720 -10.173963
28.055870 20.042036
-18.219486 -6.421299
-47.294098 -16.396006
33.581512 4.917293
-49.177994 -14.311496
19.004219 -11.087411
-47.215191 -13.116726
-11.898994 -10.981236
22.881636 11.607224
-45.208698 -25.192375
25.976458 53.586712
33.650608 1.522973
5.649522 -13.690447
25.251560 -38.078720
18.617418 -18.877895
-16.730352 -48.394760
31.600214 8.458737
10.134208 34.429413
17.737783 -14.791404
27.407013 15.244671
-18.475973 31.265690
10.592982 34.351124
19.254848 -12.789681
-41.790703 -32.305725
8.515393 -14.875231
-42.701767 -0.437839
9.834601 34.060349
-37.478901 -0.496031
26.579313 -36.362770
-5.612733 -11.600177
-16.886410 -5.524736
11.270544 -13.308671
-44.886803 -6.743190
-20.291599 30.733313
-16.730234 -48.394844
3.744966 12.435530
0.331656 -14.053245
-5.147770 -11.843296
25.742279 -39.260281
-7.998714 -12.218109
1.023161 10.867606
-28.703724 -19.451506
-42.191856 -31.835840
28.656240 13.866161
12.664195 43.891449
-17.851219 34.482830
29.732883 2.540206
25.834734 -38.108852
-1.677477 20.672647
-44.037766 -5.739047
7.321589 -16.325193
2.595871 20.984863
-1.657436 15.249257
-28.252810 -20.088095
28.489721 13.958987
3.553443 9.523834
56.490742 -6.816577
3.654287 10.683067
1.296331 15.602004
29.404991 -10.175223
22.881714 11.607244
-27.172846 -13.234582
5.911778 -50.608089
7.739131 -50.806721
24.514473 53.670895
30.314121 1.738000
12.056889 44.082161
7.191294 -50.498501
-19.728115 29.020000
55.537342 -6.380711
0.474898 15.001711
2.453900 16.011404
-43.228592 -30.722843
-11.397210 -9.589643
29.100950 17.378675
28.517902 13.291958
-9.115520 -12.809888
7.687287 -15.306294
-53.528461 -10.760490
-11.033663 -15.336205
24.598732 19.364986
-53.531883 -10.761497
-34.946518 2.117082
-7.788084 -12.300513
-25.288099 -3.605433
55.010033 -7.433197
57.963299 -6.339716
55.523106 -7.499766
-19.657841 33.064167
56.697662 -5.869771
55.987621 -6.762092
-20.915869 -4.410578
-56.320507 35.729813
-9.676254 -23.344351
2.014123 16.617065
-16.730314 -48.394840
0.560196 14.931913
-26.125063 39.756870
-19.230022 33.557163
-19.794537 33.707588
31.780203 7.327229
31.780201 7.327175
-18.812094 33.118019
10.768189 33.933582
-5.114882 -12.477007
-46.626713 -13.772846
-16.730219 -48.394913
0.181386 16.648939
-11.304982 -48.634491
7.348296 -15.590434
-43.980972 -3.562414
-9.687450 -23.269524
17.796143 33.630375
26.460651 -3.589432
-17.915207 -5.860188
-9.690076 -23.271444
6.719635 -14.594671
18.680225 -18.725437
17.063263 33.542290
1.560769 16.054930
-49.194633 -13.058746
-28.122271 -18.907972
-47.159538 -11.292807
-27.403818 -3.011781
-9.668544 -23.341764
-11.090818 -48.133919
-23.433701 -0.656895
-43.348038 -6.234433
7.195368 -16.614021
28.292763 15.998759
-11.033253 -11.176112
25.249561 -5.252030
-16.289450 -6.989861
4.838060 17.916054
35.348274 7.861900
3.126330 13.448981
22.232780 -13.836227
-28.118633 -19.392689
-12.738179 -9.324327
-47.391216 -16.199656
25.059683 54.511372
9.387341 -13.987565
-15.585092 -5.153933
-46.984528 -15.199522
-23.951258 -1.945478
-31.830900 -41.064117
1.244440 -14.063366
-24.990984 -1.761552
25.609320 55.267258
0.450782 -14.790560
-29.934864 -0.838684
7.103826 -49.940212
-10.112553 -12.099277
-12.884937 -10.035951
-41.833447 -2.777005
22.046616 -20.292040
-11.206714 -10.400744
24.995543 -7.814700
-30.929871 -1.992121
-27.167692 -13.232448
-36.474030 -0.156642
-30.723345 1.634818
29.679600 13.823584
29.937504 8.776217
-11.711884 -10.210504
-17.851219 34.482830
0.912602 -18.804211
-9.668782 -23.339657
28.274742 9.168157
9.660864 14.620693
-1.657436 15.249257
-42.534229 -32.401020
-17.931641 -9.024246
12.451495 43.866852
-6.694727 -13.348616
29.409124 -10.174137
0.421825 14.345950
12.968888 44.160339
54.961002 -7.273890
-30.033730 1.189189
26.493340 0.722239
-23.519901 -4.193417
-40.648167 -3.096273
20.096994 -15.278066
-9.647119 -9.161210
0.560196 14.931913
11.348150 -15.699274
1.535310 -15.112953
-36.469620 -0.707026
29.408743 -10.173978
17.796612 -12.567400
-33.167812 -40.364983
26.146847 54.863602
-32.196861 0.341256
-32.478848 0.844007
-15.491893 -17.101299
26.536831 -39.189941
-0.081762 -14.593774
27.472082 16.142303
-40.207657 -32.221527
9.660862 14.620681
-18.401180 -7.967440
25.391933 -5.432554
29.411221 13.083283
24.093439 26.885559
-37.002834 -0.779277
29.363758 12.125480
24.913076 53.929337
-42.534222 -32.401024
-36.413090 -37.964901
-7.358808 -10.429727
24.434509 -38.753300
2.464117 15.222192
-11.034337 -10.506849
4.250889 -13.778131
-44.719193 -7.089397
-46.083923 -23.202854
-13.955447 -9.214423
-5.869787 14.914997
-41.027561 -32.209023
-43.230942 -30.720638
-46.647377 -11.571917
-26.125111 39.756775
16.125925 -10.014147
-22.747042 -4.731400
-5.754642 54.829750
-56.320507 35.729813
27.226818 18.075714
-42.567047 -4.697194
0.943262 -15.538190
29.461643 8.925206
-36.127956 -0.742924
18.073362 -11.845420
28.118002 13.626661
1.165609 18.591320
-9.687674 -23.268232
-43.363335 -2.991333
-21.879637 34.713474
-32.478725 0.844607
30.174318 6.227684
23.821108 -11.795168
-34.946884 2.117216
-28.098335 -18.908588
-24.560987 -11.111772
27.700665 11.666174
30.074886 1.691886
-45.047115 -24.269581
27.430746 21.670094
-41.283260 -1.369255
-41.283310 -1.369259
25.883106 -5.881454
-21.613945 -10.044847
25.999805 -36.329792
24.536022 -36.747471
4.838060 17.916054
7.640627 -50.393909
-22.673864 32.017357
-41.791103 -32.305737
-32.574398 -40.620983
-14.469027 -7.717940
-11.847145 -48.186928
30.808966 12.330156
-3.115583 11.145442
24.839821 -3.437538
-4.821309 55.701630
-3.967226 -13.080805
-47.609982 -14.478247
19.444683 -11.258944
23.477575 26.484426
26.242430 54.022861
16.125923 -10.014147
24.808533 -38.313370
-28.703724 -19.451506
-27.167587 -13.232856
-18.812094 33.118019
-41.283310 -1.369263
2.367077 -11.398842
-12.085032 -49.330349
59.477169 -6.928864
-41.335243 -3.895144
-19.496164 0.085777
-34.946762 2.117071
28.496897 5.141432
24.808636 -38.313675
56.444862 -9.678186
-14.201515 33.640614
19.138968 -15.839353
1.049133 -18.724787
30.166304 3.930552
-46.989803 -17.969341
11.125510 -15.359435
-18.834948 31.988955
35.348274 7.861900
22.881805 11.607237
-18.586138 32.979668
-1.924775 -15.100225
6.927654 -50.786469
6.060567 -51.397533
24.302198 -37.043995
-46.416447 -13.193186
-12.015513 -10.978456
-29.909492 -0.405576
16.149214 -14.656749
-46.259453 -23.404606
2.049985 15.434565
-1.509267 -14.226310
9.214617 -12.232909
23.877424 27.212065
-17.389177 -6.383746
22.362795 31.223495
25.341362 -3.038315
3.583140 16.853815
-42.950531 -5.811052
2.665577 17.916018
-44.616791 -25.552441
5.540998 -16.451279
3.696227 20.330090
-12.512764 -12.218745
29.408499 -10.173988
24.557659 55.019970
-5.184135 -11.119589
-33.651276 -39.996754
17.406797 -19.209538
25.461372 18.907513
26.197142 -37.629589
5.606495 16.145466
8.448459 -13.615017
26.274149 54.462109
6.411769 -50.102772
-9.602488 -11.418771
-18.258221 31.695377
-19.684132 31.897306
21.052090 31.881733
25.020573 -37.050816
-18.735176 30.970057
21.495716 -20.476913
21.783621 31.829058
56.444862 -9.678186
17.299839 -18.503700
-32.501629 -41.061401
-17.851219 34.482830
26.077826 -5.047328
2.323581 9.677423
3.399525 19.578558
17.046219 33.808868
-22.673864 32.017357
-26.125017 39.757133
10.100163 34.409073
-9.671352 -23.259247
56.539017 -7.680843
10.916067 -15.459460
30.501474 9.655500
12.235250 -10.492435
28.578758 11.492750
-22.336044 -5.155587
-28.574251 -19.054447
-41.686115 -2.559520
30.110178 8.742211
-4.488759 55.208538
12.276684 44.885067
-45.147415 -2.455029
-17.851219 34.482830
-17.182774 -3.803401
-14.901814 -4.668914
57.125397 -8.039128
56.981865 -5.098352
10.204079 33.528664
-55.958675 35.384266
56.149891 -5.561069
23.820105 -11.795320
-34.946785 2.117288
-45.677330 -3.151745
-56.270424 35.309357
24.851009 54.219051
5.923571 -50.862732
1.119498 16.293518
-20.838903 31.937397
14.023048 -16.363014
28.209557 2.415760
24.781561 -37.636021
-20.008930 31.945839
7.490392 -51.470394
30.392532 1.263744
26.334913 20.530998
-21.151741 35.093761
16.109884 -14.091399
22.720804 27.433254
6.038866 -51.333076
6.458674 -50.863255
54.876102 -6.094409
-17.851219 34.482830
-14.981294 -17.109327
28.635149 11.547689
-53.531525 -10.761551
-27.651279 -19.182848
-36.567654 -38.175594
-5.850826 55.137589
-27.167753 -13.232210
12.056930 44.082111
-17.513639 29.680037
25.109236 -7.905798
19.562029 -9.882144
31.428036 9.145448
26.001339 -3.916828
24.985775 -6.506525
26.288069 -4.028735
25.462925 -36.150764
-27.716923 -19.089458
-17.986061 32.545727
57.258091 -5.283936
-23.519955 -4.193386
31.879656 4.529815
27.735037 -3.421532
-26.125090 39.756805
-27.926987 42.643822
28.856613 0.838484
26.352175 -38.182415
29.355000 14.507249
0.474427 15.759329
-56.275684 35.311474
-16.730303 -48.394722
2.367028 -11.398947
-5.238308 -9.532586
23.480932 -5.090308
-12.933150 -7.030284
55.508560 -5.893162
-36.413071 -37.965263
-36.413067 -37.965248
-5.818996 55.600357
24.200266 -38.124474
2.265620 14.759180
26.837313 3.256398
4.448859 -19.832579
-28.337246 -1.120331
-43.228371 -30.723129
12.848546 44.806477
6.772266 -51.618446
23.102928 28.264185
29.052340 10.472462
27.070045 -36.971622
-18.875748 31.723690
13.795414 -13.969792
-33.335571 -1.733469
1.293527 15.597968
-42.283699 -3.120879
58.035019 -6.689197
2.265620 14.759180
-14.692474 -8.933354
20.319942 -13.940303
12.040569 -13.870697
-33.168472 -40.365803
-28.574251 -19.054447
-26.550009 -10.175097
1.323801 15.660110
29.319422 17.085911
-5.322605 54.265030
-4.478599 55.737198
1.560769 16.054930
-24.762897 -0.981394
2.075319 16.378962
1.289601 15.604692
1.518225 16.855186
27.209698 -38.414871
28.622002 9.066411
0.474427 15.759329
-19.555347 30.759411
21.800076 32.647263
19.563364 -15.280812
-20.486818 -3.153640
-26.125097 39.757225
2.913178 -17.060980
56.400967 -8.124395
-7.525952 -20.263634
-9.673600 -23.344097
-53.531708 -10.761589
57.545609 -7.743858
21.202150 30.519609
20.886080 32.117100
25.852177 -38.702217
-9.673605 -23.344097
-4.513717 54.867493
24.753729 19.283798
12.924216 44.068230
0.474427 15.759329
0.633910 14.173779
24.999613 -4.338146
0.474427 15.759329
17.567848 -19.932394
-33.167019 -40.365582
1.403916 14.980058
25.864534 -5.847559
-11.820764 -49.682667
1.874226 -12.922156
25.929359 -3.490405
28.960955 12.521216
24.577522 -6.815234
56.038979 -7.347371
-22.673864 32.017357
27.442429 21.743357
16.202660 34.171581
-44.948009 -24.677490
-33.555561 -40.094986
12.231970 43.941055
2.525158 15.552450
24.451694 53.747231
-30.715029 -1.039860
2.436796 15.142457
28.337360 14.728291
-26.713194 -2.133639
-14.201516 33.640560
11.219322 -11.311713
-34.946693 2.117183
0.474427 15.759329
-55.898201 35.705616
11.755655 -13.267103
27.374762 -6.455251
28.630085 -2.328678
2.042303 15.321080
-36.567055 -38.176064
-29.359751 -0.796638
-7.858164 -12.334983
-20.954679 33.006199
-37.512344 -37.274677
59.029694 -8.201888
-1.608173 10.079766
0.200376 16.554468
22.881607 11.607261
6.928393 -50.788956
-20.048662 32.358330
11.722593 -16.341887
-53.911911 -9.963957
-30.956663 1.682219
0.690215 16.895561
23.403152 27.103039
26.844816 -36.599388
0.947267 20.360155
-27.926989 42.643898
-47.046875 -17.807295
0.947267 20.360155
-38.711437 -0.845008
-56.320507 35.729813
9.660863 14.620599
4.633435 -13.130894
-53.911926 -9.963924
-18.515198 -7.894595
-34.947113 2.117257
29.105921 6.953624
12.148982 43.972710
-32.196861 0.341257
28.404951 0.950186
-4.106152 54.135273
-10.301452 -9.863884
-35.587666 -37.408573
-18.841480 32.592255
32.081520 4.578480
25.495119 -38.525284
-12.268771 -49.018326
-47.128399 -19.832949
9.866641 33.818340
24.785423 -7.581587
-1.657436 15.249257
-19.503803 31.793753
-1.637385 11.792270
7.490392 -51.470394
26.203600 27.498013
-4.889589 54.068562
31.004669 2.886467
24.025539 -7.623893
-9.879580 -17.925119
-20.678373 30.749937
-0.622785 19.192684
9.660862 14.620696
-21.613943 -10.044619
1.165609 18.591320
-19.281824 31.357134
-20.257900 32.078625
-9.880731 -11.902059
29.404999 -10.175232
1.165609 18.591320
18.137180 32.299442
0.912602 -18.804216
-45.147648 -2.455031
30.079105 11.650714
-1.637385 11.792270
-0.740389 -15.457474
-46.880726 -12.611742
-1.657436 15.249257
26.146847 54.863602
-22.812136 -11.896097
31.695156 8.226975
20.475374 30.589121
56.110641 -6.029196
-22.673864 32.017357
-1.657436 15.249257
29.780651 2.402164
-28.639393 -19.840178
21.102360 31.368835
-16.207085 36.621338
-1.657436 15.249257
-23.085833 -11.526329
-9.890961 -16.750582
29.408819 -10.174206
24.694439 55.124809
-4.229595 55.792274
-11.310225 -15.486181
-4.750500 56.299202
12.018961 -16.822710
10.693032 34.236305
-11.524653 -48.997017
12.907153 44.724632
-27.173027 -13.234345
-19.863756 30.728161
-19.235552 30.769863
12.300952 44.899445
-47.144363 -16.037748
-12.629987 -9.533086
-4.930915 -13.611874
-22.673864 32.017357
-18.781940 -8.223472
-16.520941 31.730318
3.212798 17.486744
-23.604057 -3.838673
-3.548217 54.699951
12.040586 -13.870691
3.705767 14.163608
3.705767 14.163608
3.705767 14.163608
16.644112 33.796181
4.000684 15.800948
18.660023 -14.747061
-16.687712 -7.877669
4.483826 19.292295
-20.566084 33.561306
25.141352 55.046181
-40.932392 -2.428887
21.495796 -20.476906
21.602343 -11.577295
29.987295 13.207920
31.901152 1.964613
25.766598 -33.289806
5.911698 -50.606281
28.780201 15.046679
-15.491893 -17.101297
11.968884 44.311653
15.293056 -12.946042
-3.308408 55.194607
3.983905 18.337080
-0.428367 -15.605020
28.081213 -1.239771
-47.227367 -11.956077
-42.661915 0.305631
-27.926989 42.643894
13.000416 44.605331
12.584165 44.917358
5.529696 18.825865
4.448875 -19.832603
12.575326 44.915482
3.160590 18.623928
13.211825 -11.887715
6.927860 -50.787754
3.895288 14.964106
-27.173027 -13.234339
-4.466356 54.974293
-12.018386 -48.321587
11.118289 -15.036394
-37.287487 -1.486454
-3.748394 12.360664
-27.527245 -19.630173
-5.224152 -15.204730
17.567848 -19.932383
-5.687939 54.686260
10.767762 33.985283
-56.275906 35.311539
25.243124 -37.713497
-10.623384 -49.084324
19.887144 -9.830671
1.952856 12.543885
18.818565 -14.775376
9.660862 14.620681
27.374760 -6.455264
6.167480 -14.773143
-53.531719 -10.761586
29.432722 10.215715
6.210892 -50.965004
-55.943855 35.400394
-7.525968 -20.263603
23.285810 -5.388803
12.427755 44.386799
26.230671 13.461915
24.908293 53.965488
21.495874 -20.476915
28.612135 1.987896
-5.291673 54.240421
30.688177 0.449940
-22.673864 32.017357
-1.657436 15.249257
-5.222788 -10.992795
31.623110 1.352788
-12.164310 -4.439732
31.950550 4.465413
-36.567654 -38.175594
25.966293 19.841825
-47.752472 -14.718833
-1.657436 15.249257
-43.973301 -23.787548
32.487919 1.900593
-1.657436 15.249257
0.095710 -13.922364
-19.254848 33.570309
14.532381 -11.212562
-33.168549 -40.365917
-27.926987 42.643906
-1.657436 15.249257
23.027470 -39.217239
56.065834 -5.023341
20.126415 -19.701769
-18.586149 32.979671
1.081052 -15.515286
-23.446133 -2.125656
24.550392 -4.895790
-44.161732 -5.861989
17.567797 -19.930962
12.040586 -13.870691
-4.952709 -17.163944
-1.657436 15.249257
0.944303 -15.537936
-1.657436 15.249257
-1.657436 15.249257
1.019190 -14.147028
-1.657436 15.249257
32.487816 1.900201
55.481213 -7.955027
56.697662 -5.869771
25.033695 24.483255
-19.274305 31.431890
56.086044 -7.477952
24.918413 53.380920
-45.147476 -2.455019
21.743589 32.201847
-4.266393 54.617325
-20.274956 31.798615
20.266138 -10.951528
-7.525957 -20.263617
-16.207109 36.621330
21.520763 31.643732
11.429399 -13.066959
57.639492 -6.699964
29.405205 -10.175312
11.758239 -17.437197
-20.867054 32.269402
31.658602 1.673659
-1.657436 15.249257
30.546434 6.269602
-1.657436 15.249257
24.378401 -5.861426
33.650612 1.522973
-14.901814 -4.668891
23.525677 -6.838520
-12.933324 -7.030260
20.319942 -13.940303
9.928107 33.744568
0.947267 20.360155
-13.493831 -9.077724
56.563732 -8.209846
-10.595980 -48.912426
-20.332954 30.731722
54.969875 -6.383610
54.773472 -6.899189
56.166538 -5.000734
15.591814 -15.398151
-0.595318 21.737318
-33.783424 -39.946590
31.196611 1.588842
25.549425 -6.251582
-11.694300 -48.803310
-23.433649 -0.655661
34.292950 4.007069
-19.991165 -6.476139
-19.238632 35.500744
57.259342 -5.285353
56.158310 -5.626364
14.357176 -12.797491
24.997654 24.929165
-5.133014 55.200657
27.562773 16.933668
24.918413 53.380920
-3.257095 20.075567
-56.261436 35.307068
2.517153 19.007578
6.059463 -14.823202
57.125397 -8.039128
18.988455 -17.655411
29.929762 10.655716
5.484256 -15.285957
-36.413074 -37.965267
25.050898 55.278717
-0.632115 -16.072910
55.957809 -8.164704
7.659737 -50.419411
-42.814240 -5.606379
-0.343594 -14.569946
-25.010334 -5.413039
9.834092 33.886631
13.013444 44.564743
-22.673864 32.017357
21.495872 -20.476902
-1.033406 -17.007637
-33.080559 1.450570
25.286598 53.883991
29.497850 9.137019
-38.026955 -0.415358
26.487059 -0.782329
29.122665 12.095213
12.019485 44.611351
-24.390680 -1.923407
-45.208698 -25.192387
17.535332 32.920525
14.775541 -12.905657
28.424963 0.289712
4.397775 11.361289
10.280108 -13.092885
-43.228691 -30.722733
25.371380 23.736151
56.799557 -7.489122
1.693958 -14.885831
-9.687935 -23.268131
15.470923 -11.294967
22.320751 18.373640
-30.790289 1.384555
28.915850 1.642087
28.908880 0.881807
-3.896322 56.387638
23.720377 27.923616
23.016727 28.762470
32.893860 9.964747
26.027363 20.086370
-56.320507 35.729813
-29.344589 -0.037003
25.044825 -37.977531
17.567835 -19.930872
-19.496340 0.084834
55.460030 -5.285014
31.041899 2.826257
-15.491893 -17.101299
5.953683 13.569198
3.125887 11.366309
55.680565 -8.014743
-19.074856 33.188885
-20.449125 32.734314
27.812851 0.598184
-36.412827 -37.965523
6.751880 12.170267
-20.917524 33.299820
0.048307 -13.564639
26.559591 -37.207008
19.876560 -12.651726
1.023161 10.867606
1.023161 10.867606
1.023161 10.867606
12.040586 -13.870690
-12.164315 -4.439929
2.561582 10.709560
25.419924 -36.742996
-28.746101 -1.135367
-15.489313 -17.101200
-7.343677 -12.994089
22.320477 18.373650
-53.528461 -10.760490
57.827461 -6.040848
55.779972 -6.185706
-19.342291 32.671280
-53.911942 -9.963963
-18.394119 32.580906
12.444143 43.868874
11.920046 -16.542128
-14.643389 -6.789767
-53.530476 -10.761117
20.459808 -17.857943
26.003702 3.811492
2.336019 19.938862
-28.252810 -20.088095
26.452698 -39.267120
1.165609 18.591320
21.563622 30.388668
17.276203 -10.190997
-34.947083 2.117146
-18.333992 32.182449
-37.512791 -37.274628
7.739131 -50.806721
-9.671508 -23.344469
-30.973328 1.287762
-41.790775 -32.305729
-14.435973 -16.971056
-27.926992 42.643826
