8.458360 -40.195240
-3.741747 -2.119804
-20.973349 -8.416054
-12.804516 -49.076630
-36.663559 33.391621
-2.497251 47.635635
-12.406734 60.074528
20.696827 -62.068523
40.298965 26.482960
-41.474640 -34.243488
9.129231 1.528197
41.148991 26.243273
-19.725786 -5.929377
-3.602031 54.692917
-32.875938 6.236418
27.245089 -34.540413
39.725891 22.446507
-9.015841 -43.757069
46.914745 -16.897339
-34.295895 -1.657696
11.681985 -36.235107
-41.551720 5.873109
-46.822525 18.805147
-48.196308 -31.409454
-34.741470 27.448591
-1.718625 -0.081862
27.726660 -36.675037
-42.932182 -35.428291
43.167618 17.851818
-6.734155 53.702866
-64.263298 -16.521963
-6.960830 -47.422577
8.819355 5.564255
36.428650 22.036066
-51.527176 3.218286
-10.091348 52.145046
-28.364563 -5.206482
-11.883053 50.205345
2.148635 4.358545
50.116753 -6.746888
-1.680400 -2.457847
-8.900816 51.276657
22.655918 -40.336296
33.111568 -32.563416
-20.811808 -5.660009
11.853445 10.264096
9.799924 -43.616142
11.163987 30.273912
11.046953 -38.552826
55.138405 -4.427445
13.564502 18.236980
47.959835 1.604344
18.558214 -38.202129
5.304380 8.638140
-20.427212 34.190243
45.404789 31.516479
-16.907640 46.959049
55.101318 -9.897727
-28.500055 40.672501
29.222689 -33.921421
43.128693 28.071026
14.911034 26.909012
-28.954191 -12.444634
-5.809489 0.155552
-6.962673 47.910419
5.997246 10.963898
-36.623829 -0.615233
-34.889736 7.490005
-23.948986 -43.384289
-42.028057 15.566471
42.814255 -22.879440
-8.457130 54.165768
35.221493 -25.042822
-6.750140 -49.404377
6.998744 -42.027004
53.606426 -13.020587
24.355194 -35.701988
-40.024876 16.727480
7.111533 -41.694962
5.754506 4.089725
15.967219 -39.912872
5.636118 -0.300348
-38.334652 9.769596
-44.558453 7.910359
8.855853 -52.026279
47.923801 13.257001
-36.914543 25.198822
5.054619 -41.370209
49.821846 15.593450
-18.943729 -11.408279
-26.507599 39.639233
-42.689312 45.335228
-42.689312 45.335228
-31.056984 30.086346
-45.650360 -33.658489
52.472858 -11.033045
-57.992336 -21.483116
9.446797 16.676056
-24.143148 50.153229
-23.612951 -42.560268
31.649343 -35.088249
30.391085 -36.530823
-23.188791 40.427803
53.638813 -16.741781
-37.830757 0.513303
27.825880 -35.669327
-37.116745 26.530636
33.608288 -36.484684
-4.917613 51.458740
-13.404841 -11.072293
7.393491 58.530998
6.353795 62.255249
50.009392 -4.117753
51.048492 -8.786462
-9.454170 53.898094
-10.776305 -53.210674
3.959015 23.691671
-64.331566 -52.638500
0.529591 59.659164
-5.287863 -49.454514
8.855842 -52.026337
-40.206020 6.634214
22.064754 -38.391407
46.109337 23.525229
-27.481613 -46.872330
22.246613 -62.819290
-3.596498 72.344193
52.763599 3.419608
1.212136 -44.618038
2.637495 -43.149330
21.991497 -34.920731
-15.783848 -12.426156
-42.689312 45.335228
-32.167904 4.524605
-25.318935 -3.426383
53.659081 -5.567091
39.367165 -23.607992
48.842415 -11.686418
-25.154009 40.059853
-32.333584 45.895782
52.255722 -9.362814
-4.118746 -6.538175
-37.443142 -6.503054
11.042814 -51.176834
28.958593 30.021980
49.310398 -17.370941
-27.667492 36.771187
48.892052 18.093033
-51.527176 3.218286
1.759637 61.718643
0.375640 -0.358514
30.006159 -32.625038
-25.679548 -5.517246
-38.113201 23.443943
8.569378 20.391510
-36.863472 -37.912373
3.959222 23.691559
-16.571373 -8.335351
6.989526 1.058766
4.922168 6.232683
1.213102 59.610565
42.930393 27.512447
-41.166779 -36.379997
14.127748 67.602119
-9.959515 -42.698322
-2.765927 -47.148808
39.104988 -21.868496
-10.514285 -8.412817
-40.873425 6.470679
1.152603 0.808730
-23.718279 -10.070376
-18.471123 -44.705303
13.768023 -46.600517
4.485529 10.780969
-24.809814 42.364563
3.229810 0.395672
-59.136452 -20.784798
-2.973986 -0.808321
44.189804 -10.411667
54.441181 -16.702003
-64.331566 -52.638500
-22.258011 49.947102
-36.219566 19.826599
39.140614 -28.243652
4.113050 16.532797
-32.019501 -43.727821
27.839258 -31.104845
-48.126938 -30.451271
21.031763 -61.725929
-39.765377 6.437586
-23.679850 41.895615
-15.903865 -7.347960
14.196196 24.548597
-31.312605 -11.176202
45.516602 -9.244228
-13.169144 -48.551758
34.764294 22.475307
26.597681 -39.414204
-36.298000 16.874357
-6.500310 -3.035755
47.370342 -19.691809
28.891365 29.263021
44.475845 -20.959087
17.137697 24.133717
-37.309200 24.388689
-24.531834 -12.111810
9.264011 -51.817852
25.118109 -31.994593
0.123215 -46.702930
19.117496 22.130390
32.934692 -37.287704
-23.166500 39.019135
39.319603 17.833961
3.354687 2.473807
53.068859 -5.843908
48.902634 -8.857648
-36.927441 -39.632862
-37.604130 8.072867
-44.358624 -33.912659
-19.446930 -46.887032
36.987415 -25.078602
-21.323597 -48.692078
-29.146595 40.325729
33.279106 -39.693947
30.604237 -30.067171
22.107588 30.729956
-16.592247 41.525703
-34.045452 -43.151623
24.861496 -39.283409
47.574688 -8.730815
-25.337563 37.023655
-4.059316 57.650398
-23.180613 50.377197
-43.721798 18.784197
-9.060706 -54.476665
30.587458 -36.085381
-17.792786 43.829391
-7.988636 -51.873562
-7.988691 -51.873951
28.845737 -34.721844
10.929321 -41.171803
50.310116 -12.898427
-34.800976 40.166847
27.631205 25.980583
19.000801 -34.848557
39.237961 26.868568
-14.039936 -52.451859
13.923016 -43.055805
8.556352 3.538464
-13.826983 -55.704865
36.406300 -31.544909
-41.542774 26.845284
5.245017 7.870450
41.854866 31.913719
8.958241 20.713039
-49.656982 -29.173037
-38.548149 -37.656097
48.197361 -9.836158
-4.350132 72.653656
-15.545564 -5.823029
12.465508 23.812708
-6.594654 57.242550
-64.331566 -52.638500
45.723301 -17.547464
47.572979 9.519641
40.969875 25.160465
45.799881 -12.108537
54.147289 12.100331
51.568310 -14.344465
-64.472160 -17.433498
-16.686657 48.402889
37.704094 -30.800909
1.562968 -38.669067
37.548573 24.484535
1.331403 -49.509174
36.425144 -20.804195
-0.640615 58.435604
-45.412739 17.275547
57.962048 -2.469727
12.219186 29.693029
-12.114810 49.239941
-7.076748 51.962620
-15.245010 -12.460535
-23.371048 43.591431
13.560962 11.735363
-41.286518 4.716751
-25.127623 43.063107
-4.068504 71.716377
-61.328281 -20.231335
-19.778940 -44.711315
-31.994917 -12.279920
-65.860229 -15.756563
-23.085037 -47.142803
7.681285 10.794256
36.081001 29.039734
17.736465 20.064558
-22.339767 -45.508915
-46.375221 15.775060
21.150015 19.702785
49.757229 -1.701375
-12.079818 -48.976681
23.273964 -35.205677
8.734900 67.011757
21.328312 -37.110180
1.562952 -38.668682
-30.977011 -46.327335
26.518522 -37.882999
37.801586 25.685902
10.968847 22.913073
48.185627 -17.757706
52.817039 -20.186960
5.199892 -2.777044
11.058290 15.042634
38.757271 25.185610
-37.837776 48.722584
-18.128948 -13.353727
0.358883 -48.807076
33.932705 -35.943729
-7.956214 -5.108539
-44.392944 -36.601223
-51.527176 3.218286
-39.726151 -38.263668
-24.667400 38.404415
27.159136 27.011017
-26.255341 43.210892
-18.824636 48.791172
-16.948807 -47.307163
-38.727272 25.121981
-30.251402 31.303030
-15.430038 -10.118341
3.298801 2.112797
-20.427235 34.190083
-8.836186 -46.430458
0.749578 5.820423
-14.801967 -2.683733
-41.886200 19.583229
-13.332558 -46.934891
-21.985689 51.344170
30.889009 -31.361240
26.670424 -31.625256
-33.673447 -42.629990
-22.817675 -44.282406
-8.040312 -50.373108
7.421447 15.959985
-57.504677 -22.288122
49.029194 -9.329251
-3.885009 -43.978859
33.132607 -31.569763
46.678291 -20.936853
35.608505 -34.730206
-36.387020 -40.535503
48.101894 2.257226
56.508457 -7.998987
-46.774551 -30.642776
12.209883 -41.775993
50.117611 -0.368941
-4.643641 55.177677
-27.324074 41.115982
-37.422485 20.707079
-30.991419 -6.860310
-31.016144 27.303967
-19.575592 40.086987
-40.274994 8.375882
-12.922035 -6.011300
-28.885742 -11.719785
14.265221 21.118204
-32.131847 -0.559529
10.388194 -41.357536
40.750740 -19.506922
-28.391956 -6.636625
-22.605579 -8.583353
-41.585621 11.008826
-4.758652 -11.559670
40.519855 34.630222
-6.214763 -49.289379
48.998524 -6.730197
-19.033012 -9.622899
51.839886 -19.270910
34.287212 30.661259
-16.948936 -45.926319
9.542596 -50.924759
39.843784 17.597961
6.711397 60.649937
-37.522915 -4.484087
37.527065 -24.019787
-39.221516 21.957443
-0.246290 -5.451854
-42.231548 29.640469
-32.255451 32.459045
-3.714905 71.892059
-51.527176 3.218286
12.343121 17.779922
-1.148255 -46.171318
34.275124 20.216852
-18.670780 -15.231469
-46.339886 -33.656342
15.455031 29.817568
19.833700 24.052210
36.285965 31.822584
-4.349884 71.784760
48.182117 -13.100211
-14.205729 -44.470222
32.966564 -33.622120
57.899231 -13.230773
43.195011 -12.548523
-35.686363 22.956404
25.052343 -34.825638
-36.970242 -1.634277
-2.214672 -3.506467
-33.474270 30.932196
46.723454 -2.429474
-9.826900 -46.268742
-9.605178 52.351337
-4.755448 -8.528556
-30.382771 -41.300617
-40.640091 7.184598
-24.126436 43.890247
45.524044 23.713762
-43.294003 9.919221
14.339276 17.304796
43.167030 17.852032
-6.163076 55.012440
-28.686609 42.371162
-3.778822 51.769295
51.279079 17.149427
-35.036236 -39.695656
5.464023 62.038109
-39.926430 17.477705
17.588158 25.985956
32.976662 20.153101
53.785725 -6.429639
-20.861519 -6.663386
17.670486 22.807535
-47.189472 -32.294746
-60.304310 -21.089054
-47.189388 -32.295372
-36.280704 -1.947846
19.464365 23.350103
-19.445652 46.537048
-8.937464 53.171314
-14.067145 52.199421
47.829857 -27.165989
43.877304 25.611687
35.083225 21.662329
34.276146 24.318289
51.408173 -6.648567
-31.326784 -3.676652
5.587444 4.842303
57.303772 -12.867917
21.340227 -62.326191
27.006407 -32.745171
-32.407841 -3.261567
-48.901066 -29.822977
-36.211105 -6.909155
16.953009 27.197985
58.139870 -14.950104
11.897713 12.340804
-59.136452 -20.784798
9.319727 13.464972
36.270081 -31.996584
48.060120 15.974229
-44.947788 11.340519
31.965767 -30.993484
-4.707715 -53.141308
47.025936 -14.514873
-31.867514 34.877037
15.229661 -44.987427
12.919706 31.726604
46.371204 23.939684
7.760386 19.059961
9.311111 -2.616157
45.986443 23.336781
-40.617470 -13.048652
19.615479 -37.599030
1.415110 11.361465
1.706698 58.734432
-10.748593 -53.263279
48.714230 16.179825
30.580645 26.304815
44.607937 -26.026701
-23.278522 -44.591568
-28.464064 -5.917011
51.528877 15.850002
-21.244341 -15.011004
2.782569 -42.027679
-31.783916 30.329014
-2.136265 -6.285328
-42.244328 -35.108624
58.674484 -13.654867
53.412395 -17.232117
48.242813 -6.163310
-12.896974 -49.012062
-29.743528 43.906345
30.571632 25.333242
45.542496 7.038050
49.801788 12.483359
-25.033266 41.294098
28.855671 -30.091974
26.334532 34.965137
56.645908 -3.028439
-14.792119 -9.086287
-14.728395 -5.449845
58.053017 -3.070193
-13.826995 -55.705070
-64.331566 -52.638500
-3.044956 -46.684193
-39.853748 5.088898
48.671227 7.667999
27.700876 -31.542784
-46.567394 -32.620331
7.896310 61.460720
49.040081 -13.075873
28.952133 30.948149
4.083831 5.430439
-64.114311 -50.711624
-8.047161 52.123718
-34.801212 40.166862
34.470078 -36.881466
-7.828028 60.588028
50.521679 -15.388968
48.277981 22.679197
41.459770 -16.570906
4.999580 -49.970757
-31.446308 -1.574288
-20.717638 -4.243663
50.230492 12.980396
-12.406736 60.074844
31.373320 -35.327312
-8.900129 -6.579601
17.338749 21.618998
-8.687003 54.754734
-2.119347 -49.249424
55.014755 -5.968987
54.890198 3.585385
-7.537861 -53.366169
1.160135 0.905929
16.177820 17.874699
49.159767 19.491127
-31.692106 -2.386640
-45.339939 20.526197
13.148479 21.452673
7.257317 63.071251
-29.257061 37.502682
47.402824 -9.326801
-17.154869 -6.666386
-20.427269 34.189991
-4.185874 72.711693
7.948775 9.722408
18.417919 23.168932
-32.975605 5.992516
-7.890853 -44.067287
43.987103 9.165648
-39.384468 26.478605
53.735806 -14.150441
22.984453 -40.593025
-3.742856 56.154114
-27.740387 -5.225637
-4.176049 -5.212287
-0.856934 -43.496376
-3.778751 51.769211
21.231560 -43.344872
-38.676571 1.747781
48.957436 -21.770456
28.917480 -32.458698
28.390537 24.466589
6.435309 -43.037399
-23.999817 -5.092478
46.441132 1.257656
56.619961 -5.757595
-31.579428 -0.408061
16.917282 -44.274727
41.986717 -18.731361
-17.103203 -43.843922
-38.238739 11.894350
11.041173 -35.373737
-2.424776 -0.879294
3.959015 23.691671
50.257519 19.321980
41.825577 20.643957
-15.104800 -47.646080
12.555698 24.942514
-41.461979 -34.311497
-42.689312 45.335228
36.219299 -27.147322
-28.752228 -8.994863
-21.492056 42.808872
46.052605 29.915443
3.029800 -2.827086
-10.425977 -50.520569
-14.835985 -14.886622
52.726799 1.252440
54.311848 -15.064243
-26.480227 -5.820282
-17.224073 -16.806602
46.536110 16.345955
-9.642816 52.550095
-58.414177 -21.294367
-22.467987 41.696579
48.292282 -10.473075
43.558529 -33.615593
-11.103326 52.446686
43.088638 18.025002
-42.283421 11.231998
15.393149 26.952866
-39.848827 48.170258
-5.455029 -9.162440
-38.978916 5.556732
35.617802 33.538059
40.732010 28.105915
2.399122 10.691809
-32.891857 -0.855925
-25.923225 -4.663710
-22.559179 -4.205912
-28.202511 -8.084422
50.162464 18.515301
-15.055755 45.336861
-9.784824 -6.908703
-41.277058 26.219370
-33.576515 35.282135
7.704800 16.405836
-33.253059 -2.070881
-34.516277 26.424067
18.049952 25.036783
1.970508 53.666271
8.532962 6.204613
-40.155987 12.024971
8.375000 24.650932
-0.465479 -48.545727
-27.712416 43.575363
-41.417057 33.397663
31.400591 25.652185
-29.310347 -12.202878
44.651356 21.428518
-13.596214 -11.235906
5.015282 58.829208
-29.114977 -12.009810
23.423288 21.866688
55.883904 -4.370280
-16.848347 -48.299484
21.711187 -60.037273
-17.955759 43.610561
-4.420434 -48.238537
32.824322 -31.315161
47.300404 -10.776969
0.951620 6.266766
43.233624 23.487751
6.000209 -40.287327
17.733410 21.263067
3.959222 23.691559
-9.578165 -2.036285
-12.518948 55.201488
-32.448727 3.491019
51.401501 18.775503
13.013803 -48.522427
-38.970535 12.480747
-37.664684 -3.829840
33.404541 27.849674
-28.098629 47.671581
-32.230545 27.668829
-12.042881 -51.391434
-3.666185 -17.840775
-1.479561 -46.556778
-33.607483 -38.996716
-7.237633 -8.774521
-39.772640 13.231995
-32.563850 30.496090
6.352479 60.650356
-20.225931 45.470127
-6.352492 54.960781
-13.188984 52.121868
-35.817261 -2.602740
-33.006218 -0.831915
-41.578346 1.491877
10.992963 11.204323
-0.264883 59.062443
43.791885 -28.181759
44.554516 16.332764
13.810980 -39.184196
47.964493 17.967087
10.508083 -50.477291
17.463060 -36.713226
-33.505226 36.354340
44.655247 -16.905334
0.883520 17.054768
-28.883106 -4.434173
21.320650 -63.285328
12.266518 22.679682
2.784181 -42.875343
12.880790 -38.806393
-27.317551 37.877666
1.243499 1.541201
-15.960908 -10.673805
52.911976 -12.225935
-64.375351 -51.586540
-27.416851 37.838531
-36.151764 -1.013672
7.260952 21.721043
-15.370450 -1.152592
42.842888 -15.427357
7.393611 58.531254
4.249436 1.536063
-0.306968 61.678757
51.446850 -1.538410
11.863900 10.348254
46.908985 -6.888335
-66.413368 -15.107798
34.406456 -34.005726
-20.509388 -10.268310
-9.959604 -42.698391
20.696827 -62.068523
19.370468 21.147615
-15.570431 -10.499692
-44.804474 -0.791276
32.475353 17.432013
43.174522 -15.176912
-4.561265 72.019203
-5.064861 -3.830726
7.591568 -4.157781
-32.750244 32.551071
0.597838 58.180195
13.399011 4.822526
13.398922 4.822525
21.320650 -63.285328
22.297836 -62.972717
27.057558 -32.861187
58.444118 13.293494
-29.743698 43.906189
-3.118013 55.000977
5.977863 9.962355
-37.285458 12.000136
-14.638382 -49.377399
48.290565 0.358778
-32.262527 -40.217255
-25.860739 44.177727
11.217543 -50.261318
-34.654778 -4.707108
16.834393 23.443136
-1.183334 54.989750
-42.907932 2.468624
23.471941 -28.327343
19.127497 -39.746403
34.470257 -36.881401
-0.396686 58.215481
-32.060436 36.948345
-42.493103 7.664865
16.077881 -36.507244
43.177158 -12.450036
42.217052 26.899492
-17.306385 47.171474
-5.404517 -4.069372
14.127748 67.602119
46.896076 -9.157609
52.741287 -12.904128
-63.155190 -18.531279
-34.339691 -2.788657
-24.175873 33.465004
48.378399 -9.995955
0.747855 5.809417
26.445410 28.252232
2.926777 9.685786
-64.507805 -16.763592
-1.150625 1.762672
0.154647 -2.134980
18.317717 25.577532
44.845413 -16.290878
56.476955 -15.288073
-10.846685 48.159874
-34.800964 40.166851
-28.251648 -43.522125
48.256325 3.860965
46.101734 16.162672
-5.779383 53.711269
12.801229 29.687181
12.801109 29.687172
-10.580682 -10.021218
-2.898028 -1.836558
-4.343521 71.780998
12.667151 -48.909416
11.924541 20.966482
-30.987244 -42.374466
-5.034142 -42.494785
-39.299370 19.198263
-58.506504 -22.644821
-3.318700 54.554283
-46.784157 -32.595749
33.365051 24.412233
7.460601 63.411114
47.590370 -15.498298
-42.536415 7.440255
-29.040314 -0.726504
30.006536 24.985935
-66.188293 -15.701316
-14.649282 -11.711746
-24.425407 42.172138
46.665279 -11.927271
54.045986 11.974945
19.426584 27.850101
-37.457294 15.946989
55.358265 -7.560171
-31.692404 -2.237470
-9.334597 -47.903030
-36.521721 21.424566
-2.271145 -45.996281
13.590237 -44.854885
32.859329 -38.132797
-6.506239 3.152699
9.109877 14.102097
-0.586732 -3.250825
40.937210 32.988552
-6.654530 -41.974937
47.546303 -0.989063
40.351704 -19.917652
14.043085 19.666456
23.623991 35.158161
5.360553 -38.297699
45.451305 24.689096
-4.887475 56.324501
-14.373420 47.858437
-47.723450 -30.987949
4.435577 61.044304
-36.663723 33.391327
-13.628591 46.194984
-28.000984 34.490322
-5.550919 -48.932095
44.934727 10.660743
38.476585 23.913816
-40.379131 24.594576
0.725329 58.709343
35.000614 -29.007032
24.966866 25.597197
-8.653143 -1.117609
41.481323 -26.726503
-20.146688 -6.104349
-16.426991 47.337543
17.102591 25.184473
26.996075 26.658272
49.509315 2.744390
-62.217537 -18.430147
-42.105587 -35.763618
-63.058723 -17.840382
-20.343405 -10.001534
-21.023104 -4.180398
33.867920 -27.416239
32.175457 31.298132
-3.816416 -17.790781
11.003530 30.231928
58.761093 -14.770946
-38.382259 16.011835
-2.437288 -3.845004
41.358715 34.829636
4.335917 17.403027
44.173000 9.075703
-18.723242 -49.230328
47.843849 -17.335543
-3.431352 51.738739
47.828442 9.231736
-23.597116 -15.839779
23.843908 -32.707123
53.813942 -2.987106
-64.114311 -50.711624
-64.375351 -51.586540
24.787951 -33.741508
-32.985199 -41.775402
-37.257923 25.223238
3.648663 -0.332145
-37.644306 2.102082
-7.940942 -3.189544
18.296976 26.190294
18.059105 -39.771637
46.513462 -22.496746
-28.551451 -11.098708
-2.139209 56.245193
-12.340648 50.002419
28.132944 -35.607098
-13.469509 -3.722652
13.957382 23.351482
-10.486335 -1.708181
0.070186 -6.368278
-47.588055 -30.062918
12.590188 -43.719540
-32.419609 27.483850
40.805725 23.443573
-26.790216 -44.745243
-20.265360 -10.325348
5.321343 5.683440
-31.720495 28.956545
11.673777 67.950775
-66.413368 -15.107797
52.514450 1.016737
17.572607 -34.416637
12.519641 12.724154
4.921126 62.115597
23.100609 -31.587429
-3.824636 53.200283
-63.713974 -18.266155
40.426529 -28.747025
-42.543953 13.556229
48.219006 11.974112
-20.603909 -9.288677
-44.546268 7.884779
37.404766 27.891129
3.581201 2.763120
1.833280 -45.415230
50.569130 -20.274424
44.064781 -22.368130
55.141754 -16.527039
27.526373 -28.977901
-24.499573 -44.170506
-40.232708 18.232670
-7.770520 -12.944860
-34.487309 -43.752956
58.188030 -3.125933
41.431725 -16.775600
24.621180 28.148548
-42.447437 11.951760
-7.755864 -4.904803
28.389690 27.082233
-39.149536 15.777116
16.250092 25.867086
-21.462694 -10.975596
40.054832 -21.899649
-35.925724 2.374682
40.861950 -20.845016
25.349295 22.610617
-15.225359 -45.180492
-47.032604 -31.455301
6.876510 8.932671
-6.164313 -4.637443
-39.106884 -39.022449
-41.310551 -35.761848
-26.393986 -7.214977
43.337967 14.074498
35.826820 22.297796
11.114089 -48.907833
21.110270 19.602001
39.929485 -27.674850
12.638330 15.036248
-4.462508 58.547634
22.673481 34.840122
-6.442590 55.046856
17.162331 19.033678
49.297291 -8.643272
-30.520054 -6.003925
19.421270 -36.518559
18.810732 -36.155922
-23.374781 42.857712
22.808584 -35.078259
-37.319122 16.484238
42.173141 26.170702
-63.914734 -48.822964
-37.199718 30.373962
56.622494 -15.500479
34.302635 -29.479794
-16.553032 41.845520
-4.148349 55.486813
10.291883 25.240793
-17.397499 -46.375244
5.272251 16.575142
-38.988205 23.231556
41.420048 -21.717670
-21.455727 -47.730961
-21.476912 -1.687215
54.007771 -18.826670
50.473724 20.244202
-31.575502 39.620785
-27.427393 -2.178872
18.243696 29.885057
-8.433102 -7.560526
14.622910 16.236095
46.985241 -10.777106
-47.119816 18.560553
-20.930389 43.663891
-25.627287 -2.756813
-24.846045 47.695484
33.925274 24.319698
-64.331566 -52.638500
17.054312 -38.106697
-15.067090 -1.698076
-63.058723 -17.840382
-11.489793 -14.842290
-27.323303 45.803535
-26.628014 34.372955
-32.502289 26.891050
35.617367 33.538494
37.117188 -27.967394
-29.970459 39.107449
-30.696815 -3.467409
23.471184 -28.327633
-44.811485 12.204737
40.924133 -29.086256
38.951534 22.003841
-3.421443 -3.622462
18.546595 -32.158485
3.875348 7.265627
51.980896 8.121109
-14.192068 -4.540454
-39.692326 28.304739
30.593740 26.148914
53.380718 -19.557079
-23.598398 -15.839784
-38.416763 49.512985
-17.303579 -46.319843
12.165753 16.225780
17.095364 -38.974426
-9.372783 -45.473782
11.254863 -39.755657
-39.975601 22.899986
7.332149 -41.292259
-38.920086 0.340441
-33.374081 -45.085049
47.818935 9.989239
-64.602852 -50.630577
-9.054296 -50.181210
2.259961 -5.345227
-21.793905 -6.678023
-38.669708 17.699890
-18.126930 -6.171595
-16.772812 -5.673481
-32.155865 34.453964
-33.222252 26.017681
13.202436 26.557936
38.464043 -19.068991
-40.617722 -13.048703
-45.339901 20.526213
-38.409599 2.558926
-2.478663 0.639552
-31.988426 -5.076961
-22.368389 -48.596321
-28.098911 47.671642
0.066700 -43.543770
-28.250404 48.761005
-28.098799 47.671474
47.211494 12.529791
37.020313 -26.034166
48.615211 -12.041800
20.796692 -63.055771
-12.518946 55.201618
-29.580845 -7.557190
-3.666185 -17.840775
10.509061 -50.476845
-39.799206 24.047436
5.687310 10.700083
51.460899 18.937414
-15.199639 45.448929
-44.392944 -36.601223
-25.676050 -9.853038
-2.186162 -47.296406
56.223236 -7.249785
-7.964182 -6.990591
-36.518925 5.635426
-17.354372 48.103008
24.968115 31.167273
-27.454983 39.729645
25.245003 25.231522
-7.827977 60.587803
-36.202538 -38.999924
-37.980930 5.817652
37.617779 -26.687710
-12.227304 -11.706725
40.546970 -19.633917
-37.252827 14.090217
-22.630341 -8.427615
-1.262706 -14.628209
18.768276 -34.892773
10.529522 25.335882
-18.653341 -7.491617
-10.190744 -3.798842
-41.591702 18.090290
-38.793461 7.435893
11.223803 17.741158
43.642166 22.959049
23.856609 -33.742332
38.725864 23.369934
52.448563 9.827666
-32.136662 -1.375668
-40.921978 8.267696
-20.053200 -8.543847
-5.077593 59.721260
26.055527 23.526060
-12.903772 -46.713428
-15.199829 -6.908737
19.708302 25.947577
10.096071 10.488692
-36.366894 7.589059
-28.839767 -9.010056
6.963567 -44.514572
-65.298004 -52.219818
-65.304489 -51.143879
-8.441486 -4.821798
-20.682606 -45.593571
11.635927 -52.562374
-14.477687 -4.610579
-41.204182 16.892857
-38.468899 16.299536
-23.976910 44.138004
-11.919162 -6.928559
39.915649 -27.207548
-32.480907 -8.336537
-64.507797 -16.763592
-36.700027 -37.347702
-39.398449 21.112921
-17.584200 49.801991
24.455057 -34.493256
-24.772329 -7.761497
6.095847 18.182281
-33.607441 -38.996754
7.535945 -42.818066
-61.174526 -19.930834
2.071299 -48.527954
-30.586527 -43.311676
57.569401 -2.632843
-39.489082 7.326060
-19.179487 -49.452381
-29.626167 -6.340518
-43.559769 13.598173
34.400406 -34.131725
-25.752071 40.934845
25.935259 -39.117844
23.279518 28.484436
19.370714 21.147387
-41.481567 23.626482
53.927013 10.064662
36.838314 26.842113
21.614510 -62.573170
44.232780 -25.610157
32.425377 28.334471
21.011547 -61.734695
-31.907110 -42.659393
54.821522 8.258511
-23.852543 -11.061834
2.290931 59.477413
-64.472160 -17.433498
-2.497251 47.635750
-5.965090 55.373444
4.500969 59.091034
-28.451405 -45.180256
-19.980007 -12.503609
-28.528650 -45.208477
9.378475 16.755943
20.561268 -38.634808
-7.934170 -47.181030
-0.618597 57.807259
-14.812379 49.110306
-11.489792 -14.842288
33.472019 -32.180347
-27.006073 -13.143640
17.147863 -43.239613
17.146757 -43.239658
19.833399 24.979147
23.176754 -32.932976
-0.036851 -41.055107
-20.414413 -13.433567
-57.992336 -21.483118
-32.538921 -2.531621
13.525660 -40.681992
-31.571354 32.019932
-17.479002 -46.927986
-2.706891 -7.814433
8.687038 -0.610145
-37.463303 1.727385
-66.452332 -14.546254
55.786766 4.555975
-7.828012 60.588043
-5.495174 -7.605075
1.362090 59.890034
-20.339430 -7.892799
49.847771 9.854633
8.342584 64.227036
3.062254 9.457397
-7.402457 -12.000426
-5.134974 1.316962
-1.066016 -3.150125
30.451485 28.696550
53.847343 14.575478
-34.993637 29.057983
-11.644935 -8.774570
47.016140 28.611679
44.801582 3.552221
46.414581 -12.529720
7.196568 10.079723
42.363697 -15.761518
44.801903 3.552228
-32.920479 27.604765
44.939392 17.284147
16.923697 16.133266
-22.155508 -42.853561
7.853182 7.713120
8.047828 7.927131
-66.452332 -14.546253
-6.654309 -41.973988
50.144890 3.967513
-6.170711 -5.441968
25.062338 30.315580
50.617466 15.089106
32.397736 -26.672432
-39.410980 -38.679817
6.196840 -43.299313
-62.051247 -18.743393
51.369442 -8.333445
8.368827 22.987244
-5.898454 -44.937874
25.684177 -37.844379
32.404259 -30.312983
3.143517 3.147038
-2.269998 -4.383746
-7.340912 1.890520
-8.384589 52.737202
50.764835 12.476357
-0.595035 -3.430363
14.365800 29.604031
21.205912 25.607029
-16.397348 49.113247
40.081795 24.757233
1.747512 -0.310358
-33.927197 0.515840
-7.923216 -6.138510
-34.554981 -0.242367
-19.603088 48.087044
-17.673487 -8.457136
9.159100 10.096738
-35.182644 -39.357216
-7.934531 -13.209764
-42.577549 -6.182758
-38.107407 -1.043804
-17.897224 -17.161970
-32.924030 -42.899685
43.302006 -23.369192
13.223502 -44.289360
33.601677 -22.920206
-36.925983 10.502215
-16.163979 46.124809
59.657639 -14.354202
20.131416 28.592846
11.440256 15.138524
10.286476 -35.672916
52.928329 -16.133457
22.184990 -59.067417
-34.842247 27.896317
0.191783 -3.912555
-33.620304 31.933491
-7.579306 2.077353
-0.961274 4.740869
4.342587 -2.129907
-42.810444 16.035681
-40.618198 -13.048658
9.330397 65.200829
24.780176 28.134592
20.157907 -32.275070
-42.837246 17.250366
-8.932784 -47.804790
-37.416794 18.488543
43.817154 28.487818
15.680456 21.670708
9.189946 65.151848
-32.390560 -18.337980
-2.497249 47.635288
-40.390457 -38.276966
-17.945753 -49.845608
-7.928713 -47.613327
-18.541849 -8.415918
50.179951 17.077290
4.351699 4.796868
-5.972778 -43.856598
10.972113 66.024361
4.922895 7.425094
13.550505 25.576204
-24.837757 48.679039
50.416821 -16.259573
-38.851887 7.277562
20.078173 21.135099
-1.519990 57.618237
31.373466 -35.327457
13.372952 -44.108040
-9.757700 -6.245586
-34.892128 0.096936
4.165372 60.512024
47.017593 28.612078
-25.775696 -2.572957
26.457626 27.897421
-13.826988 -55.704872
6.167988 13.620785
-3.778855 51.769329
8.113229 14.975768
-18.139645 -49.073681
-41.416931 33.397888
38.300858 -21.104746
27.669174 -33.413712
41.473846 -21.152138
9.576967 5.997866
49.084988 14.363569
16.646147 -38.485184
-26.831879 -44.466843
-19.851910 -49.663437
-33.147392 -44.802143
12.665436 -41.935017
-11.827587 -47.880535
7.061732 -1.286838
-8.075535 -45.324318
-46.397758 -31.381567
-58.989918 -22.683212
50.509514 8.329170
-20.137438 -46.653034
-28.269484 33.860466
-29.999903 -42.898365
9.351510 -3.150666
33.279095 -39.693703
-28.098804 47.671177
46.328381 10.199129
32.877586 -34.135159
25.712120 27.557369
0.503737 -0.538662
6.118875 12.877326
6.118795 12.877263
2.365646 1.980947
-11.906630 -11.630600
43.761688 13.713481
26.563017 29.141298
23.826828 26.162018
-29.743706 43.906166
17.011742 -35.453526
50.045448 18.229982
-37.062569 3.265399
-16.673498 -11.672650
58.457241 -10.272605
-26.821314 31.689159
-14.114823 49.491718
-40.963478 -34.867649
41.156006 -23.051550
-42.850834 -37.916393
-26.077162 -42.208210
-51.674805 3.266389
0.837965 1.825479
34.688396 -21.812010
41.328087 -10.716851
-37.980621 -38.172470
38.404018 -28.961033
-20.261354 -11.516752
9.123261 22.203279
-3.816416 -17.790781
-9.018168 1.136004
54.416367 -1.591985
24.391598 -39.886616
44.492676 -25.579626
-17.483484 51.236786
-32.923119 -4.572412
25.680504 31.836683
-8.907861 -43.239304
2.726853 60.088078
-3.932327 72.704590
-32.842522 33.223232
23.608021 24.089605
43.558529 -33.615593
-36.278961 26.834114
-3.321404 -43.485767
-27.815683 37.166740
-13.889010 -7.187608
-65.981491 -15.747009
11.041171 -35.373920
-47.369972 -30.776405
14.003602 -39.426022
0.199313 -45.632347
0.874326 -2.100980
-29.292463 -6.707123
52.530060 3.966878
1.115639 2.560572
-29.469069 29.881487
-6.279760 -47.518024
-63.035580 -18.879200
9.137793 -41.986198
-48.839851 -31.328733
-49.220810 -30.151217
46.321766 0.398783
34.335453 -29.935225
-44.597637 -35.928772
7.393667 58.532650
19.185427 33.702129
50.286186 -0.016179
47.738708 -15.116648
-24.859913 45.606953
13.643227 -38.209038
30.374926 -29.098476
-36.065434 24.111708
-7.781128 52.381962
-30.155798 41.796440
52.050915 -7.285232
-9.029031 -9.855954
33.223991 31.904922
18.105350 -35.848816
1.013049 4.147663
46.996307 13.796776
-11.539777 -3.741037
11.041256 -35.374126
46.847111 -0.914395
48.259670 -12.218271
22.656912 23.433783
-27.465540 36.109016
-36.150692 -38.261326
-37.509117 22.997013
-40.369011 24.348148
-3.196226 -48.614826
-60.876774 -19.581400
-63.521824 -18.667364
48.096420 -4.579438
-43.339199 -35.337009
3.472769 14.219645
15.391529 -38.039421
16.900505 24.376114
-27.902161 -44.378242
-37.307365 1.110821
41.354240 14.946869
-7.751622 -3.281116
14.127748 67.602119
12.877518 16.799156
-11.962324 -46.501381
-38.684280 -2.477051
41.556004 -29.427111
21.447256 -61.755070
21.614510 -62.573170
52.822433 7.778333
28.827095 -36.735889
0.236494 -0.502261
12.565959 20.600023
-28.341858 0.592058
-21.347296 51.478794
6.663898 63.750843
20.606745 -62.592163
-0.740443 51.047344
-16.533827 -5.873362
7.013218 -41.795231
-18.841684 -10.612535
52.267818 -3.258042
32.704967 -32.783905
-23.826817 42.756523
18.076864 -38.743069
0.774782 8.377507
-36.617126 25.643320
-31.001993 -6.978700
40.740547 19.402416
6.060682 61.070244
-24.837784 48.679153
-5.237039 -48.014503
28.534513 24.249277
-2.718602 -5.519365
46.702030 -17.006123
9.992769 2.148604
41.424644 -25.215965
22.307808 -62.148975
-32.553181 -6.234135
49.625443 15.747298
-18.437965 -9.453719
-18.658703 -10.877119
-0.609599 56.478153
-58.187138 -21.933523
-1.167342 -43.321739
30.724541 20.304144
37.600632 -33.273251
-14.039885 -52.452026
13.661758 66.886314
-42.815178 24.623573
-4.779867 -6.302778
-4.813680 -49.526508
-40.515835 15.939100
51.260590 2.442022
-38.244160 -0.915431
49.368313 -10.661129
6.464387 1.863618
-38.545948 4.704464
47.840233 -1.505572
-35.070129 24.253874
-36.778774 24.261972
52.167419 -18.892256
-17.897219 -17.161968
9.901087 3.499842
-10.322307 47.854557
-21.668705 42.539543
5.871034 8.221987
-19.810173 -44.382858
41.454384 -14.016292
38.049778 -29.508873
-1.861958 -2.865875
46.104481 -16.125107
-41.348312 20.126245
-37.039772 6.507832
55.654346 -9.048455
49.392239 16.085846
-48.839848 -31.329046
39.826439 -29.999126
21.447256 -61.755070
-38.942039 1.412487
-18.175932 -46.479313
27.998901 29.290052
-10.939809 -4.695575
-11.084152 -49.571625
52.195404 16.979057
0.969404 -3.003593
-23.990288 -5.111403
-37.257607 18.851814
46.005283 21.039223
40.199306 -29.163816
-36.627163 -2.218241
-13.014929 -4.510231
22.382956 -35.435871
-6.883127 -45.583855
5.717600 61.037388
17.784773 -38.320457
-8.636453 53.391640
5.200758 -41.827545
-33.281830 -3.988270
-36.981174 10.615507
-1.593598 -6.050160
3.212292 -40.809704
-24.675797 38.202087
44.302288 -25.561201
-7.290053 -48.121418
-42.907558 2.468624
-1.398718 59.580490
4.127168 -43.907097
38.359539 -24.070862
40.429729 24.249002
40.241810 24.656713
-21.229094 -46.308990
34.808151 31.242157
39.638565 -19.460697
27.637119 28.649778
15.878761 -39.164715
9.367359 -49.913322
46.482750 11.854277
-7.770494 -12.944832
-42.577286 -6.182766
-28.068720 -13.223225
-4.699676 -2.042196
48.346382 9.937596
38.943848 -21.635576
-43.763470 -32.975430
-37.734550 -40.100628
-23.635738 -41.778534
-42.733612 10.565619
-45.892750 -32.021595
12.400473 18.845249
5.436253 -1.230062
-19.630674 46.185837
23.076662 -37.030849
-10.161327 -45.886986
0.280191 0.897418
14.343535 -36.364964
-11.675076 -14.511359
-32.390560 -18.337980
12.714778 -40.961185
-34.253307 29.931561
-35.002457 30.619904
38.582932 -22.861387
49.156364 -3.484235
50.083572 10.905980
51.867348 13.156780
-58.989910 -22.683216
-23.371840 -6.310032
2.840445 58.924736
-41.416946 33.397858
23.992887 -38.162804
-1.240154 -0.945179
-3.886951 -43.752674
-27.654169 34.166023
-3.901414 51.441059
-35.585545 -42.031883
5.770128 3.444567
9.582062 -50.461338
22.818638 25.394392
55.526333 -3.314514
36.627907 -23.895845
-59.594940 -22.458599
-17.935658 -1.592197
-33.526497 1.322652
-41.301361 -1.303357
-0.218559 -4.246698
40.283001 17.458483
-34.900269 27.758728
43.554276 20.042942
-23.324600 -9.580379
-5.507770 54.036839
13.204665 26.559155
-65.304489 -51.143879
-30.846651 -4.582407
-27.464815 -5.402357
58.310932 -13.178812
1.425701 -46.699154
-32.547791 30.122028
24.242495 29.545916
48.644440 4.780245
-32.220943 -10.180573
50.232094 -3.314432
-33.645943 -0.919091
53.253628 10.755335
53.631821 -8.243802
-36.123306 -0.341125
-25.115828 -5.164295
-29.366562 -12.588317
9.302963 -1.251144
30.361277 -30.875177
5.993405 7.097219
2.182652 1.953541
-28.589153 -5.323470
47.276077 14.600635
-39.616455 15.004040
-17.800737 -7.094312
-28.786402 -3.933862
-24.481945 42.313862
-4.658006 -5.082351
39.322304 -16.836777
-5.021251 -47.026203
48.816669 19.484848
-19.267952 -44.803532
-38.523376 13.197268
1.373372 -46.075565
-21.524637 -10.374268
53.506889 -4.634748
41.328121 -10.716824
43.510387 -25.678558
-3.387897 -45.476673
-22.658228 39.012737
40.761356 -18.147690
32.591339 22.473547
-13.651925 -7.502427
-33.909363 30.045059
-18.795717 -5.245955
57.084530 -5.575737
-0.036847 -41.055344
-15.157925 -7.269252
-21.418818 51.644474
-34.329491 -6.657532
-14.019822 -14.430128
-42.850849 -37.916065
-31.841612 -4.140926
-24.687033 42.774326
7.738567 14.695355
51.896706 -3.398030
27.689072 -30.353434
-7.250986 -8.522435
47.695320 20.449646
-22.039139 -8.971912
-41.416943 33.397869
21.522472 32.301678
49.262421 -16.346552
-7.827986 60.587868
-26.711035 43.672703
1.130584 57.296444
55.799477 -10.081949
-6.545700 -1.997761
-28.330479 -7.685128
51.475685 8.080528
-27.012381 41.868778
15.511855 22.587688
-4.089436 71.703850
-31.340166 1.298349
-2.497249 47.635693
-17.893303 49.499268
13.934799 -37.211681
-51.527176 3.218286
32.475422 17.432016
39.867783 20.138254
-48.586712 -29.932270
5.231424 8.865185
-36.187145 25.043146
6.766980 2.992945
-15.166184 45.772476
3.356528 60.912899
8.580255 65.261658
-42.689312 45.335228
13.278281 26.934187
-0.036849 -41.055279
-26.883837 37.707203
37.284176 19.513954
27.303902 24.257561
4.105339 61.137890
-4.707714 -53.141228
-8.802272 -7.912512
58.508442 -10.333046
-40.729317 11.474856
-23.563643 42.778019
-5.792480 52.688019
19.306953 -37.950878
2.079349 -0.435688
-26.828175 42.256050
-32.900242 -2.715944
1.650211 -44.926567
47.829754 -27.166111
53.599613 7.406020
15.286676 18.298700
-3.666185 -17.840775
41.268742 23.979956
47.341545 -3.290974
-29.952652 -7.319137
2.569777 0.599324
-24.161249 -49.650749
5.750060 0.762283
50.178432 3.467717
7.177154 9.184777
-35.055981 21.688124
-59.377758 -20.353165
25.374039 -35.692417
-2.952925 2.827621
-14.851684 -2.324848
-32.537659 -6.200183
-6.654253 -41.974037
-7.468941 -44.616608
-63.035580 -18.879200
-37.594650 27.409435
-35.956406 11.980164
36.516281 31.392931
-33.540150 31.578159
-17.548014 -16.994282
-1.878939 -7.211290
-28.447800 36.236332
10.620767 -51.520664
50.715431 -4.687273
19.859146 23.990988
-1.262706 -14.628210
-32.408035 31.245308
-32.951515 22.510294
33.261951 -23.342106
-42.689312 45.335228
51.424522 -0.608965
4.805847 -42.381092
6.052599 63.414642
26.503660 30.718287
24.859087 -39.222015
22.956755 -32.960609
-32.577061 -43.376873
-18.765408 46.134602
45.936180 22.548836
15.957434 -41.539169
-15.179049 49.870010
45.555023 15.134082
-10.427457 -1.422064
-35.167252 -10.122619
-64.507797 -16.763592
46.839367 12.075948
54.262520 -4.790425
26.255707 -35.197151
-21.407965 -46.862629
20.502537 24.460913
24.283213 26.927191
27.104921 22.944553
52.073673 6.915738
-43.471901 -37.518574
-37.633839 -6.376166
30.761534 -35.877075
-15.106101 47.911270
42.456547 -19.262043
8.949836 -44.214046
1.025100 58.994202
47.213478 28.496014
9.902584 28.900265
-32.390560 -18.337980
-48.031223 -30.857763
-0.036851 -41.055107
7.592918 -49.201477
58.311550 -13.290751
49.495358 3.854347
-37.703922 23.659784
-17.663919 -44.549915
23.623957 35.158112
-44.411587 10.239341
5.781017 -5.225398
24.080111 -39.101715
12.170458 22.308729
9.026587 22.318945
-30.920465 31.919128
28.202168 25.557076
-32.630856 -42.811096
-26.420578 43.836205
20.001217 -35.263908
25.579950 22.914341
-9.040474 -4.383213
32.383083 28.327620
41.353420 34.831188
13.326199 4.613122
16.794455 26.004627
-1.478288 -47.042988
-37.330166 25.270008
-24.516106 -44.479626
49.195831 1.868272
-40.873154 14.062495
-25.559711 -46.933338
-13.735533 51.737362
-23.905565 41.290703
53.498463 -4.605633
-13.794827 -8.684028
43.558308 -33.615322
-1.618934 -9.625821
9.900845 3.499671
9.900913 3.500103
-29.936874 34.477642
48.235271 -4.846476
14.873383 23.381306
-36.063824 -40.582233
43.605267 9.322120
-36.762657 -41.623455
-43.290607 -34.995052
6.597108 11.089849
48.656979 -1.830104
45.598137 -9.267462
5.958858 -9.175814
-20.692345 46.575283
-1.262706 -14.628210
-36.619854 -41.509537
7.557377 7.075831
42.559464 15.867595
5.671537 12.254946
57.205292 -2.481115
9.127844 14.835997
7.101729 63.899799
-37.961369 5.949657
-41.450413 18.683487
35.664577 31.444036
40.820293 17.225256
-12.518946 55.201515
-21.093878 -46.925636
43.409760 -19.874960
33.149063 22.625051
30.555323 25.186085
-37.416359 22.353191
-46.722832 17.026217
1.970508 53.665806
-39.662659 14.159472
42.524700 27.453806
34.167896 -34.478020
50.499287 7.038294
-12.300847 -7.603487
-38.404701 13.135373
-4.305642 57.552559
-37.640572 -6.416530
44.122608 -18.572218
51.792984 -19.813341
18.095547 -37.942707
29.386530 23.492100
-32.390556 -18.337980
-57.992336 -21.483118
-20.144350 -44.781208
-36.308758 -7.028450
-9.439138 -3.001487
-40.618519 -13.048698
23.624243 35.158123
12.716534 -48.484280
-13.328353 -10.326111
48.320618 17.298250
35.980404 31.707420
34.836243 31.264645
-41.417057 33.397663
-36.638275 23.203346
48.780376 22.478626
3.975435 -44.844601
10.031237 -1.304817
-26.000900 -4.526282
46.689846 -20.362898
-44.899723 -33.744125
48.180470 24.310381
-26.820858 31.689444
22.438566 24.617664
-40.617790 -13.048661
30.224249 27.444082
-40.274879 10.304218
-25.665422 -45.092670
-15.129017 -47.807167
5.781079 -5.225436
-39.768955 -37.743065
10.345604 12.095508
7.393616 58.530609
52.445251 -4.540816
-28.546061 -2.829101
-34.113468 -43.629311
-65.298004 -52.219818
-41.917446 -36.101768
-2.614182 -2.393656
-33.206917 -43.216248
30.679815 36.482426
-11.592922 -47.824818
-11.271309 54.809608
-37.756081 23.723265
30.241405 -31.063789
7.325124 12.031796
49.253838 -14.729196
49.576965 -2.476516
2.463321 -5.222110
47.511486 -3.175501
-14.835924 -14.886375
24.268883 26.288338
-64.263298 -16.521963
44.447033 11.361523
36.261024 26.349936
-2.455439 -1.562229
-41.885468 9.345362
-42.048538 9.402759
21.295351 -43.309277
53.034962 5.704752
35.981350 -29.521515
36.214443 -29.310949
-34.250557 -0.370641
42.833282 -16.707100
1.640666 10.570297
-65.304489 -51.143879
-22.365486 51.462223
6.784137 13.784387
36.559753 22.315840
39.234447 27.802010
-3.816416 -17.790781
-0.879832 -2.561503
-23.442726 43.041679
35.644276 25.498999
49.831738 3.765486
-8.370927 -46.742882
-17.897219 -17.161968
5.958858 -9.175804
-29.646986 -44.421471
46.723797 14.147911
50.992584 -10.256484
49.566296 12.138939
56.192860 -13.288345
-36.210567 -6.909040
-43.502697 21.598024
-43.502682 21.597990
-21.974617 40.228039
1.471341 -49.400200
15.923192 -40.065651
-22.543423 -7.038470
-39.999393 0.821839
38.851578 -26.308779
-10.331496 -47.717907
-7.224894 -45.731098
-6.264706 -46.292614
-8.958484 51.846710
-20.879770 -7.922781
-30.349560 39.199955
-65.298004 -52.219818
5.385896 9.476522
-4.120912 -3.067002
-40.615589 8.191340
-31.229990 -10.622943
-64.263298 -16.521963
2.023148 -45.405418
-44.804363 -0.791232
20.839724 30.820286
46.856953 -19.348963
57.636951 -12.830827
55.398151 -15.073989
5.928462 -41.373432
29.687679 -29.373901
13.224206 -44.290272
-34.260395 0.459321
-3.708411 71.899193
-43.755245 14.339851
-2.915860 7.498368
9.353495 -3.384849
-28.888445 -43.335747
50.762196 -14.603566
46.553299 10.154674
10.902866 22.086937
49.854038 8.772885
40.250206 34.327217
-64.263306 -16.521963
-66.528618 -14.658201
20.700970 -35.166401
-8.618902 -48.028156
33.279053 -39.693748
21.027174 -37.299755
14.127748 67.602119
3.584322 -0.092134
26.392494 26.241777
-10.766672 -52.916233
-17.246704 -9.529836
4.348618 14.494889
54.880741 6.881527
-22.628700 49.793354
-18.469675 46.484840
-25.424881 43.760155
48.306717 27.777477
15.632750 16.347057
39.513626 26.521790
-13.624418 49.237926
-17.007788 -11.903322
-24.268648 -46.175251
27.585688 -28.210978
-32.774006 -43.995987
55.317406 -7.628623
46.531822 19.600410
-19.443794 -8.585556
15.148918 25.832932
-42.832375 26.642107
-16.437288 -48.896782
20.528513 21.707850
14.127748 67.602119
9.442214 17.217400
49.041119 17.081434
33.341808 -35.038364
-15.164477 -11.352460
55.565975 4.236291
41.288494 -21.995907
-60.876774 -19.581402
5.222188 -38.636063
-4.924377 -1.661984
8.392675 16.007385
-3.435966 -1.395281
27.393517 -30.214279
26.335356 34.964630
35.889744 -27.318352
31.836699 26.055140
-59.136452 -20.784798
-36.210777 -6.909076
-29.743696 43.906345
43.958050 -20.928762
25.912029 -31.731905
-42.420704 23.824385
-17.724949 -50.751183
7.165553 -3.238840
14.668550 -45.417500
-28.098629 47.671581
22.131403 26.853737
-6.656034 -4.683825
-3.158268 -2.959591
-15.333833 -10.773539
-31.798643 -40.995926
3.404691 5.887629
-47.883114 -30.237474
7.663040 17.658714
-24.635809 -6.301434
-42.576996 -6.182767
-20.383533 -45.223831
19.253666 18.462423
13.344684 13.517700
-65.160271 -16.615915
51.156422 -1.065483
55.934036 9.539997
51.394657 -18.212439
-12.406778 60.074596
-33.074776 -0.616519
35.617226 33.538128
-10.087139 -11.935672
20.791494 19.553080
37.887924 23.476583
30.446604 37.302570
30.446501 37.302212
48.332035 -14.567273
27.182381 28.759451
34.235008 -29.386509
26.069290 21.193268
-37.793423 19.931070
-37.651924 -39.327415
49.955662 12.789379
46.895149 4.069390
-31.234142 -42.198776
10.035072 -46.044609
-26.235420 44.371170
37.901810 20.721380
-39.743412 20.115257
-4.972854 -5.707345
49.043369 17.846802
12.969375 -44.660427
42.721771 16.509132
49.838577 -1.624427
39.119827 -20.808348
49.379726 -7.999018
4.345034 -39.524582
-32.708809 30.111244
59.607597 -13.443536
-23.763281 -44.554169
11.041168 -35.373783
-3.431359 -4.598607
18.094488 -32.211597
16.666094 20.522512
-35.217045 -0.316821
-8.229567 -45.289978
55.857861 9.656472
6.183719 -50.508865
-63.548359 -52.188892
-22.542433 -12.629214
-30.536188 -12.809241
44.575821 -32.191601
58.825283 -15.358015
19.198540 27.815632
-26.281290 -11.839526
6.478179 -42.613178
12.673449 -50.940857
-27.407209 -2.079063
48.836308 -21.699455
-12.634296 49.762318
48.081345 18.250967
17.758802 24.713722
38.436104 -26.822748
-29.988600 27.457045
-11.447516 -49.196823
30.831198 27.559036
34.699184 -26.016113
-3.755494 -48.266216
4.417371 1.606452
-42.480568 6.759471
-3.406408 -5.551581
-28.098909 47.671623
47.242020 17.455574
9.551064 17.526548
7.809191 -51.744320
48.057869 3.513967
53.143166 -14.345542
-22.086071 -42.878750
40.784454 23.913864
52.100761 11.452062
0.036569 1.604308
19.185577 33.702168
-31.623934 -10.426105
31.981842 29.584049
-30.627827 -1.539830
-20.613361 48.543777
26.052362 27.707464
-24.746662 -9.072451
-65.298004 -52.219818
-41.347958 16.932795
40.790504 34.252644
40.792931 34.253521
-4.762219 -5.112366
1.106929 -45.340622
-40.568398 10.114858
-37.542816 -38.160877
-35.466724 32.913879
51.168518 -6.060681
22.085186 -63.131241
-34.206039 -40.552807
-42.577236 -6.182767
36.606045 30.938673
-30.777901 -44.684895
-9.439673 54.700478
-41.602188 9.176500
47.559898 -20.736660
-62.217537 -18.430147
-29.902813 -44.286442
-42.231583 29.640186
39.579327 -23.816051
-23.137342 49.655064
-25.861895 -6.124534
7.558356 -4.242089
-36.876953 -43.023884
-59.324638 -21.658743
44.334251 19.837690
26.813215 -36.159786
55.270660 -0.165144
55.270576 -0.165176
52.950462 5.991678
58.295448 -6.181852
-23.522810 40.771946
-7.911423 53.801083
-4.744733 -8.067489
48.097424 24.598936
39.884232 -21.075180
-59.216579 -21.533554
51.003216 -14.361911
-4.583569 72.252693
10.173382 5.852718
-42.336174 11.129156
6.367175 8.124162
11.785154 -49.857800
31.258101 23.824314
-27.711254 -8.602113
-19.023579 -9.139322
16.546146 16.099550
33.445297 20.189154
-37.569614 16.368889
59.841022 -13.381938
49.466984 -12.990210
-42.577408 -6.182768
48.800446 11.892240
-13.826986 -55.704868
-27.233282 -47.185089
-34.793381 1.838030
45.800831 9.396858
-36.529037 14.755574
45.497757 -17.169203
42.273624 -20.158197
-29.178343 -43.859089
-7.415281 53.777512
21.023167 -62.567200
-21.737104 -8.242502
49.686485 -1.939099
-34.116703 -1.769371
26.988413 -38.599232
-41.222984 15.283503
-19.029169 -6.718156
-38.351418 4.435279
-13.826992 -55.705067
7.594081 63.953037
-2.912658 -42.814167
-7.928575 -47.613026
-7.742040 55.969982
-16.532307 -46.213009
3.661206 3.422897
38.778976 23.963583
10.490957 -49.082645
14.420585 67.148735
-16.969481 38.653549
9.536325 64.511230
53.846020 -5.989532
10.319142 -40.179955
-35.338810 -40.457851
49.640358 -5.288364
38.679901 -25.139765
55.100731 -9.897622
3.420526 13.293229
36.970646 25.845720
42.173435 26.170794
-3.666185 -17.840775
-13.826969 -55.704441
7.955705 -1.248753
40.463306 -25.974375
51.726280 -2.067017
-29.449083 -11.547230
-63.542660 -51.328278
-16.969481 38.653351
-64.375351 -51.586540
21.305208 -36.126038
51.944660 7.528520
-23.779114 -41.516521
52.839962 -14.713511
-7.304222 -9.578559
-1.353004 60.220482
-34.750042 -5.294870
-39.348228 10.591534
8.734950 67.011795
-16.505079 -14.342680
-1.397521 58.238113
-17.168013 -7.472752
2.767973 -3.277999
28.395735 27.371857
18.867020 -32.408234
-37.718945 -9.776085
5.696297 -45.551571
-37.545952 36.614750
-33.085602 -42.184288
57.510422 -7.943727
46.532375 -6.170210
-1.554114 -5.113727
-20.015312 -3.875207
-43.768383 14.319022
-29.773754 -10.407912
50.258766 -11.533239
52.119286 -9.962012
-3.666185 -17.840775
6.598452 -0.939209
-37.545918 36.614803
10.045957 -49.502739
9.786525 -52.554047
-32.520859 -41.083195
15.125410 24.397823
-27.908384 -3.760055
-7.827812 60.587719
-66.528618 -14.658201
8.758475 25.324375
18.340557 25.317930
-14.231875 -55.167137
40.459415 -28.417959
-3.787735 71.821739
40.421028 -20.663242
-15.660490 -46.586891
12.851825 -41.008572
-3.152966 58.843552
-11.883321 50.205563
54.932911 -13.598920
45.067238 23.595020
41.079800 34.671307
-15.808913 50.054741
54.322643 8.376762
50.186905 1.468745
-57.395760 -22.253838
-3.974776 0.612532
20.451115 -38.367226
-38.416763 49.512985
-8.617962 -5.157869
6.259452 17.882103
-17.431181 -48.523369
9.372051 65.479843
27.170509 30.756369
45.530064 -14.673131
9.218486 10.217306
3.993508 -46.283699
41.731701 24.622143
-11.398741 -50.959175
51.379631 23.062601
-43.306293 -35.280525
-37.719677 -9.776085
-18.082827 45.728558
-39.242912 16.506451
-30.901037 35.257618
12.649964 -46.262096
15.855769 21.340853
28.927038 25.977896
-25.612301 -43.736080
-3.009439 -4.477951
37.616276 -25.263002
11.534099 19.086653
1.991477 -2.039357
3.914740 -1.155112
20.736973 28.703321
20.736740 28.702969
-4.954588 51.648922
19.652914 -41.989098
15.451473 -38.220734
57.948540 -3.775616
44.208263 -24.090548
45.567642 18.700251
-29.292969 30.699993
51.091103 10.116368
-20.572496 -8.731924
30.446501 37.302212
57.393681 -7.717904
5.536372 3.234679
20.293789 -32.383938
-30.284458 -7.588006
48.945503 -2.422995
-39.671761 4.890264
-12.406722 60.074562
-40.099373 9.131104
35.211685 -34.294811
-30.124512 -44.306305
-0.568396 0.430130
-57.496819 -22.775311
-4.089970 -6.625661
6.120012 18.386934
36.161018 -23.319643
-42.689312 45.335228
-36.898651 -4.783671
29.384098 -33.105076
-5.024473 49.723026
-39.092339 26.172644
33.278847 -39.693836
30.446529 37.302467
-19.561857 -50.686138
2.521608 -47.614376
-21.612841 -47.985199
-24.314840 50.652954
27.613173 -32.577137
-5.208860 -48.751873
-37.888718 -38.482895
48.125881 0.787571
10.208797 7.512808
15.700883 28.748158
24.863310 26.992617
-46.375237 15.775412
-31.418589 1.484606
-46.375095 15.775213
39.365242 21.734756
4.612934 13.026791
-59.887482 -21.224297
-51.527176 3.218286
-21.827522 44.366833
-16.767893 -48.155346
-9.083570 55.996429
37.233688 22.864756
47.997559 10.456183
17.023842 -39.275745
-15.583691 44.224743
-32.416565 26.770990
-25.344088 37.168472
-31.984547 -8.448623
53.558945 6.719298
44.153675 16.168764
46.403782 -13.352027
36.019085 -26.307760
50.350651 2.634736
-6.594511 55.902508
-39.764290 11.163561
-25.899662 -9.577871
55.093037 11.921453
-22.737480 43.745468
-37.223312 0.366181
-23.690168 -8.108065
2.531210 -42.085182
39.217514 13.407372
21.420736 -39.487278
6.121188 -42.259129
-12.406739 60.074768
-9.779410 -5.264418
-0.734181 57.490181
56.572910 -3.854057
45.578957 -13.070380
-42.832775 26.641949
-26.077173 -42.208191
-13.768564 -46.967560
16.712013 -39.936115
-47.121937 18.560772
-7.402490 -12.000420
-38.730633 8.603754
-27.668049 -12.523835
51.201378 -7.588009
-21.537271 50.784100
54.576462 -15.974230
-51.527176 3.218286
-15.105302 -45.134022
10.634008 62.747425
-42.689312 45.335228
48.733932 7.028483
37.981102 -24.492350
-37.719276 -9.776087
50.244148 -17.066490
-40.618061 -13.048705
-46.375462 15.775370
-28.789644 -6.747118
-34.420029 32.210167
-30.376493 42.063313
-38.780811 15.712625
-38.510811 9.827377
36.436275 -29.123606
-8.961134 -52.242287
-9.433566 -4.840175
33.227703 -39.564537
45.405052 31.516012
21.420450 -39.487049
15.309891 -44.083195
-11.477000 -50.505886
50.018120 15.588217
-40.282021 23.696854
-6.654310 -41.973999
-6.388411 54.176407
30.724659 20.303982
-1.371604 -1.956354
-5.972717 -43.856495
4.859267 15.107639
-40.497349 5.338586
47.829494 -27.166166
-34.801212 40.166866
8.734918 67.011719
40.995132 19.441319
-16.206598 -45.292133
14.127748 67.602119
-9.197807 52.849590
-14.884879 52.770241
28.388733 32.058838
8.671956 8.508477
47.177921 13.573078
23.020891 -33.203316
-38.456856 10.776369
-3.585405 72.160019
-45.070736 16.385345
49.928055 -7.402285
-7.928661 -47.612999
43.691124 -14.724544
-18.921078 -45.976082
21.640070 25.972288
36.364902 -24.944273
-26.906343 -4.239470
7.390511 12.128178
52.539780 -6.177124
21.392485 28.788517
-24.412611 39.686832
-24.412449 39.686695
46.736649 17.597618
0.053382 -1.103506
46.257153 -18.132854
26.216852 23.470860
-58.132317 -21.963316
52.265385 -7.807578
3.830263 63.778503
21.899130 -34.844551
-4.018252 -46.913628
31.918993 29.277575
14.646193 20.878071
-5.928174 1.555963
39.534256 -25.552593
-17.089439 -11.344903
26.335356 34.964630
-5.420618 -47.708935
10.421945 18.330936
7.789138 19.177273
-18.583261 -46.948349
22.385614 -33.410118
35.648113 -26.550449
35.893433 -23.215235
44.777470 4.484553
-34.813416 32.023029
4.282034 16.208548
-63.549957 -52.189945
49.387260 14.084599
21.023167 -62.567200
-44.916798 11.656914
-5.091087 -3.044904
27.131941 -29.957088
-42.129902 -35.915249
7.199477 62.156303
41.956272 -19.960789
-35.929474 -0.086305
51.166656 5.602352
-13.046057 -11.959904
-41.370396 19.359091
20.863644 26.458738
-15.087713 43.413212
37.950237 -30.895752
54.131458 -8.093128
-36.728489 -39.341110
22.416018 30.577921
41.439423 22.368279
-34.755501 23.836514
5.389194 10.918297
33.082035 -23.536268
7.308683 62.909698
-64.246193 -16.493660
9.202829 -43.938446
-34.686535 30.618647
-39.211674 5.862694
-22.916971 43.547337
-29.719915 -43.435257
-35.188507 30.862692
-26.479023 37.940670
-16.914392 -4.471251
-24.958849 50.629589
-32.164799 33.051285
8.093172 62.455860
2.863852 58.524799
-7.652559 50.651176
0.140315 12.782944
-0.682779 -3.967697
-0.394498 59.690800
-36.282452 -41.970661
-29.914370 -4.916584
-39.590210 3.217871
-29.113768 -5.751816
-37.999184 7.011185
-43.460354 -35.025276
-24.780827 -47.376312
-15.340203 -7.042566
-9.809878 -46.504406
13.979006 15.380533
38.942421 18.012669
-20.427212 34.190243
-32.184841 4.739393
-35.197674 13.601736
-32.326832 23.885979
-22.198664 -10.371104
-42.689312 45.335228
-51.674805 3.266389
-20.261551 -11.237793
15.224339 16.574781
11.673785 67.951050
22.316202 -62.300724
-64.375351 -51.586540
-34.404789 20.744486
-33.049763 3.009000
-65.454597 -16.319958
-12.591806 -49.544582
1.493271 -5.854602
14.420585 67.148735
58.892315 -14.220216
6.421763 -43.867355
49.035210 -0.812428
42.667610 -25.046730
-34.866993 -3.509224
7.393647 58.530674
40.705956 26.913412
9.760867 21.642338
40.043484 -27.926643
6.038948 -40.793777
3.119398 -47.962502
0.886826 -49.029491
1.837919 59.127003
3.959574 59.376499
11.563628 16.717140
-5.145791 -5.491601
-29.473482 -5.142127
-0.630294 58.228111
3.268314 -43.979668
-36.424522 0.712309
19.067476 -38.800247
45.282524 -13.355658
-62.217537 -18.430147
21.913885 -59.988972
50.277275 11.106549
16.042168 23.759071
-3.595039 72.337845
-0.848226 -1.122010
20.606745 -62.592163
-29.085634 -43.560127
0.140281 12.782981
39.538876 -20.685480
2.094573 7.467015
43.035095 26.375338
-12.373433 -47.747250
-34.248631 -0.567675
31.136953 -30.157759
-14.002206 47.757240
-33.045254 5.690112
-17.603140 -48.801899
-5.836110 54.899040
-23.972443 -8.559052
-35.197670 13.602072
-15.165313 48.399380
46.519695 15.669925
-6.962653 47.910351
6.332155 6.428826
-12.406812 60.074581
30.082537 30.514778
22.366764 -38.197262
-16.592245 41.525669
33.361805 -28.697479
35.287868 28.304703
6.407758 62.668526
2.011604 -10.205645
-30.382845 -41.300556
-15.425324 50.898632
-7.310633 54.606270
-28.631382 -45.169662
27.626743 -28.227108
21.320650 -63.285328
-0.604231 -44.741322
-64.504822 -16.760361
42.558765 22.079424
22.007015 24.456219
-6.705451 -0.192630
7.511742 7.583608
41.356609 34.829002
49.771439 3.302317
-21.756716 39.719524
-21.472830 40.229912
28.669697 -33.192867
-39.450840 9.447551
5.958858 -9.175806
-27.799541 40.680714
48.046673 14.827588
43.242310 14.029848
23.744051 23.583498
18.655857 27.471962
-18.462839 -47.251522
-58.254818 -22.442757
-28.121422 41.567295
1.529361 -1.690474
10.737596 -45.976162
9.065670 65.982666
-22.141466 45.188309
-45.087509 13.600222
7.069080 63.192791
-4.535775 54.003330
-42.855072 24.472048
17.095621 30.466459
17.733774 -38.292126
-1.709993 -6.916208
-10.222045 -6.999661
-21.254526 -49.796089
8.734917 67.011719
-1.312412 3.975832
46.374569 -14.654706
4.084955 -43.422863
-6.252820 -6.300092
6.004876 16.987154
-34.784801 -1.918071
9.379675 25.130367
22.081511 -61.842545
11.041177 -35.373795
54.646111 10.576856
47.492428 -15.471998
-2.758885 56.024998
-30.598013 -1.192078
-29.460663 37.339817
-8.680449 52.965679
17.916494 21.004902
-28.098919 47.671196
41.089470 -30.698669
-5.838346 -7.073506
11.691599 -37.338257
41.352596 -22.365028
40.819740 -30.200893
-10.769252 54.754578
3.830290 63.778584
48.071495 22.347973
11.822142 66.902611
29.501249 29.241571
-9.244969 53.284130
-12.406817 60.074593
-32.390560 -18.337980
-27.226542 -6.668221
32.173279 24.585724
9.704389 -1.472701
-12.931177 -5.812936
30.446547 37.302303
40.834896 -18.097563
4.834896 62.194836
-23.041937 44.526836
33.116539 -35.249683
50.343269 -4.899244
-42.932728 5.251274
9.664291 -43.689278
6.597926 -42.715626
-32.112198 31.442198
-33.939449 24.572819
-39.018925 18.355986
-42.645958 -35.903500
-37.303978 -39.326649
47.272793 6.125404
53.829041 -18.077637
9.030083 -50.408546
-40.216370 7.463051
50.067406 11.020292
-29.554871 -45.208275
15.432578 -43.064392
0.083583 58.622105
52.443958 17.021626
-7.827868 60.587975
14.193015 19.098700
-48.196308 -31.409454
12.975496 31.658150
43.427174 23.482449
-29.938217 -12.112584
9.343319 -2.345371
7.198868 -43.824432
8.734173 67.010757
-41.804646 1.559994
40.724884 -27.800758
-35.646313 18.008833
51.094620 -3.736098
-22.517883 -11.693298
-28.293695 -6.887186
-28.319159 37.918045
-66.528618 -14.658201
11.673777 67.950714
45.612183 30.935419
56.472393 -6.720924
15.359524 18.430254
22.034994 -61.806725
17.941130 29.847992
36.911591 30.833838
53.246902 5.776493
-30.317322 36.351498
0.363806 56.563160
-4.527269 72.473488
-6.962653 47.910141
41.903740 13.709510
-17.239073 -9.194098
48.870388 -21.940996
-23.628630 -15.826995
23.521008 -40.340042
3.343685 -44.807388
34.744881 28.894917
-18.111332 49.437725
3.610458 -44.103687
51.646877 4.413914
50.853653 -7.124297
15.650607 29.818609
-0.417371 1.909724
-40.397442 13.239950
-37.924355 14.589909
34.867432 -30.784796
0.742222 8.303955
35.972038 -25.184214
8.343115 64.324547
45.405136 31.516148
-33.328365 1.682006
22.900742 30.350658
41.289936 20.610220
30.376892 -29.098841
44.051178 25.627447
-22.441269 -46.749977
38.103333 -35.154789
38.104305 -35.154804
-1.914835 -45.633026
-3.666185 -17.840775
-37.386074 28.060503
-25.275867 41.930363
13.915519 22.189220
-23.778818 -3.017277
22.157400 -41.882370
24.660591 25.795654
30.082518 29.540520
32.397331 -35.666431
-12.799112 47.713348
-7.654483 53.432919
54.431190 10.534098
38.656448 -27.555397
-14.484821 -50.829208
24.712141 -36.394428
16.488533 21.985252
-35.376247 28.321655
-42.740158 17.401602
-32.390518 -18.337967
19.768225 26.124079
-2.978467 -7.151787
11.874057 15.217875
-20.656534 -6.581442
-41.240822 11.945754
30.379890 28.764774
-25.662100 -7.115258
35.359211 23.771963
-36.414791 -41.692467
4.225341 -43.263512
50.538601 0.191505
50.824329 -11.363358
1.532541 -3.916283
23.576174 -33.545551
13.516176 -44.497478
13.516285 -44.497799
-34.513241 29.180180
-63.382862 -18.006792
-46.375244 15.775235
23.624136 35.157845
-16.467146 45.132236
51.027077 -1.617238
-31.340164 -43.173737
28.392385 28.424509
37.599983 -33.274632
-17.904108 -11.481455
-32.823273 1.084970
4.562898 -50.439720
-33.329472 21.485605
-35.723969 26.317078
37.379738 -27.329515
-8.888582 -4.794756
45.316055 18.751013
-35.300724 -38.548721
45.405090 31.514330
-33.495037 29.064032
-33.103657 31.508682
-6.015954 52.754719
-15.237794 -49.567463
15.981106 13.623574
-26.960449 -2.006039
0.348278 59.152031
-3.382568 -9.400038
-44.080624 5.665677
-12.518933 55.201042
-14.930874 48.574669
3.062284 9.457427
-18.064226 -10.576048
15.295948 23.121651
-46.999481 10.820405
36.340740 -20.811907
18.151611 -39.463390
48.206451 15.013107
22.407982 -32.481461
33.370499 29.748880
2.955651 -40.809715
18.546854 -32.159100
-17.693981 -45.115265
16.526140 -38.127941
-14.648694 -14.864711
54.420414 -16.376188
36.712669 25.084993
-58.989914 -22.683212
-41.416946 33.397888
13.449131 20.061626
-46.105598 23.221807
15.146558 -34.143703
54.131390 -8.093157
-16.000198 -7.336103
4.392579 9.526950
10.264330 19.417759
-6.543898 57.244102
10.522228 -40.140091
-64.375351 -51.586540
-16.969481 38.653549
-6.654364 -41.973949
45.782471 -15.934281
55.908318 -3.351673
4.305204 -42.749065
37.345085 23.106932
14.773775 -45.405037
31.282475 -27.092638
55.472275 7.985703
13.987522 22.355026
45.908405 15.270110
34.793522 25.580528
14.933535 15.445423
35.925728 -25.589012
-22.860924 -43.500805
-9.409160 1.116843
54.304066 8.634602
8.557664 -50.580727
13.661758 66.886314
24.329344 -39.777737
-37.335835 25.046881
-38.804131 14.965898
52.105537 9.085493
-40.767559 -36.882019
12.362216 16.618536
-38.408089 -39.087593
-12.839126 -4.835773
-3.775000 -7.193039
2.011604 -10.205645
15.485883 19.732443
34.766537 -25.907070
13.971812 23.673414
27.874420 27.725473
28.819241 22.349102
-48.863056 -29.656864
-40.146080 5.382953
26.335356 34.964630
-26.497765 39.900005
-2.850769 -0.928631
31.025795 -28.358534
32.820732 25.758663
26.025208 -35.007732
-40.784218 12.946267
-19.109060 40.464996
29.237144 25.412653
-34.280109 33.985264
41.797798 27.469168
13.046749 20.917162
27.849262 26.129120
41.053860 25.754751
-21.722977 -7.548267
-57.981209 -21.147497
57.342052 -12.825924
-10.649045 -49.612263
19.652893 -41.989170
11.134952 20.180931
-6.161567 56.224182
26.907251 29.577955
42.010250 -19.835938
33.357555 25.836300
-30.973043 -10.554640
-32.390530 -18.337967
-2.989689 -48.202503
-63.035622 -18.879204
28.926371 24.252871
8.326314 20.453558
20.506556 -38.764557
-8.478681 -48.216587
27.483423 -35.676865
15.054858 22.844088
-18.672041 -15.231786
-42.042492 13.707310
-46.105938 23.223322
-42.577549 -6.182758
48.062687 2.447201
45.504269 -12.413434
46.077343 -11.669912
-15.548284 50.824348
-36.103642 23.291021
-0.380471 1.738935
46.526142 8.769049
15.250432 -39.936069
-27.311911 45.595234
4.435164 8.295753
52.610996 -20.481125
-7.595534 54.555065
41.686386 25.345474
33.176327 -30.485588
-37.293777 29.510395
44.706802 17.543312
-23.882750 45.092327
20.631807 22.215750
30.446487 37.302189
-44.196247 -36.373959
44.009666 27.262514
11.817860 67.063004
30.474380 24.153315
48.978817 -8.436875
36.893406 -19.853188
-49.721630 -29.450089
-14.835949 -14.886374
-38.416763 49.512985
30.446487 37.302189
-28.131599 -45.530708
-11.276403 -52.289532
-3.666185 -17.840775
-23.178564 42.414822
-39.519432 22.372726
24.432215 25.248722
-35.549156 25.248823
14.320379 -37.159756
-29.017797 -6.341726
53.983162 -13.837174
5.106878 -40.926720
49.544552 -9.581291
-37.579319 15.485696
-4.828524 -44.905766
-17.807638 -1.552002
-40.888741 22.449022
4.999576 -49.970390
42.474716 22.069424
41.354908 34.831890
-5.024487 49.722855
37.246403 27.646688
-35.167175 -10.122619
49.281685 -18.082676
52.835060 9.151155
49.305702 -10.619824
15.868961 -41.383514
-21.872776 42.792725
-46.192947 -32.210419
-31.429905 -12.387938
22.063137 26.804256
58.827011 -15.358430
8.765858 7.033922
-19.500889 45.146515
-18.853214 -46.581970
5.691858 64.242363
6.943722 -45.349586
-13.826983 -55.704865
47.781109 -2.000057
38.201820 -35.220974
46.194492 -3.430892
11.673777 67.950706
5.781119 -5.225488
-27.054203 -45.895424
-45.609840 17.826761
29.452013 23.529406
11.836449 -52.747360
-45.769436 -33.014343
11.836441 -52.747189
13.235314 19.499388
-0.800969 -44.284187
35.985863 27.148746
-27.204905 -46.950954
35.639038 27.983477
27.455803 27.171249
7.985741 -51.577660
34.937794 -32.134415
37.600914 -33.274597
12.991597 -44.603050
52.486916 14.963511
58.824890 -15.358194
-40.251793 9.764710
37.718288 -24.794706
49.633617 21.723419
3.281680 -49.066952
-65.298004 -52.219818
-41.069981 22.135254
47.510242 16.663679
-34.936676 21.441189
-7.108652 57.293324
9.048095 14.854569
-14.915854 -8.535201
12.230383 13.745177
-2.076847 0.002069
39.739517 16.280239
23.867895 19.318600
7.586112 -1.442681
-36.696991 -4.241059
-38.391228 20.118931
-38.391304 20.118872
26.438742 25.429197
19.581125 -36.656536
-29.525579 -3.373228
18.003502 27.589954
-34.750332 28.490044
37.742729 -27.172630
-36.876968 -43.023869
-4.600074 -45.433582
29.367340 27.730265
41.231224 -26.965467
-31.969725 37.702068
-7.666388 -46.406475
10.825227 13.149420
52.512844 -1.763665
53.099022 9.797583
-40.202740 5.010413
-13.649678 47.892769
45.518238 -22.622070
29.001339 26.055147
-31.918129 29.089977
38.992779 -24.845114
52.971302 -1.391675
11.040565 15.691623
-33.753498 28.948761
-41.189537 -36.147648
12.751995 17.596138
45.051476 -15.191725
-10.117942 50.495510
-28.962723 -0.839202
14.127748 67.602119
-33.657894 -41.631123
-43.019176 -34.778099
12.955949 -38.841351
21.820805 -63.314163
-25.208960 36.227154
-37.737789 5.130368
51.353027 23.094517
51.097740 -10.329392
-17.727978 -45.196690
-0.740519 51.050858
-63.549957 -52.189945
-33.678402 27.301908
58.704124 -4.383884
-22.750799 46.739571
50.666958 1.665749
18.948309 -34.794155
33.408714 27.837370
-62.217537 -18.430147
45.001717 -19.756243
47.829990 -27.166115
-5.452649 -9.435181
-38.416763 49.512985
-38.416763 49.512985
42.426365 21.409678
6.650057 -39.098850
-17.908014 -46.305771
18.216673 -37.859024
-2.709554 9.394457
-35.150726 36.031185
0.566207 57.908218
-63.058723 -17.840382
-33.579041 -41.728043
46.490051 -15.274665
8.926889 -41.907009
-19.626472 43.446522
-21.644997 50.959042
2.290691 57.414536
-26.117708 -46.532681
-30.245056 28.429512
52.761658 0.107671
7.711936 17.267708
7.103871 -2.850999
7.393620 58.531029
26.518570 -37.883091
-20.508972 -47.896305
-34.513233 -39.928989
46.412876 -22.334661
34.022385 -29.554735
52.528969 -16.930117
48.703300 -20.004208
39.766403 26.440456
-2.124812 59.835808
-23.132040 -6.588043
-8.787776 -1.252612
57.145481 -6.314714
-29.272657 34.225742
-30.680336 -4.407961
-24.958834 50.627102
-14.743546 50.160938
-30.472252 39.255981
42.958824 23.728565
-21.555864 -45.592937
-43.485149 5.397323
-8.333467 -50.224995
30.004614 30.416494
12.002810 22.270525
-39.106899 -39.022507
16.596605 24.948051
-31.398502 -11.112022
5.976145 11.572842
2.450884 7.847299
-24.555805 36.718845
-18.581432 47.416660
10.650811 65.999283
14.089823 19.917339
15.177044 -38.163834
-13.616944 -8.884419
18.914673 24.302172
-2.674589 59.517555
-11.883112 50.205303
-25.547544 -43.531906
19.120621 -37.073364
-15.608749 -8.815084
-39.328045 -37.728004
-7.128937 -3.860284
-38.645645 -38.409977
-25.864044 45.974121
15.705418 -42.080784
-46.339169 -33.656467
-4.513371 56.670364
6.090684 9.374505
6.851247 -51.906734
-3.234782 59.840004
-29.475040 34.851833
26.185289 -33.929466
-27.233238 37.756435
-23.988180 37.806580
-6.356071 -3.231334
28.486172 31.912348
10.960434 18.375710
-42.712055 26.534243
-32.480473 31.468031
-30.225010 -9.234924
-0.756284 -45.368679
3.267674 14.189791
51.722286 19.291496
22.857929 18.922297
-38.416763 49.512985
-15.303840 -8.794227
21.598007 -35.192486
5.614040 -43.148045
17.111546 20.252438
-28.836897 -13.690819
42.570404 -21.168211
-48.839851 -31.328733
-42.689312 45.335228
-33.471935 27.271040
31.907383 20.662540
52.948940 13.119175
16.195280 23.321007
23.722584 19.161995
-36.668987 27.887644
-0.979930 2.925696
49.263584 -13.553447
44.786694 -13.352976
-12.750182 -7.266170
-20.193106 -49.265659
-26.369938 -11.941290
-36.827610 28.987492
-22.750715 46.739536
-6.547041 3.270472
51.405418 23.059381
11.546142 29.296490
40.750988 21.684647
5.004497 -40.858688
56.714035 -1.617447
-29.259874 35.176003
-27.346119 -7.306327
46.632313 -13.030807
-26.109076 39.288040
-20.638256 -47.649429
52.861061 13.173916
-11.338713 -49.681023
-37.067066 -41.188789
-36.729805 7.262819
-32.080288 39.307297
16.544617 16.099588
25.828917 26.808210
50.052689 -8.018422
-37.384026 -2.874006
-41.507622 18.254055
47.432499 10.965461
52.974762 10.708144
7.760288 -4.071565
57.591141 -3.937055
3.860716 -39.240067
-4.342851 -45.782970
43.338520 -18.641439
48.808865 7.342950
26.947958 26.600536
39.278839 13.313511
11.505451 -51.836178
-2.709464 9.394460
10.165508 2.404335
-19.216074 47.235401
1.930902 -45.224121
-0.740519 51.050537
6.602977 -51.875912
-14.198462 -47.100830
-15.234645 -1.856495
46.673836 14.094577
-18.879192 -9.692945
-24.540396 36.961979
53.672802 6.669705
25.327248 29.704922
-42.964901 14.652190
1.778722 60.412544
-34.748211 -5.462354
7.417625 13.205952
47.418369 -14.353063
6.410218 14.929338
27.474335 33.217266
-44.804440 -0.791281
-34.801220 40.166824
-34.800991 40.166847
0.883205 17.056568
5.767767 9.965751
-21.117188 47.595455
3.370740 59.849110
3.235957 59.513756
-1.335228 -4.945372
38.268051 -29.165998
-2.915860 7.498432
-65.304489 -51.143879
54.014931 8.687265
-10.766658 -52.916092
-51.527176 3.218286
52.710865 -11.180079
57.539051 -8.330419
55.933022 -8.920148
29.032339 -34.566860
45.510735 -18.322126
-37.661987 25.860342
-9.571436 -45.007092
-38.228214 49.580765
4.008940 -45.100666
-42.689457 -35.940861
10.634013 62.747665
-42.336464 -36.784416
3.912024 5.467786
-33.607441 -38.996754
2.011604 -10.205644
-2.315440 2.162357
14.860474 19.616358
24.166681 19.403543
-26.077179 -42.208263
-65.298004 -52.219818
-32.021595 -41.443207
-18.060684 47.440140
-33.113174 21.821690
-61.605030 -19.546837
10.634015 62.747684
7.264880 -41.341988
50.243828 -17.066486
-48.765293 -30.296316
-46.564369 16.938583
-7.827962 60.587971
-3.666185 -17.840775
45.534058 23.932808
-26.807678 -47.564854
-2.659078 -44.770069
6.374404 5.897777
-5.146733 53.115356
42.757298 -33.946278
8.827739 65.054443
-38.146076 24.254896
45.384045 -25.321741
-22.522491 -12.565593
-6.725696 53.827011
-19.121149 48.158348
-0.019063 -1.975926
8.758558 25.324234
35.575432 31.259512
-37.187450 -38.632778
31.352465 20.518923
39.928326 16.210333
-7.336789 -50.354385
-27.680094 -11.973090
40.649673 -24.545055
44.920475 14.154337
-15.151895 48.548634
44.694729 21.698832
-6.528174 -5.646192
9.430856 18.342720
15.146661 -34.143883
-21.023201 45.250072
-13.197567 49.209805
8.155563 10.412253
33.980865 -35.738892
-12.062553 -11.670393
44.575577 -32.191589
-64.375351 -51.586540
13.661758 66.886314
51.335827 -13.935823
-46.823616 10.790846
-28.317207 43.945183
54.071163 14.350676
-38.863922 21.886246
-35.064438 6.565360
9.900867 3.499910
24.220032 19.391060
-42.689312 45.335228
-39.989922 17.515383
-21.383760 -45.963844
14.422303 67.150505
37.249470 -27.269989
47.534233 20.639374
-31.771549 -9.756096
-10.263279 53.507652
50.370152 -5.474207
-43.465893 11.550426
4.433344 10.008295
-15.240743 47.315578
7.695919 61.844193
31.105661 -31.865875
20.142830 -41.598137
7.017681 10.721598
-29.696980 -3.136019
-11.713952 -6.657387
2.729149 -2.942743
7.486869 63.513161
-38.047920 12.865262
47.960896 25.221626
-31.376186 -8.279323
46.669506 0.500713
-2.327408 -4.171931
26.091452 -33.661018
23.161095 25.662712
47.724850 19.360512
-9.808121 48.039097
-7.347068 1.758225
-25.303007 -1.875893
40.753422 -24.276402
-0.104570 56.402573
-24.855227 -46.207878
19.555099 -39.727863
-37.934052 24.430723
-7.426251 -48.746151
6.786570 13.305168
1.391266 -5.332244
35.456223 27.560959
39.999241 -21.609308
25.638069 29.197910
51.207565 -7.644916
52.298382 -2.030534
-40.074314 3.157031
24.790844 -32.361343
-12.051223 -7.126488
50.426132 0.740145
16.201027 -40.488445
-64.331566 -52.638500
38.401001 -26.109257
-33.712151 -40.615356
51.352135 -0.294774
-33.095043 5.393718
11.673786 67.951057
-41.352737 21.714064
53.589272 5.758716
-33.555504 4.082881
-34.044819 34.327667
52.958187 -18.523489
10.451096 -41.138210
1.974096 58.010239
-43.370800 24.369152
48.166351 -11.058252
38.779736 27.718416
8.658082 -51.895515
8.248211 -49.923527
43.433384 -28.270502
49.802235 -10.720800
-43.276291 19.114975
-31.805931 -4.556448
58.444118 13.293494
-26.077139 -42.208126
-21.923903 -45.785595
8.557879 -50.580860
25.615198 19.155207
-7.190214 -46.805275
-40.397457 13.239927
-38.416763 49.512985
-46.997078 10.820127
47.155182 17.398218
49.302223 13.392098
-25.154760 47.169964
4.715284 -49.965332
7.365479 -46.647495
7.365444 -46.647423
58.443401 13.293492
-26.077141 -42.208195
-16.485931 44.969475
7.023181 2.953962
-28.157824 -45.079403
13.801497 21.648678
14.839207 20.392113
-21.864027 37.796066
-0.740443 51.047344
36.031162 26.927208
46.372936 -19.037436
-34.808102 -1.254778
-4.321025 -4.231102
52.472393 -11.033319
-21.231655 -1.640019
45.958225 -9.993227
10.205543 -51.402668
3.756749 5.069322
-21.399355 -1.654849
35.353374 22.032183
-65.823837 -15.668337
7.019536 10.703217
42.339931 -21.196951
37.531857 25.490564
31.184217 24.061636
-30.882141 31.893208
-23.196341 50.262783
7.489586 -38.484585
-38.416763 49.512985
3.305735 58.193386
36.695042 -30.048286
18.891283 18.133453
-26.794834 41.384113
-3.813963 -4.504880
4.489255 61.185257
12.479418 -40.038578
5.584064 -44.184994
10.124145 -46.045929
-22.247375 -6.545240
-14.884271 52.769871
-63.058723 -17.840382
38.043419 22.508444
-38.202541 -38.971924
8.043093 8.889724
-13.669239 46.263523
40.983398 21.533400
-41.324383 19.202576
21.276611 23.404072
8.839490 12.244818
8.839678 12.244789
-23.201836 39.965462
18.903666 18.156883
-38.276653 22.005207
-25.352825 45.764339
-33.934723 10.055594
41.631046 17.014769
-37.967831 6.903490
53.496838 6.237732
47.003342 -18.180256
-39.235405 12.439837
24.704062 -38.274963
-13.420966 45.354458
58.443336 13.293492
-27.169661 44.161304
-4.733385 -2.939404
-5.726006 -7.281929
21.941568 -35.565113
-43.914047 -34.502655
-18.057821 -47.295448
6.631597 9.678508
-30.996908 35.323540
21.253006 -33.433437
1.689385 61.542759
40.803577 28.066040
50.623470 10.127671
43.380512 20.490765
22.316202 -62.300724
41.677597 -28.181740
-3.715160 72.565208
6.363518 3.670793
-36.246063 31.583542
-9.624125 48.216503
16.038088 18.230352
12.014702 -44.865761
30.158876 -28.987289
-14.474015 -9.346729
44.605392 15.655089
47.401642 -20.095675
27.926655 -31.179628
37.832428 -26.485796
-35.674721 29.738956
-29.013897 32.806549
14.127748 67.602119
-65.304489 -51.143879
46.243492 9.752456
12.067685 -41.265217
43.038700 24.871317
-43.763474 -32.975430
-11.416810 -4.586341
16.218689 22.586369
-17.510420 -6.809719
-38.884781 25.380980
-44.157936 6.574728
-41.044968 3.970000
51.655563 9.200778
-4.966057 57.178658
0.366735 8.306252
36.154659 20.636629
-15.300595 -46.426979
43.303913 20.376608
45.671249 -18.941242
-34.553875 26.275103
-27.565752 31.768627
-2.780833 -44.715664
-35.167133 -10.122619
31.436657 29.564644
-41.332203 -1.288596
-41.218452 -1.610201
-65.304489 -51.143879
-6.960586 50.776707
14.420585 67.148735
-4.560226 72.017197
58.441933 13.293490
-1.946248 3.027951
52.311306 11.490457
0.545816 -46.512489
16.101257 20.730431
38.910480 23.559391
-30.245138 28.429295
54.437767 1.596392
-14.596573 -50.786255
49.262894 -16.346487
23.574060 23.750978
-7.827912 60.588230
48.621078 6.274294
21.891512 -61.791225
-16.569357 -9.066293
-31.242796 30.950077
-5.251697 -42.087753
-13.140950 -54.270748
6.330636 63.665230
-17.485836 51.518429
48.295399 6.243619
-21.368620 -15.011879
16.888287 -37.331539
-1.262706 -14.628209
8.734900 67.011757
-28.122351 43.722992
-36.894176 14.615090
-38.416763 49.512985
40.448246 -27.590412
-24.161295 -49.650925
6.323761 9.312911
0.530834 2.348604
27.910385 30.783020
-1.446661 -9.444420
-18.019461 47.074749
-16.435926 -10.309607
49.679882 9.523391
16.657831 26.624636
-34.972416 -41.385559
4.527090 -41.797096
-18.230747 46.702278
-42.689312 45.335228
12.425988 21.867172
-23.791611 -6.198465
-0.269712 56.698906
47.494343 17.982735
-7.665309 -53.712807
-35.509785 30.835125
-37.546173 36.615326
20.862703 -63.120960
-19.335051 45.589188
7.887844 5.492055
-40.685833 11.540522
15.572899 24.258650
-32.334499 45.895863
46.874565 12.192954
-16.039368 -48.472839
45.738266 18.333378
-19.354692 43.741928
9.022306 7.632191
-7.220256 53.155247
-38.542698 24.443573
40.775810 32.737476
-35.072872 3.494014
-37.675610 -3.690716
-29.826414 -43.483654
48.306717 27.777477
-43.755585 -34.988010
29.437124 28.041653
54.376366 1.839316
46.356148 10.334389
-7.576385 -44.939285
-23.891462 -42.903866
36.370506 -31.694366
-35.318951 6.487196
53.474422 -2.462031
29.859100 22.958418
42.777534 -23.937923
-7.665259 -53.714493
-48.514877 -30.431625
38.436520 21.504871
-39.435692 26.851547
34.622669 -30.687233
6.640069 8.290186
-33.891613 10.003590
45.364971 10.297314
-39.751488 4.532768
-7.055002 -7.766565
10.926417 13.462631
9.902565 28.900265
-32.334652 45.895733
-21.616240 -44.794304
21.614927 -62.574738
-59.418026 -21.841454
26.735506 25.062109
49.811916 12.754364
3.697602 12.010184
-18.778070 44.432705
-16.987673 46.085743
-34.128510 36.341702
-33.201057 33.403992
11.673777 67.950775
8.459764 -0.676364
33.396053 -27.508627
-38.459225 14.088499
-38.812946 8.722570
1.441280 58.090542
-34.304581 -41.691647
-34.424713 -2.128410
-22.766338 39.606930
50.709282 4.047200
5.037099 -39.748783
-7.451506 1.751014
-24.855249 -46.206860
-32.216263 39.213440
-51.527176 3.218286
-23.596771 -15.839614
-10.842488 -51.424160
-43.929546 25.715178
-40.846668 7.633635
1.472325 61.500492
-12.195228 -2.214082
-6.054426 -51.345284
50.762306 8.462246
-17.775959 -5.774792
6.183637 -50.508743
42.563393 21.449627
-26.525721 -8.528826
9.992596 14.991038
4.399342 61.048153
50.801197 14.812674
-48.839851 -31.328733
-2.931273 8.984729
23.623432 35.157978
-31.129469 -5.763270
32.894951 -25.448498
21.447256 -61.755070
8.652220 13.767982
-63.542660 -51.328278
-39.597363 28.230944
-64.375351 -51.586540
5.269069 59.130211
28.719908 26.874935
-18.119291 -3.810143
3.799275 11.809517
46.872643 -4.955856
1.970508 53.666271
47.874760 10.780336
7.346867 14.335948
23.002317 -32.723202
31.760006 29.669764
-28.473160 -44.088734
-47.543964 -31.184393
-7.665243 -53.711334
50.490742 -3.221905
-4.886868 -45.207092
-35.713276 3.292631
-6.347202 -46.177044
-26.656658 42.471996
20.486246 -35.565083
53.569946 -3.848194
37.177029 -22.394835
-58.571198 -21.995640
32.287170 -29.681458
-8.932993 -9.905051
-37.004375 2.844572
3.776210 62.630253
-0.626663 61.437138
-37.019985 2.988523
37.678360 27.007978
51.697941 -20.648363
5.958928 -9.175849
-10.514376 -8.412821
-30.377508 41.341202
45.175648 12.947513
0.610051 2.811501
-30.508940 32.532497
33.853714 -31.251120
-33.530907 30.128616
40.002174 29.408930
47.273033 6.125321
-25.120695 -6.335380
51.423172 -2.963784
26.261639 28.228336
16.034576 28.226048
43.558296 -33.615379
8.862023 63.485737
6.639655 2.221943
-24.175867 33.463356
-24.175867 33.463356
-22.366083 -5.174315
-39.374573 3.344430
36.403763 22.428881
-22.860865 -43.500889
-63.542660 -51.328278
-64.600906 -50.631104
13.496473 13.695488
25.408770 -38.167706
-23.864876 -6.409205
-9.060704 -54.476475
-31.476534 -11.378862
13.362692 -41.157845
-11.710090 -8.679280
34.047928 -27.571529
28.527390 22.079849
1.970508 53.666271
38.789028 -19.080832
19.318726 29.876102
-42.850842 -37.916065
-32.390560 -18.337980
-4.236414 72.686234
-33.505699 36.354565
-33.505295 36.354378
14.079433 24.668583
48.307827 -13.070568
47.290657 -8.206742
-25.464489 41.977947
45.104809 13.489268
-23.586237 44.639832
44.786251 4.217280
-15.115798 -46.231312
-7.607667 55.771317
-10.011013 -49.485641
28.704039 -32.364040
8.296400 16.482475
-12.306773 -50.726368
-22.327576 -46.255943
40.269855 21.264872
17.274483 29.218731
11.458298 14.413984
-34.720337 2.556805
-63.542660 -51.328278
-28.567711 0.707383
-21.890078 43.747929
2.104582 61.860065
-42.175335 -34.657894
14.165198 -42.883877
10.634009 62.747528
4.133999 10.493551
-32.390514 -18.337961
-12.694631 -11.991208
45.404964 31.515789
45.873409 21.655968
22.375963 -62.662006
18.624464 16.123114
-27.053932 39.924698
-36.089748 1.344361
-4.164399 -0.669383
-34.801220 40.166824
10.890587 -50.190552
-32.032581 33.706268
-19.086760 -48.470619
-38.416763 49.512985
-30.498093 -12.878578
-42.689312 45.335228
-3.833682 72.660339
-38.419476 -40.335781
52.057281 8.154394
41.883240 18.438456
-18.244799 44.648239
13.661758 66.886314
32.895161 -25.448322
-40.618206 -13.048658
45.165382 -16.026705
-4.555006 72.393806
9.768643 -48.297215
18.179873 23.475660
10.224612 12.259645
5.554994 -45.436584
-9.983073 -51.247181
-35.930283 27.384348
-15.272088 -50.243313
26.038774 19.507477
21.820805 -63.314163
-39.402718 7.117733
-65.698601 -15.901218
-43.137180 15.632194
48.473061 -17.762699
14.831005 -40.315781
-0.046619 -7.465186
-0.760616 4.075675
51.680115 -3.151808
-59.554218 -21.665762
47.075619 18.406706
-42.689312 45.335228
-3.602476 -49.914230
30.454628 -33.294846
3.830275 63.778450
-65.298004 -52.219818
