13.955283 6.040509
-5.046630 53.788059
-4.448052 -13.016257
27.722002 32.967354
-7.156562 57.405979
-1.646186 -10.785010
-9.246468 8.215301
-20.559525 -0.430651
6.221407 -2.835872
-0.125588 16.505934
-19.516479 -23.707140
-20.560341 -0.431690
4.439893 -5.576738
32.092842 -23.923174
-14.971186 -15.827893
11.606629 -1.958457
-14.971186 -15.827893
1.794578 -4.778307
27.816473 -15.309629
-9.719207 8.436205
32.512409 -1.448752
8.496569 0.723929
8.551600 -4.476477
10.112128 -7.324426
-29.523748 -8.853317
-24.964739 -20.025068
6.529437 1.086221
26.311636 -24.076653
-28.347591 -41.265369
-5.071290 -14.666080
7.477477 -5.644663
-8.666154 -38.697891
16.711924 -50.190102
-15.955549 -5.952648
-8.666154 -38.697891
16.661064 0.461683
32.102161 -1.404754
11.537247 -11.385214
0.133116 -10.558007
3.395599 -7.336944
-7.649251 -5.163535
-5.188709 -26.552090
-5.209348 58.419376
9.523587 6.942915
30.581465 32.795712
-2.228709 -12.431726
-17.348822 -13.913415
-5.046630 53.788059
5.700493 -11.703351
25.757154 0.333939
-47.667961 -1.135997
31.886938 36.353176
26.228418 31.401894
-5.661720 56.262207
-5.166230 -23.722765
27.141283 -22.240326
-45.261036 -2.956796
10.919388 -21.710066
-0.599213 -16.033829
-28.449905 -41.107616
7.238357 -20.924723
25.401829 -10.851759
-5.046630 53.788059
5.209384 -12.906236
-6.479406 60.721481
-47.027847 0.237109
31.832224 -18.333118
-5.929586 0.323902
11.365736 -15.670884
14.837449 -10.442196
19.913319 -18.889076
-6.245552 58.150505
-46.854427 -2.455605
-18.255104 7.556617
16.842501 15.268779
-31.248459 -17.486965
-29.700968 -6.036180
-7.834433 -5.151905
16.586777 -5.915249
-26.986998 -7.008500
40.271103 -8.778405
-13.861287 -2.223749
-3.129841 -38.583332
10.405416 8.805033
-25.779026 -6.283803
16.649616 8.972175
-6.479406 60.721481
-1.778119 -11.493631
-21.125561 -1.418490
-21.035276 4.137063
-5.046630 53.788059
19.343533 -4.717727
-1.853372 60.084187
7.338197 6.885457
-4.314160 63.415810
9.634488 -29.565641
38.074551 -8.440464
-5.262652 -4.083737
2.351430 -10.477175
-2.586723 -6.772040
-30.587671 -8.761463
-3.073849 55.905083
3.050633 -17.268633
-2.141060 16.752625
15.175707 -12.838495
20.139147 -9.572856
-4.850056 6.451932
16.097256 -49.644974
-16.925291 8.044101
-48.575993 -2.771123
-22.097612 -0.105600
-27.522165 -41.525826
25.166658 -17.592947
13.137547 -21.254261
1.961933 -15.008317
16.250755 -31.459824
-1.480260 -35.959255
-10.911572 17.826885
-17.052866 -24.372612
2.012821 2.898741
-47.975739 -1.476377
17.947821 -19.618923
-7.507389 10.565476
-7.444901 22.289804
4.461596 7.642857
-12.149861 1.900414
20.150120 -19.612106
-1.496458 -35.969124
-0.084343 56.910080
-5.633337 12.639606
-28.098726 -3.298646
-24.857025 1.674956
32.268669 -17.797642
-27.549173 -40.221996
6.856863 -2.017869
-0.191799 4.457212
-3.915837 58.094772
16.434195 -50.419117
14.050760 -13.877547
19.204567 10.539576
-28.355608 -3.872380
3.829224 3.918611
9.064305 -1.541718
-10.351796 -4.652918
-5.264986 57.677658
16.097256 -49.644974
-16.598162 4.152331
-3.752353 0.648233
-6.559278 57.273949
-6.570996 -14.675539
-9.719197 8.436207
29.211445 35.652428
-46.915985 -2.773717
-3.616750 -7.413897
21.615210 5.060591
-28.616932 -40.522293
15.669147 -7.836693
-5.046630 53.788059
-30.330078 -8.362732
-14.531187 1.262161
-3.922071 -1.535745
1.674427 -12.249812
-1.370171 0.638501
-24.832031 -2.648467
15.083672 -7.265142
-5.046630 53.788059
-24.964481 -20.025013
21.140182 -6.825433
2.494830 2.901268
-21.633043 1.628374
18.720598 13.544662
-6.711674 -42.062565
-0.084343 56.910080
-21.091888 -12.596420
15.344257 -9.414253
28.791218 34.123520
24.674818 -18.008041
-5.046630 53.788059
16.032167 -50.330082
-21.035192 4.138744
-20.389233 -13.261724
-6.588764 -0.603793
21.650011 -4.476719
-11.237494 -2.756715
-10.529691 8.013424
-0.600489 -14.982733
17.199991 -2.264177
0.896335 -15.929619
-4.730697 -16.655146
-0.368766 -18.605572
16.734194 -26.933762
19.938320 -15.683937
7.915072 -16.707165
22.432028 -4.953753
-3.180634 -17.641817
0.094534 -13.404008
16.646942 -49.741367
-6.559278 57.273949
-11.139099 -17.128775
-6.536266 20.932589
-6.536192 20.932531
18.920725 -17.083410
-5.837721 58.255875
5.703322 -14.753716
-20.226053 -5.182170
-5.046630 53.788059
-12.962043 -0.886573
13.236068 -9.518578
8.809296 -19.247101
-19.506300 0.115381
-3.331801 -7.650455
9.163948 10.018291
32.252140 -18.099085
18.560371 -18.160210
-6.479406 60.721481
-1.357533 -19.418192
-6.479406 60.721481
16.170675 17.645773
-5.046630 53.788059
-47.855415 -4.289630
21.403173 -23.104269
-5.046630 53.788059
-23.469774 14.502200
30.247473 -16.893887
-27.964363 -40.872826
-27.522165 -41.525826
-47.677223 -3.654933
-6.479406 60.721481
0.232849 -11.737125
-0.855242 -15.162683
-4.116562 -0.012965
-21.644920 1.626186
-21.638798 1.628014
-24.857107 1.674933
-24.005323 -19.791914
-4.014606 -18.637941
4.426517 5.294708
-1.853372 60.084187
22.997746 -2.156709
19.019123 -19.438385
-20.259842 -23.683189
-6.479406 60.721481
27.893206 -16.842712
6.755477 19.917175
15.516646 -1.211802
28.499466 -20.147734
6.755477 19.917175
-5.046630 53.788059
22.473492 18.603777
31.887917 -17.482927
-17.669292 -13.759756
-3.661474 57.368568
-6.424083 57.997169
-3.670000 56.110874
21.634626 16.863749
30.538418 -25.908205
-8.616806 19.353437
-16.362848 -20.060532
-8.218720 -21.548738
27.410021 -10.522212
-48.138855 0.091728
-26.976919 -41.250523
15.881338 -50.054817
7.672454 -17.422607
-28.205305 -41.402126
7.802843 -26.112423
12.431915 -3.321287
5.016448 -24.233551
-3.596640 56.647190
-7.817341 9.511966
10.854671 4.300559
26.014259 -6.527225
28.750210 -3.375906
-4.283437 57.004169
-25.710930 -6.827661
-5.237685 57.249481
27.247051 -18.532187
-10.488861 5.013841
-15.338646 -10.050814
-9.025296 -19.237276
-5.717474 12.492083
0.059904 -4.412718
-24.488306 2.683389
2.023673 -13.570648
-21.562515 -1.016166
-5.058289 56.356071
7.960148 -35.694279
-4.217278 58.387360
4.001758 4.844523
-6.536192 20.932539
15.471688 -17.723475
-5.046630 53.788059
8.484026 9.383316
-8.079133 7.497921
23.000393 15.189911
22.013460 17.154076
28.783783 32.059395
-28.757324 17.694307
-31.209375 -0.332415
-8.609133 -1.047114
-2.808735 -10.851435
-8.309919 9.353542
25.561739 -11.619831
-2.155006 -0.352791
-2.141060 16.752604
16.915068 -16.835697
18.040257 -1.049290
-1.846374 20.333084
7.431468 -22.858860
28.562223 36.502205
10.700442 12.733700
16.925289 8.899141
-0.396560 12.745397
-0.396547 12.745398
5.223553 -1.647739
-0.068111 -5.059281
-6.711674 -42.062565
-14.739230 -9.886086
-5.046630 53.788059
15.152519 -24.685104
19.337170 -19.781342
10.339350 -2.123540
-4.442450 -17.912750
-0.816565 -19.530807
-5.385298 -1.730088
-5.961074 9.237817
27.003750 32.790009
32.020088 -18.299875
20.232832 -21.294594
-10.655936 -7.489149
-27.922518 -40.419456
-1.357422 -36.126991
-3.182813 1.512120
-46.545265 -1.978963
-8.232857 11.370904
-1.853372 60.084187
21.883499 -16.887945
-0.084343 56.910080
-10.243899 -31.312994
2.073208 -23.572817
32.772461 -27.555061
11.647550 -7.258202
-9.719163 8.436092
-9.883924 58.033363
-25.073679 -9.051013
-3.158637 -0.858282
-6.479406 60.721481
-5.046630 53.788059
-5.046630 53.788059
19.861639 -29.505913
11.392700 -27.397169
9.960054 -2.336428
13.606632 -4.792183
-5.046630 53.788059
-24.932215 -18.025526
-15.108114 -15.273458
-5.046630 53.788059
27.252804 37.755512
-6.068568 -29.986166
15.610127 -13.586988
10.080037 -19.783245
16.657343 -10.988831
19.949150 -14.818042
26.755764 -21.140642
26.221502 -19.352631
-45.792099 -2.790859
21.495825 -15.231931
1.477885 4.847997
24.098497 -11.722456
-9.719178 8.436156
-4.679878 -0.110742
-6.282297 -9.758470
-48.644947 -1.469326
-26.651571 -14.137467
26.480991 33.612064
-3.670000 56.110874
8.700285 -0.491517
31.816860 -18.334814
11.086408 -10.243286
22.514627 -9.734797
26.488813 34.367199
-8.224373 7.659641
-2.178247 -8.031926
-7.008696 -2.181689
-24.857103 1.674943
24.817696 -20.267744
-20.559235 -0.430203
-2.847428 8.897156
7.915075 -16.707108
19.241053 7.826109
17.458967 -24.322304
-3.291091 57.809124
-3.411319 -17.749582
5.647425 -3.623274
-12.515227 -35.074722
-48.143974 -2.666119
-24.838474 18.391241
-6.892575 -5.801479
-9.114922 -11.983828
-28.381166 -6.225103
-2.444247 -9.882682
0.137445 13.082892
-8.457541 13.743566
-4.520204 58.617825
9.158500 -14.041573
10.910906 -0.351001
-22.630789 -10.443714
-5.425403 -12.035270
19.048775 -16.010653
-7.447822 6.991970
-8.034988 6.881330
-5.046630 53.788059
-5.046630 53.788059
-16.964006 -29.276814
5.856860 -28.990532
-4.109982 -14.677607
-0.352814 -24.450573
-5.046630 53.788059
-5.046630 53.788059
25.174383 -17.643631
-17.313009 17.207209
-0.803263 -12.746626
20.268135 -9.785307
-5.046630 53.788059
31.971230 -27.267477
-6.454391 -42.202129
18.570866 -15.654677
16.412287 4.110100
19.877323 0.947800
11.523952 4.185608
7.254884 5.314166
-0.303425 -18.129345
9.841937 23.566055
36.011299 -0.030081
-17.348822 -13.913415
31.533115 -18.158978
-6.479406 60.721481
32.114231 -17.582811
-25.231598 18.420824
-6.479406 60.721481
-9.443373 -17.109110
23.269173 -15.471983
-6.117477 2.005268
4.085565 6.499989
-5.046630 53.788059
23.000393 15.189911
4.608360 11.036973
7.157029 -4.503494
3.499097 -4.920861
4.299376 -6.995270
18.490898 0.010256
-21.242289 -8.679437
-46.161011 -2.525877
-20.262602 1.925134
14.813781 -3.524930
-28.570086 -40.901943
24.115171 6.235415
-5.046630 53.788059
-2.290207 -6.850835
29.402349 32.534977
36.011261 -0.030007
1.892404 -15.039273
18.925739 -19.390572
16.940754 11.759983
11.989914 15.124880
-21.855909 -14.763680
-21.855909 -14.763680
-24.570625 3.445445
9.320783 -7.561328
-47.398720 -4.311564
12.201191 -6.814208
-1.853372 60.084187
8.899028 -12.800437
-20.259317 -23.683371
16.729967 4.092068
22.263605 13.192725
6.810313 -16.095146
-6.332430 -24.328882
13.859054 -4.915102
1.124651 -17.893967
-3.074028 -10.570921
24.592384 -23.875370
-16.535721 -4.002185
-47.046173 -3.606845
-24.964495 -20.025009
1.192795 -39.721512
-14.413009 9.409657
7.011970 -20.661943
-6.479406 60.721481
31.929100 -11.159241
2.805397 -1.919301
-5.046630 53.788059
-2.201054 -5.202459
9.478813 -8.491955
1.488457 -10.208055
-6.536239 20.932577
-12.650356 -8.300283
24.796839 -21.190678
33.171783 -3.665310
-1.479018 -35.958408
24.229252 -17.006435
7.782481 -5.557489
3.362851 -29.740705
-21.305611 -19.836956
-14.088728 9.423509
-0.697846 -1.559019
-5.046630 53.788059
6.038235 -13.738542
-10.501897 -0.128945
-16.176874 -2.118559
-5.737474 56.750423
-10.501895 -0.128945
18.942509 19.398958
-3.378218 -13.857103
-3.647126 58.049500
27.533823 34.705845
-3.032481 56.144875
1.261121 -19.501270
-5.847247 56.479279
-5.175775 57.051479
-45.832150 -1.056919
-3.129794 -38.583355
-3.059417 57.332737
11.762041 -5.840383
-6.542655 56.814861
32.258881 -27.005188
22.331926 -16.166664
32.093136 -23.923174
-1.001037 -22.748968
18.667007 -23.127155
-14.537989 13.698629
20.211466 -6.816042
30.372570 -18.444845
6.690155 -3.343936
12.704017 -1.764131
5.346986 -6.343884
6.083271 -21.153658
14.094466 6.285814
9.038066 4.356644
-49.104977 -1.989225
-5.889907 4.085947
4.042394 3.175901
2.845234 15.794291
-7.117623 56.573437
6.393730 -19.847803
-9.941268 7.464283
30.212044 35.708706
-4.142007 56.242897
-10.735723 -6.495790
-9.946051 -23.264631
-4.207279 56.252041
1.878626 -5.204259
-48.068493 -3.049568
-7.391910 56.161552
-11.220954 -2.835490
-21.106483 15.436554
-24.617296 18.638014
13.408454 -16.557211
-9.983998 2.757155
-3.129023 -38.583927
4.690626 8.170527
-45.143742 -1.578113
-3.790386 -19.107773
3.023878 -29.547581
24.817713 -20.267792
2.293816 -9.237681
-6.284330 16.433941
-25.231598 18.420824
7.731821 -22.203003
31.997805 -27.622019
11.423635 -23.260267
-11.119290 -20.036793
22.499950 -9.759606
-2.926202 56.627010
7.349768 -9.095545
-48.463722 -0.070631
-30.587645 -8.761420
-3.589603 58.021713
-27.066179 -39.755146
-10.424853 55.197372
3.302323 -5.940686
32.359104 -20.695541
1.192795 -39.721512
-18.769037 -5.646192
0.179936 0.208527
0.566764 -0.288811
17.456444 -12.514134
4.054000 -5.014100
-24.676775 7.657559
14.050122 -16.678265
1.654313 -0.008281
3.683052 -12.428810
2.535217 -8.986404
-5.046630 53.788059
16.242760 -50.427647
-5.046630 53.788059
0.627636 9.880990
-6.140305 2.412065
20.921879 -3.452099
3.782345 -12.808262
-15.923259 -10.387056
-7.205580 -9.215506
40.270710 -8.778297
-15.923259 -10.387056
-6.479406 60.721481
-5.554394 -9.225780
32.093109 -23.923105
29.231312 -7.094064
22.539547 -21.009943
1.904843 -1.628191
9.226276 5.672436
7.255218 -20.297817
-17.215536 1.939682
-6.479406 60.721481
-6.479406 60.721481
6.533613 -3.741690
30.212044 35.708706
-31.209551 -0.332417
18.720589 13.544621
-3.512238 -2.874950
-6.620331 -21.197256
2.447276 -4.663215
-27.922518 -40.419456
11.456126 -14.707966
-15.905232 -7.296737
0.135818 -6.629686
-7.347658 20.307472
-15.193997 -3.522046
-39.640022 -4.335946
6.770615 -4.813521
-10.449929 18.226027
18.113039 7.412194
18.112972 7.412158
29.791231 35.080570
26.851110 -4.709804
-31.248280 -17.486940
-6.397098 -41.924835
-5.737781 11.752728
-5.046630 53.788059
18.828041 -11.305819
36.011211 -0.030083
-28.645247 -40.449482
5.296791 -1.912467
-6.367079 7.855033
29.230692 -7.094149
-9.283907 0.304051
-24.832083 -2.648649
-10.798583 -23.636209
15.878425 -50.036911
-7.794065 -0.434580
-7.794067 -0.434692
11.982715 -32.066219
-1.329498 -28.012314
2.559350 1.223258
-6.278076 6.028292
-1.853372 60.084187
-6.382984 -11.003096
0.338150 -14.613484
-6.523632 -41.878059
1.995131 -11.343988
-16.107723 -17.658239
-14.494238 13.348568
-27.266945 -40.385376
2.651118 -26.234858
-1.853372 60.084187
23.042509 -15.005763
29.392612 32.071598
-1.853372 60.084187
28.677523 32.716049
-21.470831 -12.121683
8.288973 -1.007758
-26.471952 13.493413
4.393326 4.866824
-0.855701 -13.009846
14.550148 7.340432
21.151318 -22.134310
0.267860 3.366380
3.020395 -3.404122
-11.640985 -12.950447
2.163891 -7.204642
25.557756 9.924987
-14.964683 -3.503114
31.628849 -18.250727
-5.046630 53.788059
16.646942 -49.741367
5.538340 -4.435099
-7.074278 -28.553667
-2.612173 15.189959
15.407898 -18.944899
-5.046630 53.788059
1.844338 -6.548826
5.868252 -5.245850
-5.046630 53.788059
-6.700687 -7.673754
21.130703 -14.496664
-17.348820 -13.913416
-5.046630 53.788059
-5.046630 53.788059
-5.046630 53.788059
-1.341963 -36.083530
3.177495 4.255941
-5.211580 -9.492197
-5.046630 53.788059
-15.450714 6.021163
-30.986078 -17.834797
-3.830952 -23.903944
4.118784 -1.161402
-5.046630 53.788059
24.115103 6.235416
26.860718 -20.713068
-5.046630 53.788059
-5.046630 53.788059
31.937590 -27.415701
4.823713 -9.151480
-28.359056 -6.575863
-6.409263 56.085342
-1.467174 -8.693517
-0.773575 -22.726372
10.717089 12.869287
27.451027 35.277988
-1.965330 -4.275939
-2.031859 -4.288770
20.947845 -0.431323
25.757172 0.333939
-10.424853 55.197372
13.359859 2.933626
-3.609357 56.817032
-22.106867 -6.171616
-24.857105 1.674933
1.572937 -0.013030
-6.200913 7.913415
7.494934 15.550873
12.042612 -10.553171
11.563012 -11.013597
10.675468 -10.075372
10.553984 -9.951934
22.660261 -20.515221
21.403343 -23.104273
-49.503380 -3.037595
-30.587940 -8.761449
-4.477257 57.809784
-27.355301 -41.038052
-6.284104 1.189222
20.506201 -12.755993
1.443871 -1.482863
-7.666965 1.297997
-23.079609 -0.449864
32.364346 -27.842541
-9.603916 -4.878786
15.014740 -20.161390
-14.831150 14.190431
-21.034540 4.137240
14.869418 11.614217
-27.588638 -39.504463
-25.267771 -1.641959
9.090848 -2.158630
-21.210997 15.544696
4.884087 -7.137523
-6.536193 20.932520
16.382513 -2.225597
5.971917 -4.950393
16.801746 -2.390157
7.815643 -26.091656
-12.985151 -17.315533
6.930298 -13.615346
-5.264986 57.677658
27.161051 36.008961
-46.737572 -0.428475
10.246868 -5.644742
-4.784233 58.572796
-4.005622 58.407364
-16.636158 4.135282
-3.926640 57.462749
-27.258307 -6.915292
21.959713 17.473455
21.568436 17.657444
-27.323063 -39.647247
26.232370 -18.822840
16.648273 -3.499060
32.770798 -27.561361
-1.340482 -31.981136
-1.346574 -36.101521
13.296462 -14.842908
-27.945024 -9.023336
-1.039976 -3.828707
-17.196180 -1.484322
28.231413 -19.712633
2.983014 5.505348
1.723145 21.758694
-1.338824 -20.879782
-9.719083 8.435797
-11.893802 -4.114775
-46.196583 -0.057994
-3.155969 0.370228
-25.376314 19.029987
-6.984488 -13.764868
-24.989515 19.216200
-5.175775 57.051479
-5.776322 57.550503
-6.311102 -5.613378
-4.508766 8.817812
-7.306674 -3.863219
-18.625851 -2.019165
-18.901257 -0.577015
-6.238786 18.277773
-7.509598 2.469538
-5.586503 -5.057883
-8.349112 -10.728395
32.941402 -17.214754
-5.362573 -25.015600
22.997362 -20.209476
-7.032678 55.836395
-2.727227 -19.839729
10.616062 -26.215357
-21.593870 9.092526
-8.035391 6.881316
13.436084 -15.245367
-5.046630 53.788059
10.728478 0.022733
5.356289 -16.493317
17.163788 -20.962296
3.608226 7.946064
10.979735 -3.467335
-2.486183 -16.566778
-15.569905 -12.956102
-1.013901 -9.954867
-13.084109 -24.684397
-24.676777 7.657559
-5.046630 53.788059
11.962804 15.112085
8.194777 -0.257617
-8.038498 6.382342
-24.761187 19.122808
-27.654301 -40.958015
29.329933 34.739727
-5.046630 53.788059
-22.770952 -2.230776
-2.912672 9.400088
28.568037 34.436192
-3.965668 -9.926619
-13.108131 -21.909010
-6.479406 60.721481
-4.297008 4.127910
-8.302782 10.442019
32.005291 -27.195650
1.153998 -7.739750
9.785248 -0.623888
3.210073 -20.899960
-6.385283 -41.937302
-22.838953 -14.442768
-6.479406 60.721481
14.141521 -24.994678
-8.554028 -8.637541
-3.724506 0.222616
-46.213188 -2.968485
8.491201 10.637265
-24.914320 -22.841818
-17.348820 -13.913416
-9.879387 9.264852
-26.619926 -40.496986
5.560383 6.154859
17.154520 1.969647
-3.582990 -0.942028
-19.047564 -0.779958
15.526385 -14.322474
27.649555 -9.244218
23.688623 -1.952383
-7.898126 -3.387080
-6.479406 60.721481
1.448038 -23.405542
-0.456739 16.572456
9.783116 -3.885014
28.488201 -20.215595
32.256073 -17.833992
28.103792 3.914066
-5.046630 53.788059
-13.515464 -14.130511
28.694389 33.771427
-30.349646 5.604589
-5.046630 53.788059
-5.046630 53.788059
26.311823 -24.076962
3.378953 -10.393755
7.411633 -4.486712
-19.896854 2.088804
21.403561 -23.104298
4.566155 12.601692
27.956144 -17.272709
5.161425 -6.352304
-10.614939 11.887127
-5.046630 53.788059
10.906481 -8.010312
-10.234383 -31.325722
-5.046630 53.788059
15.507632 -4.983468
-28.596077 -40.283028
-5.046630 53.788059
-26.916937 -7.504558
30.964682 34.322880
-47.386711 0.237056
10.988624 1.878347
11.818842 -1.788938
-19.570860 -3.266733
11.611685 -27.363121
-6.266353 18.166468
-1.393301 0.576875
7.133725 -10.434478
28.783783 32.059395
6.235791 -1.130213
3.444737 -11.697702
3.464706 3.423000
-49.627670 -2.519872
29.751190 -16.597269
-47.839100 0.252951
19.214886 -15.762879
23.973398 -27.953436
9.584407 -18.418915
-1.853372 60.084187
-3.628971 -21.496927
-9.236527 -9.833818
36.011322 -0.030075
-24.676779 7.657559
11.138680 -17.250931
23.650562 2.313187
0.788973 7.723260
-0.443483 -8.371941
27.678217 -8.743642
-6.479406 60.721481
-9.883924 58.033363
-9.883924 58.033363
6.540266 0.120053
22.912096 -14.589103
-21.617626 8.923643
4.031288 -14.746680
16.097256 -49.644974
6.920258 -13.563735
16.170700 17.645693
4.469038 -2.492016
3.706240 4.076282
4.364798 2.714715
-24.651463 18.995937
-11.154952 -22.894026
1.728034 -18.294018
-8.923628 -16.291872
8.947448 -10.555243
27.185688 34.949028
32.512608 -1.448860
-0.084343 56.910080
22.325529 -22.675262
-6.107059 0.670868
25.088566 -20.489809
-9.883924 58.033363
-49.236523 -3.393585
3.648449 3.820410
-3.129752 -38.583450
-5.046630 53.788059
4.001724 4.844359
-14.090572 12.898911
25.757172 0.333939
-28.229185 -6.063933
19.713158 -9.848314
28.496233 33.571911
-5.046630 53.788059
3.889552 2.645169
-5.046630 53.788059
-20.262457 1.924994
11.293958 -8.385531
-6.823554 10.576947
-24.970234 18.358130
-3.004691 3.365188
18.239746 -7.488159
-8.636417 10.325394
-6.388735 -13.619730
18.749891 -4.598203
17.454126 -4.107620
-5.046630 53.788059
16.391865 -49.570393
19.372240 -14.191125
-27.241638 -39.679226
-5.046630 53.788059
-25.247761 19.155807
-30.587652 -8.761471
2.676636 -7.532425
8.312063 -9.080894
21.090799 -20.491863
-5.046630 53.788059
-6.086903 -13.644852
-0.603047 -11.939871
21.264496 -18.742428
-27.847958 -40.833485
15.129501 -27.395088
15.200547 -27.394941
7.024123 9.555510
1.574450 1.526041
5.736662 -11.738268
-20.559299 -0.430663
11.140133 -3.812120
-5.046630 53.788059
32.665035 -27.090162
5.959440 -5.467878
4.928609 -4.866278
-3.569591 0.809180
19.658787 -14.986439
30.401237 -6.679903
-6.232752 -29.633270
-45.056412 -2.016094
-20.559269 -0.431486
-6.703350 -41.988571
11.907279 6.384091
4.215494 -22.804941
-8.232856 11.370903
31.988979 -27.606209
-1.356328 -36.128956
23.363550 -18.484802
21.246956 17.385685
-17.557404 7.793755
31.929096 -11.159243
-24.937323 19.210167
-23.345631 -13.969613
-4.462902 -3.138003
5.978279 16.732872
7.234604 -7.451420
-6.376476 -41.951698
-5.283221 -4.133539
11.692594 -9.958487
26.668245 -17.140614
10.289149 -20.247063
31.449045 -17.846395
-13.441398 -27.346985
0.570729 -6.014920
-48.962566 -3.713073
-48.263638 -2.314193
25.426435 -17.153488
-21.589970 5.394382
31.999023 -18.301033
-24.914057 -22.841806
6.044652 4.394006
-3.129495 -38.584473
2.474867 -6.924608
1.358312 5.805652
-3.129303 -38.584557
12.768027 -16.332426
-6.424083 57.997169
17.276184 -9.862782
-19.213991 -2.965512
-19.417070 -1.315901
-6.620374 -21.197960
27.181833 33.468361
-6.016585 21.235546
4.292108 -0.903843
-12.962045 -0.886573
-5.172127 6.641036
-4.515278 56.460030
-21.361046 18.035101
-4.937657 -11.596081
-10.713342 -23.259375
-28.948025 -10.807737
24.104990 -18.381329
14.276907 -11.169374
-2.764085 -40.268452
-6.043252 57.135868
-4.538473 7.907452
-10.668551 -8.709996
12.715851 -10.236362
-2.024796 -15.587636
-21.034302 4.137002
-8.726686 -15.697886
-6.536239 20.932577
19.929930 -19.738153
-12.756897 -34.790066
-30.587717 -8.761438
-6.417769 1.695767
-24.857056 1.674624
7.217429 -23.425829
7.474239 -0.844262
7.124315 -12.079923
-21.071198 -2.871270
-9.887938 -7.592556
-4.801847 57.553417
-25.923389 -38.248997
-8.016948 -19.078056
-1.883084 20.392504
3.552544 10.949086
0.044396 3.774127
20.154766 15.989314
8.319113 2.142895
26.311647 -24.076628
-6.741736 9.758679
20.686956 -20.877653
-8.443149 13.926529
32.188507 -27.796368
0.631889 -26.849695
1.299564 -19.748281
10.008439 -7.931592
6.750209 -1.824963
-6.857006 -6.494697
3.726366 -2.713518
16.658388 -15.920808
-6.043252 57.135868
-17.265486 -11.678285
36.011299 -0.030081
15.295377 -19.487797
27.773216 -15.563724
-13.372256 -27.284451
-48.589127 -4.008397
-3.073849 55.905083
1.723145 21.758694
-14.318912 -12.421558
9.952330 1.059923
-4.661405 -10.495466
-4.039658 57.114246
1.363033 -1.352453
3.893056 -20.388330
-9.399496 -12.866499
3.789913 -7.885703
-46.199360 -1.762772
-3.019768 57.080627
-3.502649 -8.505115
23.136597 -17.373863
14.321156 4.911843
23.848097 -1.762578
-21.629284 1.625597
19.145277 -8.691305
20.350573 -19.209820
11.487768 -1.889983
6.764662 16.167976
4.971523 -0.374024
-24.617340 18.637886
-5.046630 53.788059
-25.445997 18.780598
-5.046630 53.788059
-8.671496 -11.314457
4.332358 -7.083110
-18.340336 0.613635
-1.403541 0.685762
6.663765 -7.244984
-3.130019 -38.583775
19.230995 -16.165348
-7.494909 9.040603
-5.046630 53.788059
2.766903 -4.036212
-47.860817 -1.709718
19.204657 10.539582
32.252140 -18.099085
32.354061 -20.402050
0.564318 -13.533153
9.403066 -19.228344
13.137549 -21.254271
-7.238427 9.832726
-3.289844 -8.715812
32.140789 -27.062290
-11.940509 -12.692057
-21.034700 4.137466
-0.445399 12.810884
-24.617340 18.637886
-17.894928 -24.354155
-3.128381 10.076545
-23.810835 -35.048862
3.818518 -15.896464
-31.209810 -0.332416
11.366542 -10.989013
20.100191 2.132888
-12.515071 -35.074543
21.403122 -23.104151
24.432751 -18.851957
-6.479406 60.721481
0.857872 13.652018
-5.958425 10.492887
-6.479406 60.721481
-6.479406 60.721481
14.435242 14.329974
-2.039184 -36.773083
17.998476 12.841894
7.466897 -3.757306
-21.630001 1.629502
5.873569 9.627128
-3.980044 5.270523
-47.016788 -0.633393
-20.560152 -0.430016
11.222168 -17.372839
-6.479406 60.721481
-50.253033 0.445675
-26.963596 -10.050766
31.839869 -17.475061
-47.624077 -0.825936
-20.560606 -0.429901
-46.656696 -3.308572
-14.575578 3.300912
9.069044 10.170977
-2.736183 -15.213156
-6.479406 60.721481
-18.354246 -19.193007
-6.479406 60.721481
-6.928112 -18.736380
-6.479406 60.721481
-5.046630 53.788059
3.739016 -17.227142
-10.669188 -10.884492
23.973352 -27.952507
-5.046630 53.788059
-1.853372 60.084187
2.990506 3.001456
9.634465 -29.564541
18.333504 -17.206345
-8.545225 4.134382
8.673392 -12.440664
10.114782 -3.668638
-18.123734 -5.385943
-17.348829 -13.913421
-11.768033 -26.026205
-10.759929 -17.190922
-5.166245 7.489883
-2.267743 -25.062958
1.723149 21.758663
-24.970243 18.358130
-3.129668 -38.583565
-5.046630 53.788059
-7.139954 -3.800228
-18.726803 -6.817482
-7.531777 -9.819114
32.132698 -17.601969
-20.237970 -5.309367
-47.724228 -2.062246
12.274199 -10.574525
-31.209375 -0.332415
-1.997719 -39.098232
10.700469 12.733692
-46.468506 -2.378970
0.557577 -17.812325
-29.291759 -8.733701
17.276472 -9.862789
10.083003 -15.481674
-5.046630 53.788059
8.915265 8.530088
32.665035 -27.090162
-17.991367 7.594345
26.439991 -18.267557
-1.507492 -35.978996
12.233669 -8.438405
20.019020 -16.401957
8.489503 -0.205164
-18.862442 20.381195
-0.709300 6.568853
-25.342781 18.513868
-5.046630 53.788059
-5.520243 -1.922126
-2.635158 -18.432362
8.321434 11.976059
32.595673 -27.779448
-7.059237 21.596197
-6.479406 60.721481
32.264622 -18.038727
-21.636663 1.627459
3.009497 -26.307499
3.009500 -26.307467
11.294328 -8.386003
19.052258 19.325577
5.559609 -9.979120
23.392836 -7.014591
21.129473 -25.476849
-21.242317 -8.679997
-9.130863 -26.399921
-1.333033 -14.479566
20.257454 -18.059872
-11.119298 -20.035992
-1.078897 -6.979877
-1.853372 60.084187
7.562852 -2.571517
11.511394 -5.324629
0.031276 -9.104152
-2.505812 -2.273304
6.479106 -6.770360
21.619370 16.863758
28.103493 3.914066
27.831820 33.809830
-49.352329 -0.890183
-6.479406 60.721481
-6.545105 -21.428804
-1.853372 60.084187
-15.540416 -21.222464
31.582960 -17.574585
-14.863159 2.293226
-11.196903 -8.098762
-21.631992 1.628191
29.316753 34.305363
-28.362238 -4.818495
-1.853372 60.084187
-5.707705 8.699961
-6.479406 60.721481
10.906776 -8.009651
36.011299 -0.030081
16.073847 -50.362579
10.906625 -8.009760
19.587421 -24.346193
36.011211 -0.030083
-1.343457 -36.087681
-27.661932 -39.595093
-16.362825 -20.060905
-2.228253 -12.534615
21.314974 -19.552563
-0.084343 56.910080
-9.382828 -4.430769
29.831352 32.229836
-9.097868 -5.426301
8.826283 2.754125
-9.883924 58.033363
-27.221312 -41.459263
-18.078833 -4.201276
-23.164013 3.090967
-45.450573 -0.714570
6.344162 -28.920790
-9.883924 58.033363
-21.034969 4.138538
-46.569084 0.134800
16.344252 -8.050392
3.129465 -17.085144
6.566286 -14.570559
-9.883924 58.033363
-31.248280 -17.486940
-1.853372 60.084187
-17.798405 -5.573274
-26.652113 -14.137464
-5.046630 53.788059
-16.629074 -10.505911
29.587296 33.190044
-15.923210 -10.386984
13.946910 -2.568497
1.992410 1.671860
-5.046630 53.788059
-0.118883 -10.609777
-5.046630 53.788059
-5.046630 53.788059
21.324760 -4.361500
16.097256 -49.644974
-1.411654 -3.811279
4.189780 7.837787
29.230673 -7.094088
-7.184186 7.655413
16.045399 9.053566
7.254927 5.314166
5.572545 -13.423073
-5.046630 53.788059
-17.026939 -0.422709
-18.449844 7.386623
22.027531 17.333693
-18.549397 -8.342112
12.031260 -5.165908
-3.069442 -2.803874
29.779556 37.891563
20.949663 -19.055395
-5.446336 -23.843184
4.049159 11.082053
7.001025 -32.824043
-3.086492 -32.644264
-20.389584 4.837442
24.225079 -14.774577
-17.031729 1.043028
-14.492412 -0.853986
-30.587914 -8.760936
-47.334766 -1.645137
-5.046630 53.788059
-12.917741 -4.112997
25.089371 35.357349
12.992145 -3.320521
-5.046630 53.788059
-5.046630 53.788059
-5.046630 53.788059
-9.203112 -14.951760
-10.575404 -25.462379
0.869824 -21.664560
-9.413005 -14.933014
10.906771 -8.009672
7.001033 -32.823868
-5.046630 53.788059
-12.787398 -19.374304
-13.020407 -21.871620
21.959713 17.473455
0.594550 -26.627544
8.728651 -35.571491
-21.345392 -18.452896
-6.855598 -41.141724
22.722431 -22.371164
-9.552992 -12.810843
9.877283 0.717548
31.669802 -18.281504
-5.651936 56.257320
27.482862 35.923939
-6.877801 -3.533085
-47.205063 -2.969121
-10.424853 55.197372
-48.177639 -4.095986
8.037696 -3.427608
-4.220255 -6.247325
20.697594 -16.075127
17.784039 4.899192
-22.971422 19.845245
-47.491642 -2.971056
-21.389730 -0.294795
16.170586 17.645716
-1.348375 -36.104843
4.139194 -3.963092
-21.631062 1.628670
-2.161713 -8.885329
-5.399436 56.289433
-9.115354 -7.203187
-4.715070 19.876781
-28.757196 17.694288
20.317606 -10.029746
-39.506096 -4.366963
7.770093 15.305819
-5.380387 9.501490
25.130775 -21.784643
-12.867456 4.387971
-30.188936 -5.306325
14.326750 4.994849
-14.689418 18.712557
-1.201366 8.102810
-48.983612 -1.510947
8.211663 -1.592767
24.778517 -15.400530
-48.470325 -2.056411
-15.953101 -7.457126
-24.964481 -20.025013
-3.129695 -38.583290
-9.475925 -17.186178
-1.348414 -36.105957
2.387842 -14.203483
-1.496524 -35.971107
6.261543 1.215760
1.876291 14.516251
-5.338674 -16.435759
-24.488310 2.683389
-24.964678 -20.025068
-47.018749 -1.127058
-17.348822 -13.913415
-7.126624 55.827465
7.486888 6.374874
22.539846 -21.009989
2.001136 -32.481377
1.755443 -5.715206
-24.856995 1.674869
-31.248459 -17.486965
4.039111 -20.414772
-4.466544 57.265213
9.710366 -1.235712
-9.271414 -13.267568
3.611150 -6.013958
-5.209348 58.419376
-3.085088 5.378011
-7.315804 56.987694
2.415331 10.603712
13.617497 -1.312675
-6.676018 58.004295
-5.837721 58.255875
3.271492 -18.947897
0.705868 -4.239691
-5.931761 3.671113
-18.544880 -2.436633
27.546881 33.957291
29.231443 -7.094165
5.348808 3.406277
7.415923 -15.145489
4.801754 -3.560848
-45.842789 -3.539603
-1.546179 -36.026253
31.017721 34.784100
-6.404341 9.143397
-21.637297 1.626636
26.217905 -13.055701
6.409221 -28.889441
-18.458574 -2.281462
4.553959 -7.732621
1.751215 -3.374020
3.362617 -2.714622
-3.170054 57.549446
8.809932 -17.382116
-10.738705 -10.827421
10.747662 1.588302
5.361848 12.633071
-3.576029 56.042542
-6.438406 11.165417
27.883144 34.619637
-2.141060 16.752604
31.815039 -17.481695
21.403675 -23.104191
25.765266 -16.885620
-14.764956 1.103437
-16.080503 -10.201411
-7.117623 56.573437
-30.349674 5.604589
22.539658 -21.010044
-3.698848 -12.236700
15.199121 2.196851
0.508224 1.833175
-6.408598 -42.182941
-7.007555 57.791576
-12.844873 -5.299544
1.732646 -32.644180
-47.327446 -0.351157
-2.017325 -0.914862
16.097256 -49.644974
7.390135 -1.400471
-2.235405 -15.321654
22.528275 5.301320
28.562223 36.502205
-13.127283 -11.868846
9.692678 -1.463735
-15.888376 1.707944
22.250809 -8.049703
-25.073788 -9.051102
-15.661639 -8.602211
21.963350 -18.026897
-24.673380 0.973514
-5.716002 57.667480
8.363556 -7.172965
1.630156 -23.507856
-2.638069 -2.497759
-2.865275 1.628660
-4.514089 56.476521
-25.885155 -41.947842
7.960641 -35.694519
-25.073364 -9.051261
-3.466638 -5.354022
-4.130072 -34.836803
10.797034 -8.426776
-7.315804 56.987694
-11.429729 -12.766100
11.178497 -7.751657
40.271065 -8.778579
27.093441 -13.224117
-11.949823 1.826600
-5.194965 -23.763174
-18.354342 -19.193008
6.735181 -4.345123
19.593279 -21.899046
-48.870167 -2.246413
3.124681 -10.109337
-5.061676 58.433624
11.143619 6.369947
-4.770696 57.061684
29.231419 -7.094149
-27.940962 -39.648426
-3.739039 57.011936
-3.173532 11.823374
36.011322 -0.030075
-46.521057 -1.046661
9.860776 10.668158
-24.667776 19.020304
31.554399 -17.613487
24.778103 -14.148226
-8.488578 -21.508589
-5.602742 -3.215047
16.711924 -50.190102
12.814769 8.820652
-0.516477 9.452256
-6.576221 -12.610912
-1.092854 -17.730759
1.681989 -14.633738
16.238453 -21.363373
-26.471975 13.493407
-25.778980 -6.283801
-5.201217 -13.503037
-25.641441 -6.633365
0.525160 -17.747747
-5.046630 53.788059
9.509930 6.858619
-3.509224 -5.160567
-5.518104 13.653081
-18.578588 -16.475527
-5.046630 53.788059
-5.046630 53.788059
-5.353874 -11.417207
3.362844 -29.740664
-14.575680 18.611885
-11.554338 -12.735589
-17.477493 2.906350
-5.574754 20.425701
6.411759 1.055585
0.160169 0.303253
-18.503410 -8.839059
27.181833 33.468361
18.113199 -7.398139
16.852655 -47.102917
-5.046630 53.788059
17.361553 -22.593067
-19.957073 5.456961
7.771562 -11.736512
32.093086 -23.923140
-5.046630 53.788059
-1.516346 -35.991344
19.745293 -24.060932
-9.286775 -2.360316
-49.044437 -0.542672
7.770094 15.305820
6.169177 4.440285
-18.535030 4.179452
14.081153 -27.525791
-12.110724 -6.931728
-1.236632 -22.712582
4.447093 12.975879
-6.803186 -35.950928
30.040998 34.177399
-8.035007 6.881249
-26.963594 -10.050800
36.011368 -0.030073
2.673769 -13.815504
-19.144917 -23.736599
16.192329 -13.168038
0.327218 -36.083668
-2.133328 -4.506283
7.915254 -16.706987
-4.914701 -17.639456
-1.171589 2.421416
4.203044 -18.809034
-20.260374 -1.907468
7.220115 -7.736070
0.968646 -13.562414
9.439850 -4.461257
-18.555817 -22.359400
3.102447 5.339503
-6.479406 60.721481
-1.238752 -24.996925
-11.580504 -26.150131
29.667009 36.256401
2.311679 8.004277
9.441869 -6.363094
-49.567017 -1.260285
-13.095948 -11.245735
14.178644 -22.799822
-11.117757 -25.997793
28.609890 35.798725
-14.261009 18.304077
-5.760829 -18.000015
-8.497566 14.856380
-47.681919 -2.337184
-48.245094 -1.024358
-5.654568 7.296648
-28.545946 -40.124184
-24.857351 1.674853
15.878426 -50.036915
27.797808 35.472439
36.196846 1.015931
17.454716 -18.199209
-1.238965 -24.996897
-10.668398 -10.616384
-45.783497 -0.366849
-25.445869 18.775969
29.230616 -7.093794
7.646462 -11.883395
30.382959 -20.914921
17.782879 -15.429829
16.646942 -49.741367
29.609388 -11.638297
-5.046630 53.788059
16.073847 -50.362579
11.294263 -8.385914
17.006069 -18.220337
-5.046630 53.788059
1.020950 -12.528639
3.193253 -2.008518
-24.857307 1.674897
26.126272 -22.552740
27.766916 -22.701672
26.853868 -20.304731
-5.046630 53.788059
0.691541 -26.426315
27.571142 32.259254
32.176941 -27.793646
21.319603 17.017317
1.192794 -39.721561
23.000393 15.189896
4.698579 -5.776038
6.237864 0.073606
-30.281555 -5.241346
-22.167406 -3.557482
-5.046630 53.788059
22.156799 -20.145990
29.956381 -0.721240
20.817081 -6.772778
-7.669193 3.006720
21.246956 17.385685
-15.483163 6.094204
-3.609460 -9.556804
-6.711674 -42.062565
18.475208 4.225611
16.434244 -50.419102
16.646942 -49.741367
-1.944352 -34.874340
26.630606 -9.076140
-5.046630 53.788059
-5.046630 53.788059
-2.365140 -4.218928
25.075491 -15.450257
27.484991 -22.346519
-5.046630 53.788059
21.845335 -22.187088
16.711924 -50.190102
23.761015 -15.035463
16.125362 -31.447159
-26.980669 -7.024120
-5.941761 5.697309
28.118473 -22.826199
-5.046630 53.788059
-5.046630 53.788059
-0.712287 -2.527553
1.089439 -9.715176
3.421383 -9.012845
-5.046630 53.788059
-6.470217 -17.381962
-12.431888 -4.973760
-0.961782 6.027564
1.680632 -8.271059
24.390020 -19.734356
-46.270237 -1.201838
-10.446851 5.065951
-7.507349 10.565504
-45.744461 -1.494599
10.886933 2.102588
18.506208 -18.440998
9.182499 -1.755385
-6.479406 60.721481
-6.479406 60.721481
26.862583 35.626457
-26.721300 -40.881592
-10.539951 4.998945
-17.797510 -2.822253
18.942303 -20.975981
4.202259 -2.198848
-20.559109 -0.430685
0.641511 -17.177462
-1.853372 60.084187
-12.304943 -8.788372
13.020686 -19.108927
36.011211 -0.030083
-4.491112 -34.469330
7.658194 -36.069157
-6.711674 -42.062565
16.207291 -27.085760
28.791906 33.023724
-1.853372 60.084187
-6.479406 60.721481
29.231455 -7.094166
-17.974562 2.139287
29.259834 33.710167
-17.974861 2.139287
13.848432 -13.928981
-1.987857 2.766679
-21.917974 0.873363
-20.559141 -0.430106
32.766357 -27.235279
2.154813 -11.201401
-9.137097 -24.236015
1.339643 -18.059864
-0.578085 12.532901
-10.511749 -7.223226
4.477428 -11.077000
31.444988 -17.874571
4.008276 -9.987895
-4.045836 -9.795397
-9.907757 2.532842
1.523249 -3.446862
-1.853372 60.084187
-12.853573 -17.256144
29.230728 -7.093832
28.354811 35.730347
-0.516593 -34.323761
-1.853372 60.084187
-14.338247 2.917820
-22.176615 2.503859
-3.889333 8.005521
22.181173 -16.420845
8.472426 1.014265
-6.479406 60.721481
0.491393 -5.797773
-25.073711 -9.051042
-8.324393 -8.366426
-1.480260 -35.959255
-1.451380 -27.647758
-1.853372 60.084187
-25.786251 -11.629272
3.515175 -4.236870
-1.346342 2.577081
-0.119838 -33.783329
32.663227 -27.725256
24.307638 -4.325138
-1.238752 -24.996925
-25.130274 4.019180
10.482042 11.117349
-6.863012 -18.941368
28.119478 32.342155
-28.377066 -39.841587
26.310667 -24.076078
-8.931598 -1.330535
-0.084343 56.910080
31.998960 -17.512524
-9.883924 58.033363
-0.084343 56.910080
-25.247921 19.155699
1.440203 -7.590055
-0.084343 56.910080
7.045568 -2.867283
28.187510 35.354988
2.637374 10.696213
18.475279 4.225626
19.861649 -29.505865
-48.761765 -0.988004
7.915064 -16.707180
11.507554 -27.340763
19.240913 7.826167
-46.252983 -0.616206
7.619028 -0.447469
2.887012 -0.399864
-2.022063 -28.806875
10.002910 -1.598573
4.726166 -3.220049
-5.533558 -18.153105
27.428236 -9.986938
29.231367 -7.094051
1.835195 -13.314288
19.413061 -4.793995
-6.479406 60.721481
-9.883924 58.033363
-1.375439 -4.931858
1.144096 -25.405396
18.982580 -11.503742
-0.324501 -11.836677
28.109785 31.977379
-45.891087 -2.078002
14.397988 -11.381069
-5.046630 53.788059
-27.906885 -41.506718
-5.001489 2.507413
-18.342678 -0.432419
40.270683 -8.778087
-4.596686 -17.494118
-5.413200 -1.434486
-12.540304 -4.986411
29.816133 -11.103335
12.010900 -14.727859
26.310658 -24.074606
24.743656 -21.267410
-21.653046 1.624904
16.711924 -50.190102
-24.163923 -0.708366
27.069000 34.200264
-27.960052 -39.655392
0.508664 -4.341222
32.492138 33.449261
4.869565 3.210852
36.011211 -0.030083
2.107135 -8.964944
-10.807800 8.955288
-4.320860 12.684752
-6.068275 -29.986492
-24.838474 18.391241
18.750441 -21.863358
32.796715 -27.298475
0.377262 -36.059727
-49.736271 -2.088395
6.018984 -14.303689
-2.750834 14.605810
-16.841248 -10.981976
40.271065 -8.778579
40.270489 -8.778122
-3.939183 -6.012730
2.328031 1.298247
-17.328995 17.270794
3.688751 0.827015
4.445792 2.488717
40.271122 -8.778672
8.212605 -6.175746
-8.273098 -3.249199
-21.034801 4.136096
6.021887 7.351707
21.315058 -19.552935
4.799939 -13.163769
-20.974928 -27.465216
-46.451653 -3.189497
-27.434376 -40.288193
-4.223506 2.753189
-7.706041 -17.892611
27.485634 -22.346464
3.426924 -12.081008
28.104025 3.914065
-6.559214 -42.226192
-16.375889 -17.398552
-5.046630 53.788059
-6.655363 -19.876123
-4.925139 -14.160729
26.311857 -24.074528
12.428988 1.371891
-5.046630 53.788059
10.029876 18.306339
-5.463502 -7.253130
-5.046630 53.788059
-5.046630 53.788059
-8.879425 -15.476086
11.106548 2.666105
-5.046630 53.788059
-5.046630 53.788059
28.221468 -6.948855
-10.648340 -14.904961
20.408634 -12.986220
2.604718 -9.662577
-5.046630 53.788059
-45.539001 -2.206363
-5.344061 -19.667662
-5.046630 53.788059
22.526062 1.170382
32.093075 -23.923264
0.561962 -3.050831
29.230001 -7.093759
1.192794 -39.721561
-4.142007 56.242897
-25.001730 19.216436
20.100191 2.132879
-30.349674 5.604589
-48.381039 -3.465737
13.717759 -15.469602
-6.410825 -41.913521
11.854843 2.138097
-4.500198 0.242750
-0.885561 -17.901997
-4.354511 -13.036356
11.474861 -23.127218
11.474899 -23.127062
11.297596 0.974369
-25.366287 2.674390
-49.656784 -1.647893
-2.141060 16.752604
-10.424853 55.197372
-8.963971 -5.590805
-1.275032 2.876634
-6.711674 -42.062565
23.595509 2.268937
16.646942 -49.741367
-10.024598 2.411640
-5.058351 56.356071
16.613472 -3.562734
0.431126 -1.927488
-11.220954 -2.835490
-13.500573 -14.242308
3.100549 -21.241821
23.525221 -9.787094
0.098496 -7.236684
19.149624 -11.511132
-6.154443 56.157429
-6.953095 55.875511
5.258199 -7.616295
-15.444728 0.975976
-5.468288 9.575341
4.357875 -3.291758
11.075007 -13.907701
-2.384022 -19.717075
-0.709452 -13.598241
8.677229 -4.162042
2.349008 18.037222
2.348994 18.037220
-10.155175 -11.300483
-4.458643 56.975441
-5.671361 56.998737
-48.765636 -0.299151
-3.909114 -15.496212
29.117289 33.279243
-7.459123 10.422679
8.191215 -0.727226
29.950239 32.914993
25.565689 -24.741852
27.162104 34.404888
21.634626 16.863749
-18.770775 -7.158262
28.000536 33.600975
28.178793 32.823280
24.115171 6.235415
6.341644 1.995867
12.892404 1.179342
-26.741686 -40.106689
-3.518108 -21.698549
-9.719092 8.435837
-21.855909 -14.763680
-21.855909 -14.763680
14.119417 -16.679646
19.892118 -22.335072
21.735867 -21.739620
32.364346 -27.842541
22.844057 -13.594498
1.810792 -5.718681
10.942246 -13.693089
25.757154 0.333939
-3.644845 -13.769499
-5.601589 58.303875
-16.114777 1.912469
-3.910194 -14.096908
22.325293 -22.675812
11.907279 6.384091
-1.210889 -5.791727
-30.349667 5.604589
29.296101 32.880508
-30.349709 5.604589
5.140016 -15.003182
10.662271 -4.503174
30.260773 34.637997
18.195961 4.457438
-17.104458 -4.124661
-25.657513 -20.009489
4.470155 -11.098720
21.015537 -14.299410
25.503839 -11.920151
-10.644340 -28.116476
-45.483154 -3.381909
25.089371 35.357349
12.138468 -0.437060
28.622137 34.461201
18.720486 13.544682
8.650146 11.525750
9.887579 -19.713800
28.036245 34.972019
-27.692162 -6.683315
8.980707 -2.925726
-26.976919 -41.250523
-26.721300 -40.881592
-25.357010 19.054787
-7.012521 -16.091274
-5.299119 56.647045
3.068351 -16.381516
-11.504454 -15.349781
-0.710435 -7.445900
12.440618 -19.627941
4.150908 -22.784410
7.743667 -1.080346
-2.957180 56.715828
9.943760 -10.736704
12.049353 -10.300915
2.574654 -8.026483
-1.523498 -6.138703
-16.349367 -3.831402
26.311644 -24.076626
20.541515 -2.739540
29.583757 35.474720
-3.111620 5.340966
18.815752 -21.888330
12.859694 -7.915029
-26.238092 -10.524558
-14.121654 1.284252
-6.547461 56.768139
-47.198227 -1.215817
14.356382 14.360861
6.033637 -15.880133
-3.128612 -38.583855
1.670875 -2.704566
-4.477257 57.809784
7.897273 15.258858
3.509948 -8.910323
-4.836466 56.344337
-25.820652 16.687302
-21.633509 1.627676
0.245404 -2.905915
-21.651171 1.625829
-9.291954 -1.986108
-2.136636 -8.550848
14.404236 -7.689640
-21.034882 4.137696
1.679305 3.064003
30.144917 33.252129
-4.565341 58.633919
-6.390714 11.303749
-4.690115 11.258420
29.804089 33.804771
27.859499 36.417038
6.060703 -4.346473
30.027435 36.234634
0.206027 -7.282421
7.011963 -20.661943
12.046333 10.685850
20.202288 -2.317972
5.452792 -2.577654
30.769926 33.393261
-7.069992 57.681587
-3.051944 45.717976
-17.961349 12.162161
30.206915 34.896313
2.999335 0.013437
-9.382099 -1.743703
32.229927 -18.144855
15.721114 -17.815683
-17.961180 12.162914
29.066969 -20.663881
15.880467 -50.048668
7.960669 -35.694824
9.794658 1.768647
14.961567 -7.380970
29.837523 34.389828
-7.052030 5.919786
-6.408598 -42.182941
36.011299 -0.030081
3.476956 -22.016090
0.196714 -8.134765
27.925924 36.124897
22.011614 17.151487
-6.397098 -41.924835
1.147231 -28.378025
-18.451666 -8.643813
-6.592133 56.023090
30.494270 34.086449
19.351753 7.768304
31.557835 -17.609175
-12.888065 -5.473075
-0.172991 -6.187477
21.568436 17.657444
-4.836466 56.344337
22.666414 -21.364553
32.606403 -27.771383
-25.445997 18.780598
-48.698330 -3.069553
16.400848 -19.111813
-6.169359 56.390820
3.568703 20.151669
-1.325222 -10.530612
32.005291 -27.195650
-6.226247 56.162636
-7.529294 -9.930460
-5.961118 57.484562
-9.039849 -24.079624
0.368575 3.345007
3.235467 -0.791184
-10.424853 55.197372
-28.377066 -39.841587
-4.155601 -21.225498
21.829735 16.932550
30.782404 35.085907
14.912849 -28.523935
-7.685602 -10.455659
-10.614965 18.104706
25.327377 -8.052878
-30.349705 5.604589
-9.226257 -7.307206
7.620688 7.353898
4.825788 14.979160
-5.046630 53.788059
-14.630495 -5.003917
17.162025 -6.578410
8.202494 -2.828111
-15.029828 -0.652122
-21.631952 1.629012
14.141987 -47.770378
-0.111365 -14.475181
10.237423 -9.601533
8.121892 -8.931742
16.434244 -50.419102
25.250580 -23.795738
13.991282 -25.089148
-5.046630 53.788059
9.836781 -3.600102
3.242576 11.355575
11.372597 -11.210757
21.761789 17.640333
27.309261 32.569908
21.829735 16.932550
-5.046630 53.788059
-5.046630 53.788059
-3.574296 1.789849
2.755618 -6.616791
16.852655 -47.103127
-9.919461 -24.348772
7.281875 -5.109025
1.147231 -28.378025
-24.617340 18.637886
17.559525 -24.304470
-31.248459 -17.486965
33.171738 -3.665260
7.794541 2.923137
20.423126 -22.984617
2.724418 -6.058313
-11.455720 -15.313666
29.231455 -7.094166
26.767845 -4.588943
-7.082622 -1.860948
-27.187643 -40.738140
9.760929 24.577641
-9.772563 -24.336723
6.332989 9.296843
6.586298 -8.194738
26.125740 -22.552692
19.701576 7.382801
-5.046630 53.788059
11.619062 -14.693762
-5.046630 53.788059
-5.046630 53.788059
-5.046630 53.788059
23.626366 -18.332722
-5.046630 53.788059
-5.046630 53.788059
5.569896 11.726226
-0.611740 7.412025
0.647027 -9.421107
1.147231 -28.378025
3.569952 -7.790834
-6.479406 60.721481
4.843275 -6.252259
32.813652 -27.389032
0.669618 -0.795784
31.041845 33.962776
-5.854475 -5.684819
-1.603761 -3.381865
7.388029 -0.002695
-2.158768 -28.943998
9.976569 -11.997716
28.943644 35.495609
30.055595 33.710541
1.292220 5.303582
-6.479406 60.721481
0.804909 -15.846604
-13.004924 -7.996601
-6.479406 60.721481
10.169466 -6.542114
-6.479406 60.721481
8.810432 -5.050182
-4.281334 -3.339826
-1.699152 4.843161
-1.699152 4.843161
-13.909147 -31.046360
-25.835747 1.307281
21.255873 17.414394
24.098499 -11.722452
30.724705 35.455822
-7.481367 10.510909
10.507249 -1.407897
14.046278 -5.909314
9.679049 25.635977
-28.126616 -39.756241
7.960186 -35.694153
-28.570086 -40.901943
2.013631 14.533903
-20.559483 -0.430872
-15.540513 -21.222761
-15.500595 -10.964501
-21.913952 -11.593230
-30.349674 5.604589
-1.348412 -36.105953
15.540300 -13.503728
-10.375599 -4.681789
-4.874152 -26.947887
16.780972 -18.100218
17.055037 11.898169
-6.479406 60.721481
-17.678144 -24.382589
-6.479406 60.721481
-6.479406 60.721481
-8.545225 4.134382
-0.094599 -15.272345
12.598699 3.104500
1.688384 21.745705
6.589933 -6.539315
24.783367 -14.047583
-20.357063 -4.898162
-6.529559 -20.134748
29.207817 36.521194
25.557756 9.924987
17.886568 7.480350
29.219852 36.065735
-6.479406 60.721481
-4.296653 -23.725344
7.960053 -35.694393
-6.479406 60.721481
9.044179 -5.901614
-21.315706 -18.391651
1.501145 -3.726279
-3.128381 10.076545
-16.964020 -29.276720
0.284036 9.734409
20.100191 2.132879
-4.053710 -12.072648
-20.500246 -12.446618
-20.714586 -12.713820
-5.518104 13.653082
-5.046630 53.788059
18.533766 -7.597277
23.453909 2.128341
6.991437 -32.735542
-30.349709 5.604589
-5.046630 53.788059
-1.117030 -10.122274
21.403681 -23.104153
-21.645185 1.625672
-9.149453 6.505326
11.477536 -11.249002
-12.770463 -0.784531
4.139751 -14.323523
9.269292 -8.296865
-27.922518 -40.419456
29.513609 35.031082
32.514877 -27.011497
-5.046630 53.788059
0.889310 -35.992607
12.046333 10.685850
26.232985 -18.822771
21.319603 17.017317
28.851336 35.010742
-17.961100 12.162854
27.893326 -16.842739
5.338590 -16.767384
-14.575627 18.612614
-13.643460 -8.638509
7.802842 -26.112242
6.119639 -18.055067
11.886547 4.512289
-7.817341 9.511966
31.975273 -27.577425
21.005695 -20.675278
-11.152693 14.997058
28.793556 -3.555928
-5.046630 53.788059
-18.436327 -22.215216
18.720631 13.544714
7.852663 -0.267899
-3.496631 -1.327415
-5.046630 53.788059
4.242549 -14.062145
-5.046630 53.788059
-26.741686 -40.106689
-5.046630 53.788059
-5.046630 53.788059
-47.101902 -2.235781
6.350761 -17.996584
-5.046630 53.788059
-47.295532 -1.973496
-20.560295 -0.429746
-45.229778 -1.213712
10.954838 -21.698824
5.363015 -5.152956
26.557306 34.835522
40.271111 -8.778379
-8.893380 -19.206316
23.237823 15.489048
-3.129981 -38.583664
1.369270 -9.817209
26.966166 -13.255294
12.046333 10.685850
3.957479 9.288009
-12.882419 -21.850744
-24.964678 -20.025068
-5.982986 -23.437231
11.926885 -3.217817
-23.468828 14.555943
29.316753 34.305363
-29.700987 -6.036180
-14.678706 9.368177
-2.141060 16.752604
-2.327394 7.178724
19.442726 12.684553
-1.181422 8.783978
26.664396 33.125309
8.762663 -22.230122
-14.254669 -17.970007
-14.254676 -17.969465
-14.254669 -17.970007
-3.936799 -6.450733
-6.582709 1.937934
1.605760 -21.531660
32.352879 -26.989470
-5.046630 53.788059
-9.822075 0.287724
-9.173730 0.258793
21.319603 17.017317
-18.466793 -6.407769
5.602952 -14.957723
-3.513683 -0.673145
-24.676783 7.657559
-5.046630 53.788059
16.170551 17.645744
10.351189 2.505040
4.540301 -19.389318
17.035574 -16.782709
-8.437353 -9.940475
-23.975365 2.866916
14.564047 11.431602
-6.479406 60.721481
31.441664 -17.885757
29.947556 -7.923447
-47.334652 -3.510351
5.414112 -6.711484
-21.320698 -19.884672
-17.961170 12.162934
20.417805 -17.116507
26.213907 -16.433756
4.814057 -8.277561
8.104108 -3.329596
31.505089 -18.119440
21.572283 -23.883314
25.557753 9.924924
14.918529 0.274285
-6.479406 60.721481
-7.040993 8.270796
18.720556 13.544622
-1.853372 60.084187
-8.922624 19.119312
3.733828 -4.706605
16.663160 15.145380
-2.487098 -8.419510
21.959713 17.473455
-21.599495 9.542526
16.630461 -10.985931
-27.906885 -41.506718
16.250662 -31.459890
21.403666 -23.104164
-5.277288 -12.537854
28.499414 -20.147736
-7.173994 -5.273540
-47.024712 -4.343198
-4.947863 2.537373
8.947448 -10.555243
-1.593252 -20.723362
-14.872641 9.322999
-27.222134 -40.640064
-17.961267 12.162108
-46.574936 -1.668629
-5.772522 -5.539442
-25.342781 18.513868
-16.964127 -29.276834
5.378634 -8.776925
-0.281269 1.523114
19.892424 -22.334888
21.319603 17.017317
21.255873 17.414394
22.301643 5.235339
-11.635107 -19.657419
11.307256 -17.921228
-10.738262 -9.172124
4.067785 0.387487
-1.867674 20.365553
-3.129850 -38.583508
5.497344 -9.996654
-1.853372 60.084187
-47.918846 -3.312790
-14.663937 5.688721
-5.670875 -3.176574
10.955058 -3.488147
7.960686 -35.694698
15.490766 -23.041922
22.013460 17.154076
28.187080 34.072533
-5.166245 7.489883
11.402573 -8.412939
25.790855 -23.298098
-0.084343 56.910080
7.130632 -23.614504
-0.084343 56.910080
20.050516 -16.473917
-17.328995 17.270708
29.001698 -6.063457
40.271122 -8.778672
-3.452039 -3.617272
20.307566 -2.463886
-0.812035 -1.506257
1.341262 -9.031833
-5.301714 -37.857876
-47.628136 -2.595318
-26.619926 -40.496986
-7.208708 -13.645928
-0.084343 56.910080
4.336046 10.980400
20.788261 -9.631859
6.335634 9.291040
21.482883 17.634525
-7.263260 -13.925502
-24.651463 18.995937
-31.248459 -17.486965
-5.198060 -7.756142
9.679050 25.635975
9.679049 25.635984
9.679053 25.635939
9.679052 25.636024
9.679054 25.635832
9.679049 25.635981
9.679054 25.635912
9.679049 25.635975
9.679049 25.635979
9.679050 25.635918
18.451736 -13.430773
10.625284 1.596091
-12.848146 -8.270328
1.876299 14.516251
-15.215401 -0.801037
-0.084343 56.910080
-4.363807 -8.741370
10.020437 18.303604
-3.019979 -13.696938
-7.081616 -8.132360
9.792261 0.564952
-12.380857 1.951641
12.695079 -0.267809
30.382761 -20.915394
-28.000811 -8.937910
4.334330 -18.926996
-9.883924 58.033363
-11.580383 -26.150232
15.522581 -14.260038
24.765882 -22.388647
-6.408653 -42.182987
1.103151 -12.730274
-9.883924 58.033363
-6.479406 60.721481
21.668228 -13.452037
-6.479406 60.721481
-6.479406 60.721481
-6.479406 60.721481
30.272379 32.411491
5.837073 -10.306029
-46.910137 -1.629680
-46.023212 -3.875669
-11.152692 14.997092
-46.709946 -3.985792
-45.104813 -2.545285
-12.241197 6.325736
-5.046630 53.788059
-5.046630 53.788059
-3.514556 -5.641030
13.439820 -13.526346
5.375288 -9.952076
21.827829 -18.229036
29.259834 33.710167
-5.046630 53.788059
14.890920 0.263595
7.783086 -0.955311
-5.046630 53.788059
16.253006 -5.651662
36.441757 -3.418791
-21.636448 1.628434
15.269362 -20.023279
-6.732393 -12.638446
-28.673559 -11.716662
-46.337082 -4.138620
-23.743313 -34.957104
26.740746 35.203663
-8.545225 4.134382
27.954443 34.314125
9.045410 4.461837
1.250960 -21.579741
-15.995219 -6.160150
-10.571461 11.862709
27.870834 33.175251
13.217956 -17.165785
4.291004 7.852075
-10.739974 -20.722649
0.788962 7.723235
-10.815474 -8.258241
9.899468 -3.344314
-16.194155 -17.603153
5.160570 -1.022393
-7.686589 -8.404029
-17.961308 12.162081
-28.644150 -11.171576
5.353745 -4.261881
12.046333 10.685850
29.298195 30.508821
-49.143616 -2.652835
-8.273099 -3.249199
7.684428 1.871308
29.230146 -7.093950
-6.536192 20.932531
-6.521229 4.815085
40.271122 -8.778672
-5.046630 53.788059
-26.914621 -39.874084
17.040636 -14.265853
5.180205 -26.234539
13.658260 -5.080805
-3.129016 -38.583439
-30.349667 5.604589
-23.699419 4.754130
17.486801 -20.841515
11.164257 4.316531
26.311562 -24.074671
-12.388361 -10.736195
1.291848 -6.569422
-47.809570 -0.488746
-1.863967 -1.215234
-18.527010 -16.497044
9.302609 -14.102890
-7.485597 -11.798758
-5.046630 53.788059
5.497502 1.240689
19.713881 -18.546764
11.982746 -32.065434
-13.483392 -12.338052
-13.374071 -1.899237
-3.619306 -11.163091
-0.980615 -28.102709
5.180260 -26.234648
-1.647987 16.812328
8.734761 2.150723
-8.443704 14.686609
7.240716 -10.428758
-24.857107 1.674933
17.886345 -1.237875
-12.217087 6.305953
7.490773 -2.065420
-19.126451 6.698782
-15.172973 -6.686058
-48.210701 -0.752966
-17.572922 -11.757950
26.445669 33.958096
28.851336 35.010742
-20.591608 0.715954
-6.423055 -11.220788
28.474316 33.270012
-5.046630 53.788059
29.231455 -7.094166
6.836383 -8.104956
9.679049 25.635973
0.751496 -4.494189
11.495685 -11.846608
8.906511 -2.783001
12.932159 -1.865663
-5.046630 53.788059
-22.106560 -6.175725
-5.046630 53.788059
24.365473 -4.280781
-5.046630 53.788059
21.568436 17.657444
4.403105 -8.884628
-12.745476 -1.885187
-3.760560 59.018421
-30.349705 5.604589
-1.384956 -11.137285
32.377113 -26.988323
28.403627 34.922085
9.801165 -24.102716
2.819912 -16.263632
26.480764 -24.290367
25.350965 -20.079887
-21.285669 -8.734904
-48.299923 -1.709248
30.769926 33.393261
-4.477257 57.809784
15.195406 2.202434
-4.874155 -26.947826
-5.038557 57.859650
