13.425004 -44.571148
-3.746190 -9.855489
-22.480530 -36.051422
-36.092667 7.961539
-6.680105 -5.404228
-17.693829 30.807817
-30.384453 15.731355
-22.021643 4.089003
-11.172646 -6.950148
-17.191519 -12.664427
-37.680420 15.675367
25.275484 -47.365063
29.097612 32.868404
0.779051 -7.364663
7.232488 20.115824
-25.552086 11.459385
30.991211 31.242311
22.583500 -46.305096
21.325861 -48.257896
14.466414 32.549267
3.281981 -55.584019
-47.963047 14.717778
-42.153694 -20.966482
-13.319081 -4.346313
-1.020472 -3.369037
-0.116170 -28.984867
7.634597 -35.767323
16.543310 12.717665
-14.100286 22.436672
-27.278873 -38.819271
-34.219669 -13.346283
-32.548271 7.139073
25.351963 -48.144020
13.425033 -44.571636
-4.803610 47.219334
30.362204 31.828117
-47.425896 -7.933092
-0.809179 -7.247945
-8.714834 -1.634116
-12.918005 -14.209910
-13.850818 2.092539
58.546581 -4.398498
-37.649250 26.002340
-44.150295 -29.896154
-48.599834 9.632233
-62.076084 -3.747331
-27.476158 9.741943
8.492519 -34.192535
-14.504124 -28.943916
-11.384228 0.829462
-24.765026 17.422922
-1.741600 -1.915079
-34.767647 13.806549
23.521681 -36.373943
-5.169903 6.035985
-18.595238 32.078239
0.093110 -28.987127
61.692337 0.074786
64.753952 -0.277027
15.654316 -40.518749
8.613868 1.923920
-38.050655 -6.253563
-61.577351 29.619061
-26.507267 -1.938711
-5.191122 1.154949
18.486776 -24.383001
-60.846519 29.515158
64.942055 -2.959554
-14.543588 -4.029829
-8.444584 20.918482
-28.163465 14.604012
22.604326 -46.841133
65.798935 -1.777952
-46.934769 -9.384927
64.078949 -2.931890
-34.090179 28.164400
-19.547718 35.745464
-0.780974 -20.597696
-0.358926 21.002432
64.007607 -6.576739
-2.311282 -25.757502
-7.610033 -0.632676
30.867876 32.878815
4.779607 -34.778488
65.745262 8.167797
-14.222508 0.793657
-61.879925 21.898832
-25.240856 12.353596
-48.368164 -23.627142
2.685374 -54.239731
-21.882492 -7.762799
7.592033 5.405947
-2.711305 3.915445
-4.701989 -4.786184
-3.534757 -6.943062
-41.249149 -31.616087
6.361057 11.734303
24.093626 -47.896172
-13.943736 -15.173567
65.614563 3.530286
-23.302673 15.453219
-29.293621 -10.186840
2.615925 -54.794102
-3.665315 7.223818
-10.410866 30.876633
3.985550 12.481333
-40.272980 23.499931
-1.752971 7.231025
15.274199 1.968260
-4.087340 -21.193300
-7.317028 14.486877
-10.300467 -9.854577
-10.453153 4.286050
-22.555706 28.853783
61.692337 0.074786
22.718050 -44.626877
2.291709 -57.635834
-17.777617 31.925524
63.421024 -3.683204
34.653423 13.075729
-32.430634 41.950329
-39.341808 -0.436980
-2.697909 -19.289635
-26.904661 27.723450
-14.881113 -0.780573
-32.430634 41.950329
-27.570358 9.007424
-2.925209 9.980099
-10.037496 14.294585
64.007607 -6.576739
18.486372 -24.382891
12.057261 10.318453
61.692337 0.074786
29.722610 32.770332
-21.257454 36.367153
10.704735 -23.836914
-6.278246 -0.375694
-13.544612 -1.222153
-8.373531 21.735683
-20.119423 30.278351
63.576385 -2.166342
-9.863679 17.977720
-6.132350 -26.958755
-41.670391 39.362167
-8.551363 -40.792336
24.241486 -49.650959
10.268179 -2.344771
21.946264 61.929104
-36.092667 7.961539
30.867876 32.878815
-52.375534 -14.774276
-11.093671 24.204386
22.869249 -32.191204
-61.935680 20.811859
-0.867455 18.897488
18.577087 -46.599716
8.728192 -14.850282
22.135149 5.608479
-27.572554 17.503098
-47.231438 -2.932761
-21.375851 36.449905
10.579877 45.176144
-24.959259 33.667633
-24.097099 27.385729
-5.095099 6.146438
1.842994 -32.814640
64.477547 -2.252527
61.692337 0.074786
23.559002 -47.832279
-47.957294 14.040185
-18.885303 -31.251284
-27.811764 -20.246834
26.810484 -46.026424
-46.623875 19.189608
-20.690977 -0.054016
-6.811956 -34.479603
-31.877775 -28.977604
-9.125985 35.752354
-4.901528 -12.261607
1.412246 67.616348
-3.684499 1.042662
5.846455 -24.010107
-25.858255 21.741161
12.250168 -11.682535
-2.809282 3.790876
-15.443976 -1.411514
65.614563 3.530286
-5.563864 47.597809
-62.588036 20.791483
4.001370 2.888414
18.746704 -19.923294
29.980125 33.597851
-47.231514 -2.932757
64.007607 -6.576739
-1.882498 -2.111407
15.552637 -28.846634
18.932289 -13.646798
-40.129047 -15.689606
69.624168 -2.187253
-1.634466 -16.025425
-3.308596 3.042244
-15.161570 -9.356737
-24.244009 5.477731
-33.493740 -1.075129
-23.498735 -3.256647
-13.073640 5.784150
-26.797667 -22.825220
-26.797689 -22.823799
-5.825431 -17.336086
11.770113 14.689086
25.174450 -9.950305
7.514027 -0.795763
-11.007123 -4.505319
-35.422356 -4.737802
48.873341 26.961796
4.354451 22.238157
-11.485850 3.783998
10.026587 -23.822968
-8.944443 -20.874121
21.905558 -13.086005
13.391955 -5.834593
-2.593099 18.728064
65.614563 3.530286
-23.503212 1.852487
-32.430588 41.952240
-6.463539 28.008234
6.685804 -14.345186
26.251261 -34.267437
5.866971 -24.054140
23.710417 -47.130531
-8.523235 0.419365
-31.191763 -7.392558
64.007607 -6.576739
-12.608037 -9.014916
-19.315523 -7.862424
63.611801 -3.012036
-5.614169 -5.614434
-6.119324 -14.074460
-0.836879 67.778046
0.008018 -20.488810
-22.928659 35.420235
14.267492 -9.256111
-25.220716 -42.258747
-11.715285 -0.314748
3.888513 1.972188
35.149361 -20.207331
-20.843983 39.317116
-13.929831 37.579597
-12.398540 -2.268947
12.266146 -1.752577
-21.488052 -1.745590
11.415021 -9.073170
1.891139 -32.927547
47.231625 24.998753
7.385022 -35.294945
-9.287168 12.114386
-2.658485 15.414589
3.991310 5.069175
-18.553101 -1.264199
-15.518193 -22.610834
12.924503 -14.604930
-9.974407 20.758993
-16.291847 -24.888483
-0.943193 5.022966
69.624168 -2.187253
61.692337 0.074786
27.275921 -50.187309
-33.472836 -7.701582
11.309874 -23.588421
0.662555 -17.498083
-0.895738 -7.242709
23.705881 59.675396
17.808168 -16.500458
-12.339394 -24.579771
-33.133583 -41.248653
-31.024105 -0.904922
-21.025141 5.225121
-35.601757 -28.495747
-62.282890 21.395708
14.548567 11.237089
-5.950891 30.736557
3.372277 -23.899298
1.156690 28.973757
-41.670376 39.362190
22.648527 -47.338467
-20.916195 -25.904860
-23.527304 1.878247
-29.572741 -6.151176
23.347191 -5.621730
-1.958581 -12.746739
-18.427198 -14.255005
-17.060583 37.810570
-7.879988 -19.386837
19.982702 9.858992
12.214151 -28.073170
-4.728230 -23.780237
9.312786 4.136254
13.787929 6.827293
12.218581 -14.491221
-5.161129 0.380302
-25.851549 -13.253609
-11.838415 12.503572
-8.017273 6.510931
-33.459839 -10.424088
23.227051 61.054672
14.925556 -0.295053
-15.667476 39.603394
-11.149860 7.290336
-13.965405 16.890486
-24.186956 -6.165397
-6.106852 -8.443726
-44.603897 -2.720402
4.071098 -7.299021
-42.058784 21.910248
-11.082771 2.791669
18.746914 -19.923283
-30.497370 -9.805472
29.815512 31.147034
-5.786499 10.671225
0.512026 -13.237334
-22.380453 5.732466
-17.411201 4.181003
-27.646242 -10.131623
-8.114882 12.748176
4.173155 -56.875668
-30.527063 7.302734
-38.464222 -24.814594
-1.681014 -0.493851
14.278605 -12.178610
22.135187 5.608484
-1.777526 -31.981306
23.347134 -5.621791
0.531352 21.251778
22.514029 -13.741199
12.924503 -14.604930
-52.016075 29.223640
-23.037611 -5.098828
5.535500 11.840038
-14.327076 -16.858944
-2.889938 8.725719
-8.591939 -46.655487
-8.591023 -46.655567
65.120811 -2.101487
24.329445 -36.683826
-24.189320 57.196609
23.064043 -45.807816
17.251854 -27.521801
-42.058784 21.910240
27.140348 -30.124929
-36.368801 11.302553
-0.748127 5.698436
-16.480492 -17.967955
-39.373291 -26.471666
-30.843996 -12.470938
-21.173613 10.932564
-15.587378 36.979725
-12.848226 27.787188
4.651648 -56.033455
-35.908592 11.228285
23.227051 61.054672
23.417393 -49.309910
-15.292067 -4.853744
-23.149172 -7.710975
4.651648 -56.033455
-40.420776 2.335629
1.791137 -34.221470
49.883492 24.482325
-28.193336 0.799279
63.576385 -2.166342
48.930107 25.692089
48.145016 24.665621
-20.413490 34.777504
-2.478343 -7.939072
-13.654037 16.775105
6.714676 -18.888908
30.362204 31.828117
-21.025257 5.224904
6.939517 -17.647181
5.272794 3.773925
2.885837 -26.542421
23.791197 -46.199448
-14.231743 8.049343
11.309916 -23.588387
24.542053 60.376335
-16.185326 -4.602454
-6.287992 -9.864798
3.061894 18.674713
0.628067 14.049483
63.421024 -3.683204
-18.885303 -31.251284
34.653423 13.075729
47.681011 26.178028
7.211157 -30.330616
-24.189320 57.196609
-47.611217 19.360382
15.082019 19.665009
-14.199816 -20.591829
0.001170 -23.634930
12.313053 -11.585449
-10.741098 30.960764
12.877690 16.955379
4.651648 -56.033455
2.105583 -4.088005
20.519379 -1.418883
7.720020 -17.328840
-3.468180 1.264508
-44.576366 18.927113
16.571402 4.250234
67.579529 1.262606
-47.231468 -2.932754
-6.312946 24.850622
69.624168 -2.187253
-7.253631 7.943431
-0.259560 -16.649338
-4.496993 -1.517905
-21.296862 36.806519
-6.811948 -34.479565
-21.307709 2.721882
-22.676569 -20.473885
78.608704 -2.738430
-0.082127 63.100368
-15.398764 34.341137
-6.409798 -27.130238
24.570038 -46.937485
-14.142268 7.911885
-28.805170 -36.369637
-22.480526 -36.051365
-3.184203 -12.362700
-26.240685 -2.820158
-15.269477 -34.324772
-24.189320 57.196609
64.007607 -6.576739
26.695459 -21.423611
-14.496907 -2.923362
23.009323 -48.340313
1.808482 68.260086
18.747160 -19.923233
69.624168 -2.187253
-1.202808 -5.417695
-1.202977 -5.417728
-61.935680 20.811859
-26.323740 -2.808556
-12.772696 -7.329285
21.454769 5.166122
65.614563 3.530286
-10.352822 -1.919278
-17.142385 35.868690
-38.759499 -19.323296
21.168100 -45.114437
5.519833 -10.752269
-35.475739 11.007617
-11.980964 -27.341597
34.653423 13.075729
69.914589 -7.016513
-21.611528 -5.584645
69.624168 -2.187253
-33.133736 -41.248619
8.963132 -0.880559
3.748245 -56.045765
7.050800 -37.787563
-61.935680 20.811859
-1.181003 66.845703
-6.702975 -8.330207
78.608658 -2.738429
-6.248600 -8.202600
-8.042176 -7.865849
-15.515121 43.051929
-11.095981 -3.355855
64.397491 -1.058607
-13.411616 -6.135989
15.526271 -9.990145
0.703195 65.735985
-4.803600 47.219688
-13.995919 -13.178841
50.621120 26.898094
20.240061 2.141579
-24.816359 9.186020
-28.836929 4.755641
40.917076 47.884239
2.114551 66.818489
-27.094448 -17.222296
50.379433 25.793428
41.399433 47.267780
13.425033 -44.570713
0.122540 0.119775
11.499109 -14.460030
-7.021866 -18.894104
-17.205566 39.305344
69.624168 -2.187253
-3.638493 10.849733
61.692337 0.074786
61.692337 0.074786
18.715614 -19.964096
-23.736841 56.977016
48.930107 25.692089
-29.161020 -27.787205
-5.829008 -15.666690
23.227051 61.054672
23.227051 61.054672
24.542053 60.376335
24.478878 -29.745655
13.424894 -44.570854
61.692337 0.074786
-19.660099 -2.716363
2.685374 -54.239731
-16.072792 -20.330460
-0.517823 15.711103
7.620393 -5.972879
69.624168 -2.187253
29.317213 31.588144
-45.507004 19.046045
-16.945143 -11.703531
29.777531 32.353458
24.871698 -2.676512
-21.494886 -23.715805
10.333904 -18.549528
-2.521594 -19.224293
-16.137545 -39.885391
-3.540977 -16.053736
-5.450616 -3.322018
-20.180182 30.785923
35.149952 -20.207279
-25.204662 -8.316465
5.213786 46.340752
-43.575500 16.958546
12.750316 -19.843697
2.269699 -29.189562
2.325402 9.228152
-14.446257 -18.519924
12.504328 -19.051764
-36.422482 -22.471767
-6.799275 21.670967
-9.551420 0.236737
-27.554682 21.424488
69.624168 -2.187253
34.177155 13.416900
-5.560506 5.505484
34.653423 13.075729
3.713147 -55.575089
-1.429161 73.315056
-20.653126 37.968872
-19.262026 6.928646
0.619458 67.157539
30.773685 -42.455772
7.800980 -31.109810
47.659946 24.251076
-12.876009 31.139393
-41.330597 -32.283001
-19.257397 39.408089
-5.645707 -3.256211
-36.672977 -24.517635
10.085638 -23.884501
68.900108 -10.379466
33.420959 1.481419
9.946551 18.596775
61.692337 0.074786
23.227051 61.054672
3.167125 -13.976190
21.785931 -45.080246
30.362204 31.828117
23.227051 61.054672
-23.490692 31.516539
-28.270481 -8.091424
-9.499088 -0.008012
1.488191 15.425784
-20.198790 -0.360963
66.700523 -4.198454
-49.581203 -15.535057
4.432760 -54.530212
14.451986 32.556549
-24.189320 57.196609
-19.781296 -2.841434
-22.277676 -12.531732
1.906096 66.437973
-6.408740 -31.699011
21.602379 -49.084949
22.852446 62.487160
8.994305 -14.960612
-60.405235 18.647449
-23.399260 -16.926067
3.447062 1.663464
6.142339 -15.931657
-36.057518 -19.795034
-19.086832 13.330067
-21.848782 10.671286
5.888537 22.983747
-27.578930 2.423093
-15.313890 29.545805
-0.087603 0.680466
65.614563 3.530286
-17.622061 37.522217
-11.205928 -35.779278
24.242828 -49.199429
-3.581705 -8.452685
-29.367704 -9.875890
-0.434755 -2.571202
-7.151119 -4.539160
-29.657820 4.663084
2.889841 -26.809860
-2.705830 -27.240391
-17.497686 5.569979
-19.317921 29.317144
61.692337 0.074786
40.917076 47.884239
9.148043 44.618172
23.227051 61.054672
61.692337 0.074786
22.978991 -46.913750
26.695501 -21.423574
-13.114388 14.604039
-31.785738 22.748726
-4.778114 -13.506593
3.372277 -23.899298
-18.449928 30.688683
12.809340 41.572296
17.461777 -4.946053
-3.899359 18.269972
-22.308302 29.224623
50.379433 25.793428
67.579529 1.262606
24.814869 -45.666786
61.692337 0.074786
6.019209 1.004358
14.451986 32.556549
-29.240547 -10.976645
1.344540 -56.285187
-15.986817 -7.580900
-8.674479 1.475328
-44.451916 16.964727
-25.219704 -42.258583
69.914589 -7.016513
4.583467 25.824635
-3.889449 5.089753
-40.896458 -32.179642
3.738284 12.472878
-51.316544 3.836438
-32.430553 41.951717
-8.374724 -5.061367
17.092503 -1.079155
-24.376722 37.327347
-34.815739 1.275403
-30.799538 19.452873
65.238037 -1.228444
-17.254211 -12.539250
-15.837939 17.337502
64.007607 -6.576739
29.997238 -12.213122
-14.826953 28.562462
-15.854569 -16.532972
-22.912979 15.637885
-11.314992 -27.289238
66.215454 -0.686743
18.462898 25.069487
7.211157 -30.330616
-0.219806 -1.390848
-30.003477 -2.978121
30.867876 32.878815
-37.437706 5.206285
64.007607 -6.576739
-60.846519 29.515158
2.577906 12.092672
-15.134126 -19.162710
-14.937935 -19.390867
-1.192503 9.479789
-17.343458 3.253553
-4.491332 -6.431608
69.624168 -2.187253
-32.222210 -4.026992
-3.826008 -5.864075
49.883492 24.482325
-4.269136 -14.913627
7.783651 -27.085493
3.604651 -54.474537
19.993406 -47.537380
-14.304854 -5.215923
3.604651 -54.474537
-32.137039 -4.333184
64.007607 -6.576739
-61.151260 29.234001
-1.988132 37.597652
-16.602476 -12.057987
65.614563 3.530286
0.937798 -11.375445
64.007607 -6.576739
31.462105 31.872911
-10.328679 -12.076885
9.512087 -31.982159
69.624168 -2.187253
-24.983046 -0.001238
61.692337 0.074786
-1.253676 -9.932120
-42.058781 21.910221
22.106260 26.049286
18.482307 -0.780289
67.579529 1.262606
-20.173307 14.921899
-34.861187 3.056489
-8.341338 2.673016
-16.628637 21.542271
69.624168 -2.187253
22.106125 26.049276
-17.633038 -6.342116
-40.034397 3.082989
-25.782707 -1.048543
7.050800 -37.787392
-15.889034 0.078704
-16.269672 -22.880260
30.867876 32.878815
-21.260311 36.368046
1.215311 37.133659
-25.762205 -15.845142
-28.562151 24.771448
66.915695 -3.059218
20.264822 -52.584999
-12.634684 -4.299309
-9.011539 -11.994510
1.914986 -55.501884
-0.154915 13.746155
-10.814138 35.639584
-14.369680 32.987438
-20.020830 -1.248648
-21.296566 36.806641
1.579205 24.227274
27.124861 -30.307795
-9.411564 28.903210
-5.626789 -1.903740
-20.858934 -3.412534
-1.988132 37.597652
-8.443216 -11.094172
-62.773762 21.788338
-17.410728 37.394207
0.546951 9.246869
23.963375 -45.026325
-40.476982 23.254513
-21.109140 36.791454
-33.056355 16.415230
-24.606609 0.261303
0.619291 -10.587991
-43.856110 30.733496
64.007607 -6.576739
64.007607 -6.576739
-24.189320 57.196609
-16.137836 -15.382363
24.518702 61.787907
23.545813 -36.368053
0.057196 32.673264
29.702866 32.116829
-5.538250 -1.818454
-5.739758 -24.532278
3.550049 -3.124826
-7.274047 -2.177603
-13.695653 35.320869
-11.639468 -21.776340
26.042273 -19.718523
27.026667 -19.671377
27.188540 -20.975973
2.664143 2.101076
10.172619 15.570745
-8.180911 -8.575352
-33.584030 -24.092318
-18.379856 2.816470
1.653519 -8.435506
-18.956467 9.028547
-21.289436 11.416216
-22.974453 -1.022986
0.243981 66.282349
-32.755516 9.701065
-3.948200 -1.530417
-8.868743 24.920628
-23.198044 -6.924629
-30.168095 -6.440642
17.810593 -49.976692
23.933912 -45.867626
67.579529 1.262606
-33.056335 16.415125
28.986832 32.234024
-11.205937 -35.779293
6.231194 20.737013
-5.087317 28.241804
-51.316368 3.836366
-0.326662 33.873188
69.914589 -7.016513
-52.375477 -14.774200
48.930107 25.692089
23.960873 -48.419167
50.379433 25.793428
-3.108648 -4.986547
-3.971879 13.849117
21.946264 61.929104
-45.719715 -2.788912
-0.783421 4.997282
-6.247944 33.554821
-16.596491 32.274681
14.485940 32.540295
-9.392149 28.921555
23.064980 -29.739080
4.262292 -5.353065
-22.864559 19.138056
-0.435692 68.847893
62.807163 -3.529538
33.420944 1.480883
-23.983540 -3.032079
-26.397827 3.280335
-21.642139 27.443792
-61.935680 20.811859
-5.242694 10.667926
-8.643574 -16.265074
-12.473565 -3.866506
-51.316414 3.836385
-35.169697 5.053842
-17.093534 29.039324
1.344540 -56.285187
-6.811948 -34.479565
-1.429161 73.315056
33.420959 1.481419
61.692337 0.074786
-27.683226 -31.329182
69.624168 -2.187253
-20.279825 30.672447
12.970692 6.116717
15.095046 -21.664122
16.571388 4.250438
-3.823411 11.747444
4.910058 -4.419176
-17.742336 -5.094518
-22.125462 11.682670
-61.879925 21.898832
-27.447990 8.680059
20.670692 8.403890
-12.548432 2.523858
20.397533 4.920610
2.200507 0.629224
-12.639060 2.379765
-22.377541 37.493816
1.432296 65.937637
-25.370678 24.596336
18.328806 -29.251617
-25.370653 24.597515
29.722610 32.770332
64.007607 -6.576739
-16.276308 -4.809789
-28.971094 -10.015369
-24.312111 -23.244194
34.076630 13.146598
-0.478626 25.312906
4.343656 32.743668
-17.629631 27.267645
-0.114508 -18.932459
9.765001 31.885208
14.485487 32.540466
25.224533 11.032147
25.218039 11.030710
-24.009382 -26.279226
-34.521191 -25.883776
-24.738443 -14.862892
-6.247947 33.555370
2.712577 -6.546587
0.864312 -3.772417
6.630362 9.238898
64.007607 -6.576739
-10.776558 41.258877
-32.105888 -6.660255
-15.185199 -14.323915
-24.325254 -17.300922
58.546581 -4.398498
61.692337 0.074786
1.471299 -2.556096
-37.847298 18.474277
-21.029951 -17.619621
-23.275108 -19.107141
-0.434132 13.443530
-20.058977 -17.836885
64.078949 -2.931890
-24.071320 -22.157980
-30.799589 19.453068
1.258517 -0.410245
-61.879925 21.898832
8.895244 -20.516157
65.120811 -2.101487
-27.739338 -7.463566
39.814491 47.616833
-20.898109 5.629629
10.579877 45.176144
27.140348 -30.124929
30.773319 -42.455166
-12.075439 -1.649887
-21.237862 -2.222707
-21.022692 17.897005
0.611658 7.433041
-39.373291 -26.471666
-29.064978 -4.499365
7.333927 -17.270916
11.011008 -4.683097
-38.325138 -25.023262
-26.153919 3.925965
-9.263616 -14.242441
65.719879 -4.297714
64.477547 -2.252527
-44.902470 19.475187
-12.960002 16.690529
-11.137020 24.326565
3.123858 18.320274
-25.559334 -20.598291
41.017334 46.645691
2.972205 -8.573031
-10.686759 6.333463
65.912659 -3.490954
65.745262 8.167797
24.230637 -48.638496
-24.189320 57.196609
23.064798 -45.174992
2.159027 -10.412807
-15.561012 -13.188844
-15.501079 -13.414107
61.692337 0.074786
-5.845037 -6.300218
9.607453 -16.514559
-13.524305 -7.854602
-34.765549 -8.539181
-33.056438 16.415123
33.420944 1.480883
1.543994 -0.438020
34.404007 13.534181
-37.121056 -0.150702
1.156922 28.974075
-19.926632 3.699531
27.058661 -30.139877
-24.914274 -8.219357
-2.987360 8.421472
-9.625459 2.159228
18.386160 7.037974
-13.431022 -10.654959
27.140348 -30.124929
64.007607 -6.576739
7.004488 4.671672
-15.667785 39.603535
40.040157 46.816395
-24.391283 7.354751
19.080996 -10.715794
-22.535717 36.716755
-44.902470 19.475187
15.904425 8.745197
11.231654 25.841867
23.672380 -36.508293
64.007607 -6.576739
-20.643745 -12.116912
-16.629137 -1.857444
2.955565 -56.944523
24.542053 60.376335
0.810230 17.721241
-15.124489 4.392907
-10.922242 -6.962879
24.059746 59.648033
20.399857 -49.037685
-17.523233 33.616997
1.100433 23.167564
69.914589 -7.016513
-10.030906 -2.496085
-11.429853 -8.177626
11.000784 -5.992239
0.774856 5.835248
11.332722 45.204762
-45.326984 19.384098
-23.439835 -13.135297
3.693937 -36.082977
69.624168 -2.187253
-0.836879 67.778046
64.007607 -6.576739
-36.859245 -16.330679
-4.803600 47.219688
-20.665327 31.668224
63.971798 -1.599619
-25.678123 -12.262963
0.500065 8.863573
16.571400 4.250233
-14.868783 26.459612
49.883492 24.482325
9.909681 40.356174
-14.707071 -8.391064
-24.189320 57.196609
-25.101015 25.462093
-2.289539 -6.000421
65.673134 -2.147104
-16.596024 31.935493
3.654692 15.575093
15.209332 2.131957
-11.717764 10.380785
40.284409 47.987167
11.216235 2.689344
-15.230753 -39.930016
3.552455 19.813351
-7.266435 14.403653
23.065159 -29.739977
-24.189320 57.196609
12.877748 16.955574
47.588699 25.629387
-23.282743 38.016430
-52.448963 -5.524847
-13.886257 6.284407
-24.504175 -27.622234
-10.999825 15.516171
8.216228 -4.324708
1.257997 36.963287
61.692337 0.074786
58.546581 -4.398498
58.546581 -4.398498
40.637280 47.290146
30.773319 -42.455166
10.887485 -47.392445
-14.885999 40.182186
-4.547183 -28.918310
-8.769153 -17.918833
-27.825161 -0.213688
-61.935680 20.811859
0.806118 68.446533
-6.654260 4.467491
-26.057804 -6.255321
-6.012075 -17.374170
-15.206901 5.463862
12.276243 0.040496
-18.311913 33.795811
-25.009722 -16.792366
-16.115295 7.090030
-45.326984 19.384098
11.386548 21.566088
15.366637 30.082144
-17.551558 -14.364206
-11.381642 -18.459908
63.859230 -3.721217
17.810551 -49.976692
19.315556 6.828987
-39.565128 13.785494
22.135159 5.608479
20.500557 55.632923
0.052346 5.345008
-39.719929 11.993800
-15.578613 35.511421
22.813696 -47.720394
8.208429 10.762389
-1.203603 -5.965939
47.257454 25.806101
19.062748 -41.910934
24.378212 -45.327820
0.619458 67.157539
-16.458616 9.236866
29.980125 33.597851
29.815512 31.147034
-14.510665 -28.889452
64.007607 -6.576739
-15.868999 44.572544
64.007607 -6.576739
22.729801 -30.774010
-31.287287 -7.506852
-9.777012 -10.422401
-8.229608 -12.137343
-8.020988 -2.182629
-18.628389 34.305244
-16.377697 9.361459
-41.547596 -31.993921
1.344540 -56.285187
69.624168 -2.187253
-9.571566 4.514170
82.039658 -3.160612
61.692337 0.074786
29.097612 32.868404
-18.251974 -12.937821
22.852446 62.487160
30.867876 32.878815
-7.477610 -21.134619
-5.241937 -3.951558
-62.588036 20.791483
69.914589 -7.016513
6.572504 8.038266
-41.670383 39.362167
-37.811871 -0.165491
-9.322732 -3.823483
-17.159561 14.033132
-21.681944 26.457235
14.485126 32.540588
17.732103 -29.497692
69.624168 -2.187253
8.776260 22.788523
1.229590 37.086163
69.624168 -2.187253
18.746914 -19.923283
-62.076084 -3.747331
8.859495 8.383080
6.459153 -3.913982
9.291956 -33.103420
-25.220472 -42.258789
-10.521685 15.843925
-25.377617 -13.196339
24.440647 -34.131664
-2.696046 18.174984
6.636869 -17.656786
5.154917 -19.620964
-46.934750 -9.384964
-37.966911 25.730824
-14.878549 28.583513
-8.591491 -46.655254
-10.740760 -29.251760
6.850968 -21.489056
6.106199 17.575052
2.011718 -8.648241
-17.475769 -29.718191
61.692337 0.074786
0.395601 5.611416
-18.416254 -37.300999
-18.415709 -37.301109
40.592560 46.191555
8.797045 15.063884
69.914589 -7.016513
1.685105 -1.605701
26.695456 -21.423452
9.904892 -31.292952
26.695457 -21.423559
-34.172077 -13.402673
-3.335543 -14.030406
-15.568001 -6.742772
65.241539 -3.816289
66.915695 -3.059218
21.800236 -45.749283
65.108589 -4.008654
9.900072 -38.331032
4.514988 -15.769992
-10.024748 34.704655
-17.540808 3.734190
64.007607 -6.576739
-22.632303 33.118019
23.435341 -36.515717
-15.620251 -10.927757
-11.560849 32.632004
4.932155 -6.626523
9.141878 -23.522753
26.201649 -7.486369
4.165010 9.949429
1.808482 68.260086
41.017334 46.645691
-28.371367 5.174002
69.914589 -7.016513
23.029873 -48.820686
-1.429161 73.315056
61.692337 0.074786
-16.667322 3.050414
61.692337 0.074786
5.213786 46.340752
3.896821 26.340271
-10.739921 -11.306571
-8.391182 21.964788
14.827634 -34.008739
31.777641 32.391888
30.867876 32.878815
81.776878 -3.467337
47.559856 26.437586
-25.295002 36.058983
-14.878587 28.582895
5.400483 14.087266
29.276976 33.279118
-20.971996 36.662754
-31.896669 12.387002
48.930107 25.692089
19.062912 -41.910656
23.557072 -48.972351
-25.495495 42.235519
-0.036347 63.434677
-9.036309 -5.989247
-0.656924 -13.674680
7.180684 -8.388741
-1.478412 -1.928775
10.417054 12.872759
24.601801 -51.226746
-17.072948 7.684774
9.909625 40.355919
-13.637359 -18.861736
69.624168 -2.187253
-6.419215 13.368099
8.825534 -20.594250
-10.413716 8.543014
-15.155371 1.770240
-17.403902 -3.751532
1.808482 68.260086
-29.663164 -17.929462
23.357868 -47.265442
-34.115013 3.111628
-23.658802 -35.343998
-12.543401 -14.445077
-12.742011 -17.380655
-15.504958 33.572395
-1.389201 -13.751884
48.024715 26.825567
7.875041 2.274800
24.570087 28.421169
39.814491 47.616833
-33.133724 -41.248714
-24.724903 33.403816
-4.547091 -28.918243
-6.755294 -21.490919
-6.277415 -22.255636
3.603704 14.337489
-12.504204 -10.539012
17.605194 15.194426
18.409004 -1.954779
1.648909 67.175011
-18.872620 16.760538
-41.670425 39.362164
15.486880 23.463469
-25.043325 -48.920036
-1.063093 8.844996
6.457661 3.062594
-23.841511 -6.125477
-41.009930 22.677296
-8.547075 -20.998238
-22.230118 -3.108583
25.094135 60.989349
-20.602133 41.592861
66.915695 -3.059218
28.838858 3.795469
-61.610542 21.384722
-12.089296 -9.615787
-16.537937 1.596756
6.543836 -28.600845
14.941165 -5.434340
-10.056067 -8.204716
-13.392571 -10.690908
3.049201 15.149412
24.570065 28.419725
-61.610542 21.384722
64.007607 -6.576739
64.007607 -6.576739
10.960153 -8.869172
-12.251676 -6.006146
65.614563 3.530286
6.953116 3.891459
66.748375 -11.482126
-41.670383 39.362167
0.955345 66.178230
-3.569735 -41.572559
-7.097786 -0.154768
-5.236645 -35.209087
7.537058 -27.197643
16.549179 12.697790
66.700523 -4.198454
30.991211 31.242311
-31.451107 -12.316140
-8.847416 -5.503139
-8.756351 -16.017054
-17.502916 31.963522
23.064734 -29.738062
11.084617 3.586921
-1.827279 -3.694815
-0.795923 9.875983
14.984374 -2.667477
-26.074953 28.345562
9.498463 4.184761
-19.816111 36.323803
19.062925 -41.910988
3.765282 -56.797100
48.930107 25.692089
-5.469285 -19.959759
14.522352 -9.139111
49.421532 23.325148
21.325861 -48.257896
4.009884 -57.589523
49.421532 23.325148
-61.610542 21.384722
-5.469318 12.787300
7.050800 -37.787258
-34.259571 -24.874889
-2.835629 -3.157537
22.869753 -32.191593
7.133701 28.588577
22.196972 -48.540314
19.436516 -5.587410
5.454687 -31.301262
1.808482 68.260086
-31.784191 22.748331
-9.982584 -32.684135
-23.269333 10.690961
-4.424378 13.813725
-16.774530 -23.477219
-14.182096 -24.763260
15.585587 29.913593
-31.877821 -28.977600
-31.565069 1.852000
-62.393978 22.032564
-37.913853 18.524443
-26.831337 27.759911
64.007607 -6.576739
-20.752724 -23.779551
65.614563 3.530286
30.773685 -42.455772
-26.762648 12.700606
6.981266 -0.523938
-21.029629 22.842649
1.229590 37.086163
-10.816689 -20.540873
-34.731243 1.347923
-20.538496 34.014133
-51.316544 3.836438
3.634622 -0.976362
-33.552784 -16.671085
62.807163 -3.529538
-19.549383 -5.951951
64.007607 -6.576739
-15.687913 -27.150034
-9.261805 -4.984864
-15.002446 4.478924
12.641699 30.363792
6.622583 -21.336105
29.708246 32.130798
-40.978909 -32.256477
-28.562140 24.771441
-8.243123 -28.853764
-11.279202 -12.811102
1.986678 23.963081
-35.675056 -19.874262
-13.363961 -30.402269
-59.899582 21.089426
64.007607 -6.576739
-39.373295 -26.471645
-10.847547 4.030076
-43.855900 30.733530
-25.948105 36.647221
-25.948448 36.647800
-13.438778 14.189304
-4.028668 -15.758543
-26.159904 -6.799789
14.092193 -34.538826
-5.739758 -24.532278
23.253990 59.550026
65.941544 -3.418970
18.486605 -24.382885
5.213653 46.341072
5.923234 -35.295219
-11.107883 -0.919533
26.695457 -21.423559
-31.012360 34.479927
-1.717142 -25.939344
15.247471 29.796097
14.053662 14.515412
-22.480526 -36.051365
-39.403122 -9.269192
12.039129 5.435917
-30.296551 -20.675013
-14.369882 32.987934
25.092661 -46.184555
-31.800644 -5.380046
-15.515130 43.051952
7.894880 -22.996071
-39.537521 14.349516
-47.231514 -2.932757
12.642611 -44.165283
14.842083 -0.270218
0.619458 67.157539
48.024715 26.825567
-25.412310 -3.272027
21.288610 -46.250751
-20.051603 -14.416488
-3.668578 -18.400537
22.040974 -45.910976
-14.707160 -12.083839
78.608498 -2.738462
40.040157 46.816395
-15.697051 37.616634
-28.981030 -8.059432
64.007607 -6.576739
25.047678 -39.696056
-13.576742 3.560476
-14.810490 29.764576
-8.551353 -40.792873
-8.551353 -40.792873
9.628168 -8.956262
-48.368484 -23.627174
2.291709 -57.635834
-3.092748 -3.125630
4.483943 -0.882764
-7.370442 -38.248795
-40.863003 -31.797739
3.223675 -55.169544
-44.656643 19.237820
-24.504175 -27.622234
-21.878372 9.936041
-61.274578 30.046249
-5.039296 -12.754532
16.109058 9.610102
49.601444 27.343966
8.083377 -10.683841
5.178044 13.584462
-13.770010 10.154178
19.315556 6.828988
17.603764 15.205078
-9.002807 25.581995
-10.597952 9.587373
-8.824722 25.637474
17.601603 15.211642
-41.670380 39.362179
22.106150 26.049255
-42.973850 20.215054
0.115124 67.939316
-2.772885 -19.614031
4.632841 -57.189709
-19.363369 32.074802
-10.874896 -20.228231
6.287858 -12.137176
-17.949348 23.255987
1.924923 -12.358932
-6.851895 -12.696053
-3.590987 2.751517
4.739834 22.995684
-12.703912 -6.905396
-19.029112 1.035726
48.930107 25.692089
-2.305747 -23.671755
2.693285 -16.165869
-44.150177 -29.896063
25.458921 -18.008410
-44.864803 -14.624628
30.362204 31.828117
-13.649995 -18.825235
8.898956 -23.475166
-29.160955 -27.787188
14.587642 -24.046930
2.868813 -55.785572
22.313915 -50.077206
-8.754968 -22.011786
19.534128 18.562223
-2.330518 0.054229
10.231306 -43.526726
-8.766973 -6.213295
-24.959393 33.667641
-42.152737 -20.966515
24.518702 61.787907
-33.552799 -16.671099
-7.845482 1.363191
47.864140 24.904146
66.841942 -2.130368
-6.312986 24.850588
5.196726 13.688834
23.987122 -47.386845
-12.413163 -0.900101
11.410572 44.755474
-21.319408 11.125419
-2.663020 19.318371
-5.327213 -5.393849
-22.064789 -9.444974
8.740141 -33.663960
-6.180533 -0.368794
16.679363 17.097683
-48.233223 -23.657310
-3.718429 4.638468
2.931259 0.056467
-23.479502 -18.567757
69.624168 -2.187253
-26.651636 0.818594
-27.811626 -20.247316
23.106243 -46.264412
-8.316381 -7.400598
-0.889249 68.634659
0.806118 68.446533
23.819826 -46.580181
-0.059146 35.848522
3.734391 10.048401
5.207443 -8.288457
6.401571 9.275332
24.908918 1.554574
-12.331239 -17.886677
40.284409 47.987167
-16.785835 11.600366
-6.444869 -18.446783
23.705881 59.675396
-11.904042 22.067917
24.665607 -48.112354
-62.916145 21.350630
0.248793 -8.498382
-14.599339 10.674475
4.632841 -57.189709
-32.909290 -33.416668
13.425344 -44.571568
-21.198776 -8.183816
-40.749386 -3.720146
-40.748604 -3.720143
65.714096 -1.179732
-31.328320 -1.854436
-37.437702 5.206287
2.386435 -4.139473
23.064980 -29.739080
-19.635263 29.593845
-12.476321 -30.991425
-23.121460 24.350033
-23.121475 24.349905
7.219000 12.946833
64.007607 -6.576739
64.007607 -6.576739
23.065226 -29.739964
-24.504175 -27.622107
-47.424252 -7.933111
64.007607 -6.576739
-28.062239 -13.287656
-15.300261 -34.390759
29.134907 -36.442478
-24.896511 -9.565002
12.385845 -27.340754
-1.174640 -8.604840
-12.431854 -3.368016
10.579877 45.176144
82.039658 -3.160612
64.007607 -6.576739
-18.871149 -6.505718
-61.610542 21.384722
-18.588854 0.876560
64.007607 -6.576739
3.606981 -11.350440
48.930107 25.692089
25.138552 -41.065388
-1.744741 -17.784767
-12.559658 -17.728680
4.495484 32.568226
49.421532 23.325148
4.862137 -55.102024
-22.595987 27.491480
4.663842 25.731409
-30.450571 1.707821
6.962963 16.690044
-23.736841 56.977016
0.042432 2.506967
-23.998480 -31.310450
-0.011565 3.328770
13.506631 12.298181
-28.446629 -36.278194
50.379433 25.793428
-62.773762 21.788338
-42.151218 -20.966667
0.180045 7.094831
61.692337 0.074786
61.692337 0.074786
61.692337 0.074786
-25.220716 -42.258747
-21.668783 15.813447
-0.973219 -30.177568
-32.909290 -33.416668
78.608673 -2.738429
10.983367 45.377525
61.692337 0.074786
61.692337 0.074786
-12.499215 1.802945
2.704096 -13.447442
-10.919920 4.711825
6.833884 -28.293772
22.106125 26.049364
-19.837254 34.498692
-23.763245 38.703049
11.231349 25.841902
-18.116512 13.568461
22.135187 5.608484
-0.990838 -4.934748
2.276866 -6.216254
48.930107 25.692089
-62.095112 -3.766754
-41.090038 -31.621807
75.198883 -5.616354
75.200226 -5.616354
-17.033691 11.459804
-18.328114 -1.377037
-27.696314 -6.935411
-0.497778 -1.504845
-26.637438 -9.654211
-14.301644 34.960297
5.213653 46.341072
61.692337 0.074786
49.883492 24.482325
7.211164 -30.330643
70.446609 2.827667
15.690875 -8.523981
-10.341459 36.173161
12.970812 6.116886
1.215311 37.133659
10.063004 0.654298
-13.554939 -18.148169
-19.015446 -8.800068
-23.543863 -15.003285
4.862137 -55.102024
-7.370442 -38.247890
-45.209007 5.938964
-17.535097 30.079174
10.480919 -15.065346
22.200338 -46.659615
-26.377335 -2.729015
-32.909145 -33.416607
-44.864803 -14.624628
0.008014 -20.489073
48.608776 24.260590
-33.263432 -20.586653
22.164890 -47.271534
23.064962 -29.739462
6.389449 -3.501046
9.765009 31.885267
40.284409 47.987167
61.692337 0.074786
-41.749916 19.911835
69.624168 -2.187253
69.624168 -2.187253
49.883492 24.482325
-43.855652 30.733414
11.410572 44.755474
-5.045887 16.032690
-16.276510 24.346182
-3.719601 -38.891434
0.762354 -28.668409
28.983269 -4.104990
28.983269 -4.104990
-47.963032 14.718017
8.844804 -0.434223
25.197393 11.030165
64.133965 -3.337442
-22.122345 10.742762
3.229110 -57.897804
-36.389275 -23.708082
12.956961 -18.884174
-21.751247 -6.364971
-8.026778 -25.975710
-16.512684 31.631659
0.283319 -38.945850
-38.238247 -28.111500
-23.675306 32.499428
64.007607 -6.576739
-9.258732 -2.932085
-40.787056 2.388562
-5.771229 -8.992461
-20.210680 -18.283911
3.397696 17.099157
-21.911865 31.562946
1.118340 4.397276
61.692337 0.074786
4.307547 0.993122
-0.836879 67.778046
13.760240 -4.007622
-16.933554 -5.992194
-17.253069 -7.640537
-8.934865 25.075909
-10.536386 -9.794160
-10.536386 -9.794097
-40.657482 7.435856
69.914589 -7.016513
-1.429161 73.315056
-18.499004 30.499519
-15.665114 6.426178
-12.531252 5.291239
66.205894 -2.521567
0.575046 -6.886356
-14.500568 -30.163500
-14.136058 -11.634097
-15.595258 35.737644
-62.092800 -3.766728
17.951916 -28.928499
-28.663063 -2.153923
27.124861 -30.307795
11.872472 -17.268852
66.108635 -0.642037
33.420944 1.480883
24.542053 60.376335
-14.026065 0.434810
-44.945381 5.657168
-0.536928 66.201134
-10.664824 -24.921679
-17.135221 26.810080
-21.544687 33.409718
64.397491 -1.058607
-37.649517 26.003332
66.915695 -3.059218
34.404007 13.534181
66.700523 -4.198454
64.942055 -2.959554
24.518702 61.787907
64.680977 -3.823737
-18.657358 8.890725
-41.358166 -31.656155
-40.896458 -32.179642
-10.558000 -2.361140
2.828495 -56.020393
62.934639 -2.649642
-5.040295 -5.117981
-47.963013 14.717924
-12.886101 37.741776
-4.869589 -7.004552
15.730680 -12.653373
-0.836879 67.778046
1.325002 69.004822
64.007607 -6.576739
64.007607 -6.576739
-15.667813 39.603394
-27.279345 -38.819336
-24.962273 -4.556753
15.334133 -9.531441
-5.585567 7.998217
5.112610 -56.753632
5.748776 5.369736
-8.022129 -9.445102
-6.629869 -27.441898
23.227051 61.054672
4.052685 8.498064
-7.301980 4.762430
24.854406 -49.079807
-7.487061 20.701338
22.852446 62.487160
64.007607 -6.576739
-4.447946 18.679234
8.359409 10.755155
64.007607 -6.576739
2.821679 -11.316799
30.773685 -42.455772
-15.881523 38.592190
16.597675 -6.048977
-21.445740 -19.163792
64.007607 -6.576739
-27.569607 -25.510080
1.215311 37.133659
-0.032991 2.650031
-20.285847 -21.508610
69.624168 -2.187253
-36.847862 -15.957308
12.635448 -19.583092
22.033791 -44.680878
69.624168 -2.187253
-21.499027 27.852757
-19.384090 28.047928
-42.071312 2.538359
-35.601772 -28.495857
-16.136478 -6.760223
-8.124027 17.157896
-13.908340 -11.742555
-6.811956 -34.479603
-16.385952 -20.530437
-23.391916 36.881714
49.590481 26.831224
-9.901175 -3.825910
-18.780367 37.727238
7.267274 -10.955295
-27.250662 -11.200361
81.776878 -3.467337
-10.350290 11.367767
-16.991690 11.126802
-15.515121 43.051929
24.869282 -10.403844
-16.137486 -39.885509
-4.421499 -9.666647
-21.008270 0.089222
-38.388290 -24.991417
49.883492 24.482325
10.223525 4.663166
-21.893961 -13.375498
-9.531338 7.687012
67.579529 1.262606
-13.301109 -6.021145
6.678995 -30.141752
3.229110 -57.897804
-14.928728 14.698120
6.393352 8.280515
-31.789623 22.731688
-18.464417 -4.971269
-61.577351 29.619061
69.624168 -2.187253
-52.375389 -14.774301
70.446609 2.827667
70.446609 2.827667
70.446609 2.827667
-61.879925 21.898832
-37.847435 18.474060
-10.739198 1.575611
-16.262453 24.489443
24.518702 61.787907
-22.978607 -14.882055
-18.758074 21.238791
17.533575 -42.392078
16.571388 4.250438
-21.946802 31.863752
-16.589502 8.908964
69.914589 -7.016513
-10.649286 -20.290794
-3.628328 -9.753583
78.608551 -2.738431
-61.991287 -3.768102
65.610939 -2.688778
4.211724 -55.093983
61.692337 0.074786
-13.320524 -14.759232
-7.767569 -3.492115
68.691360 5.827178
70.446609 2.827667
-2.580650 0.574183
69.624168 -2.187253
30.773685 -42.455772
15.362064 3.463985
69.624168 -2.187253
23.152605 -47.704895
-10.978659 -22.813858
-19.177166 -3.500941
-23.982775 -21.732697
-15.667783 39.603676
-35.480900 4.687692
64.007607 -6.576739
11.102637 15.069518
21.679911 -47.490192
1.923256 10.760256
3.840041 33.341412
-26.997414 7.247025
22.725609 -48.294899
66.612343 -0.855938
-2.084417 2.546408
-12.865197 31.316153
64.007607 -6.576739
64.007607 -6.576739
-4.353022 2.135303
0.538457 16.918781
64.007607 -6.576739
11.839327 -4.556849
-36.852268 -16.216038
-3.897576 10.816869
65.614563 3.530286
11.106387 -8.981336
-20.183844 23.651354
-17.164328 27.530514
64.007607 -6.576739
-39.807419 37.684132
61.692337 0.074786
-1.851337 -30.027647
-7.516653 -6.298568
61.692337 0.074786
61.692337 0.074786
23.600666 -36.355331
-0.226264 3.039476
6.687968 -7.284771
22.841618 59.657650
21.491030 -35.647186
-0.536928 66.201134
-15.130848 -7.508780
6.054270 20.897913
14.420789 -18.374062
-8.299954 8.829495
64.397491 -1.058607
66.915695 -3.059218
65.541428 -3.493503
66.818001 -2.060908
20.670692 8.403890
22.709618 -18.797781
-2.467782 -7.650432
23.151121 -18.868021
16.131348 -12.848734
2.194664 12.639662
-26.057175 -13.474103
-9.984187 -24.387329
29.134907 -36.442478
30.867876 32.878815
30.867876 32.878815
-5.379194 -26.465528
7.681482 -14.209471
-19.584057 41.580231
50.621120 26.898094
-61.991722 -3.746923
21.831301 60.701420
64.007607 -6.576739
-13.044156 35.379486
-35.849609 21.831717
-14.834895 31.820629
-27.292353 -9.749947
2.455199 -56.281998
-18.165981 35.191902
18.461952 -1.911347
9.398989 -7.440710
29.980125 33.597851
34.653423 13.075729
-16.686016 -46.608604
26.690220 1.119353
64.007607 -6.576739
64.007607 -6.576739
64.007607 -6.576739
-28.583376 24.799576
-25.008358 -4.773317
-39.403122 -9.269192
-16.893993 -24.493242
-0.026833 34.081921
2.278693 7.902938
64.007607 -6.576739
61.692337 0.074786
5.777664 1.957005
0.776659 -20.816685
82.039658 -3.160612
61.692337 0.074786
64.007607 -6.576739
-20.596991 -29.868876
-25.043301 -48.920460
61.692337 0.074786
4.156329 -57.790657
22.500387 -45.230305
15.731539 -12.653073
-32.908844 -33.416546
-0.601246 -24.052641
-9.371448 -6.860372
-11.755545 3.947972
-9.813606 8.820818
12.174110 2.524801
-42.058605 21.910181
-10.547556 19.710550
-25.122570 -10.972481
-18.416109 -37.301567
69.624168 -2.187253
-0.103792 10.582819
-0.419177 -13.877112
-52.375454 -14.774319
22.884253 -35.419159
63.933735 -1.584050
-29.530720 7.233161
24.871815 -2.676473
-23.675196 32.499363
-38.757725 -19.323299
-6.345683 2.656981
-6.979971 -15.102481
66.829956 -1.463686
-24.189320 57.196609
-18.207651 36.032158
29.317213 31.588144
-25.043299 -48.920341
-39.627304 24.356302
23.468884 -44.701077
3.229110 -57.897804
-8.985513 -0.617217
1.939340 2.069670
66.028122 -1.376672
40.592560 46.191555
-17.922192 -27.072588
-23.202345 -5.420079
-60.921570 29.877224
-1.429169 73.314827
2.677419 -13.632498
10.754452 -39.622730
25.320776 -46.639835
22.852446 62.487160
64.942055 -2.959554
20.240061 2.141579
48.873341 26.961796
30.867876 32.878815
-16.029629 -3.419208
-30.278160 -12.478218
-30.158833 -12.477813
-22.749802 -0.099120
-11.057455 -13.575336
2.628724 -8.845939
-25.449284 -18.495272
-15.585865 35.900898
-2.983086 -1.901460
26.695471 -21.423576
-20.760557 12.114717
-12.955648 -2.602790
5.200716 6.986863
2.224555 -33.661755
24.503021 -46.237450
25.522934 -18.198914
-4.247453 23.260679
-1.503139 -35.214554
2.055785 -2.705111
-25.043304 -48.920063
-7.739590 -27.375164
0.283319 -38.946075
-32.430664 41.951561
-18.491053 38.989601
-31.012810 34.479813
20.993158 6.176093
-21.373924 0.905054
16.479357 -37.510307
-8.809424 -12.750896
-8.341686 -8.275375
0.140049 65.776222
-0.324176 66.949120
25.787565 -44.435257
-12.664365 1.559758
14.368355 -16.576471
-13.879853 -25.197119
-31.656477 7.306202
3.030934 -5.958961
-23.418867 -7.145819
-45.098560 18.670832
64.007607 -6.576739
1.246529 3.307822
-34.928799 2.625057
-10.076724 -8.390372
-8.793180 5.416727
-6.278128 -6.731290
24.518702 61.787907
0.559889 -6.725052
-4.803610 47.219334
-4.803600 47.219688
-29.207541 29.159254
64.007607 -6.576739
0.282886 69.163284
-6.037469 -1.948800
-22.632427 34.202156
21.228483 -45.694874
0.654583 -5.442858
-40.129288 -15.689649
-3.569735 -41.572559
20.174082 -48.035339
-2.352636 16.876894
69.914589 -7.016513
14.454226 32.555183
20.207289 -46.238350
-4.293561 -35.182014
69.624168 -2.187253
-2.728949 -15.136420
-12.978383 14.932680
-0.362053 -1.494207
-0.609037 1.432814
-33.884666 -17.160679
-24.045774 -11.392425
-21.465723 4.845454
-25.552345 11.459384
-0.516554 25.204161
82.137291 -3.553604
-3.719599 -38.891342
-21.663443 -17.236668
61.692337 0.074786
-30.720337 -3.748122
40.040157 46.816395
-40.863003 -31.797739
61.692337 0.074786
6.898806 21.438797
61.692337 0.074786
61.692337 0.074786
61.692337 0.074786
61.692337 0.074786
5.101580 -1.416812
61.692337 0.074786
-21.820198 -10.909985
61.692337 0.074786
0.342681 25.665630
-6.946381 10.981210
-25.679718 15.656315
-36.409695 -23.564220
6.890528 7.433942
-31.022766 -1.237126
-62.901962 21.217319
-15.646753 1.879008
-30.175585 -8.441310
61.692337 0.074786
-48.367657 -23.626982
4.651648 -56.033455
58.546581 -4.398498
61.692337 0.074786
-2.470730 -14.731521
58.546581 -4.398498
-13.914644 -9.417333
-6.559946 -10.142765
-9.619093 0.883760
-1.386161 7.297737
-52.015831 29.223398
26.323679 -13.641305
-16.291897 -24.888460
61.692337 0.074786
67.579529 1.262606
27.100637 -30.291386
48.424114 27.325855
64.007607 -6.576739
-3.507633 0.872311
-48.367157 -23.627083
-14.331733 -5.283211
-30.799864 19.453075
-8.634494 3.759784
-20.265068 -11.926217
-3.045618 -17.048473
-17.093550 29.039438
-39.373299 -26.471643
41.399433 47.267780
18.932215 -13.646777
2.666390 -5.161898
-0.323587 10.679629
82.039658 -3.160612
-42.973850 20.215097
9.428296 -37.598270
-24.202869 35.613297
-15.922639 19.958391
-16.794226 2.666211
69.624168 -2.187253
69.914589 -7.016513
69.624168 -2.187253
-13.885901 -16.228315
-40.421440 2.335073
-3.924635 -0.880831
-9.786127 4.850336
69.624168 -2.187253
1.765920 2.914248
8.477160 -36.257484
-0.324176 66.949120
22.106125 26.049364
-7.389731 20.230522
-23.370886 -19.245935
23.227051 61.054672
-9.964926 -32.711296
82.039658 -3.160612
-13.605021 9.858055
-1.123556 -16.606758
-8.381570 -14.476617
-13.888606 32.777245
-18.958590 27.232624
-2.012487 2.521996
-1.181003 66.845703
-27.887566 -15.333549
-8.746562 11.116693
-9.710838 -0.640212
-1.278709 -6.384255
-7.261744 -7.698092
-7.486559 19.418528
64.007607 -6.576739
-10.728512 -29.325699
-23.418854 31.617558
0.666844 -10.845076
31.462105 31.872911
0.025956 -0.343400
69.624168 -2.187253
4.651648 -56.033455
-17.811466 27.052698
40.040157 46.816395
8.774124 11.284449
11.048078 10.312263
-11.600180 13.420263
-8.897053 9.197696
17.815584 1.279971
11.105973 44.401863
10.570709 44.562286
-4.475271 -7.094823
-7.037500 -2.577609
18.192129 -40.915497
61.692337 0.074786
-22.554564 36.370041
-4.547862 -35.195896
-39.373291 -26.471666
-9.270959 -14.309447
10.887470 -47.392483
-10.767259 5.877211
1.615537 -57.095261
1.355951 0.967085
66.700523 -4.198454
-5.578654 8.214578
64.007607 -6.576739
22.150661 -48.819344
-14.261415 -2.481846
4.426604 -9.140094
-25.166710 21.573666
-32.430588 41.952240
0.531096 10.937188
9.909184 -46.915627
-18.938637 -32.076897
-31.318251 1.927307
0.810224 17.721699
64.007607 -6.576739
4.752205 -13.395508
-9.828705 -26.625387
-15.769189 0.183241
10.983367 45.377525
-11.557371 -22.335842
11.587587 -24.712013
-1.217539 -3.775538
-12.842086 44.227482
69.624168 -2.187253
-10.305588 7.949581
-26.384890 36.745487
-19.584042 41.579411
-3.180213 -4.743111
-3.774232 -4.185014
-62.926971 21.406704
-12.531442 -17.891483
-17.057302 -10.466125
-9.571051 -0.874924
-62.282902 21.395090
67.579529 1.262606
17.951611 -28.928383
21.620314 -49.472984
23.065159 -29.739977
-2.472298 -6.380712
-14.152877 22.946697
-21.965265 16.388565
12.237409 -19.228849
-41.670322 39.362156
5.483704 6.693184
-16.427950 -8.985113
66.829956 -1.463686
-7.028543 -16.517258
66.205894 -2.521567
-1.104469 -11.503932
-25.119923 13.050532
-7.048589 6.621228
-38.291004 16.303280
-31.815090 -18.610476
-6.694469 8.829222
23.065029 -29.739017
-16.863134 1.364102
66.194572 -1.558951
-35.849594 21.831722
4.910244 5.453546
-21.328457 34.426598
-13.533253 37.588642
-2.383933 6.022638
78.608498 -2.738462
15.442714 -14.539022
-20.166588 -5.518674
2.955565 -56.944523
10.487889 44.766167
-13.744837 19.913864
-38.060925 -6.309714
1.230329 37.081806
-16.010084 -7.635368
-39.014935 -0.595815
-17.164131 -11.674469
-27.992916 -15.309535
0.126070 -15.260950
64.007607 -6.576739
23.496559 -45.538334
21.177763 -37.898224
-14.103057 -33.911812
-6.353008 -13.977660
-3.156967 -1.122170
11.105973 44.401863
-17.731020 -7.342870
50.379433 25.793428
-61.299671 29.211189
3.736732 -56.328846
-6.122630 -31.641432
0.480689 -10.041911
-11.986176 33.987873
20.315582 -48.421379
9.428258 -37.598305
-40.896458 -32.179642
-31.255861 -1.820399
-19.647446 19.176510
-20.867685 1.462278
11.904665 -2.762738
-17.709288 5.741700
30.362204 31.828117
10.888086 9.808369
-39.228676 0.524819
13.920589 -31.551491
23.227051 61.054672
-26.765182 10.374422
3.918195 -2.887787
61.692337 0.074786
61.692337 0.074786
48.930107 25.692089
11.332722 45.204762
7.189555 3.313350
-38.757687 -19.299259
0.283319 -38.945850
-21.100075 -21.774094
-1.428810 73.315262
-51.316414 3.836385
64.007607 -6.576739
64.007607 -6.576739
1.524099 -5.410005
-21.184103 2.096458
-25.495502 42.235485
-19.300516 -2.509329
-20.581982 41.634056
-30.775967 -4.147710
2.681888 18.827089
-12.751384 19.423615
-7.465580 4.960273
-36.369759 4.597155
9.806069 -24.141363
-0.836879 67.778046
6.387924 16.538342
51.086296 24.253222
-4.977273 -12.264463
-41.670376 39.362190
-20.078535 -11.826717
-33.265804 7.114263
-15.504981 33.572437
-1.429158 73.315140
49.883492 24.482325
21.067772 -47.363239
-21.988937 37.875828
9.783623 -5.136601
-37.935509 -6.096764
-12.381502 -2.319166
64.444092 -1.878102
1.654777 -54.738773
7.816272 13.942211
-18.275547 8.855935
-42.679657 -19.978230
22.212967 -47.887413
65.340797 -1.609661
15.452268 -28.147461
1.325002 69.004822
64.765472 -1.863159
-4.427132 -17.988741
13.917242 2.363781
66.016815 -3.110243
4.961341 -3.933056
66.289597 -2.046413
-12.310929 8.770060
40.637066 47.291401
0.983289 24.025822
7.303250 -29.971960
10.586573 -14.836167
-7.975508 -12.796341
27.276125 -50.183651
3.750211 5.095846
-6.849132 -4.213110
8.318622 -17.305426
7.206249 0.748321
4.307565 -21.620775
8.079279 -17.308838
22.398706 -49.417671
24.706917 -35.633396
27.100637 -30.291386
5.731675 -25.433723
23.493555 -48.301594
38.363247 46.241547
-20.989929 36.464611
-3.569734 -41.572193
64.942055 -2.959554
64.680977 -3.823737
24.518702 61.787907
-15.180739 -0.472859
-23.658752 -35.342133
-23.994520 -11.291515
-45.949810 1.132202
-24.126966 19.862926
41.399433 47.267780
23.197433 -18.863039
62.931473 -2.646746
-16.875683 -0.081165
-9.807158 6.372118
-43.855644 30.733437
-18.885296 -31.250292
12.161352 5.569698
-12.551467 -15.854591
-11.254144 -36.366600
-31.526997 -14.967362
-13.701584 -15.157327
-12.004350 40.635075
27.072525 -30.272314
-13.906411 3.416211
-22.172548 -4.417363
-16.685995 -46.608593
-26.554214 5.124509
64.007607 -6.576739
-26.200491 4.292907
-2.481116 0.221703
64.007607 -6.576739
64.007607 -6.576739
5.674487 0.673461
-8.232807 -9.415277
-24.027172 19.688295
64.007607 -6.576739
7.050800 -37.787273
-24.189320 57.196609
14.469352 5.086083
-44.864658 -14.624607
-7.907176 -24.225285
-19.465153 33.259064
7.665550 -2.064573
-10.722408 35.237415
-0.436954 33.964893
-6.811948 -34.479565
64.007607 -6.576739
78.608299 -2.738431
-16.686016 -46.608604
-16.685989 -46.608456
-1.444945 -0.439496
-23.462986 2.989976
-5.074505 0.549141
-0.200910 23.889908
-15.501179 -3.907681
5.590959 9.870863
-16.704645 -16.135832
11.456187 -4.630680
-24.018124 -3.366645
-11.682138 -15.027997
-6.830252 -17.678188
-17.408276 -15.463341
-6.410992 1.914854
-11.823487 -11.469569
-6.761017 1.880501
64.007607 -6.576739
-43.951912 -2.789443
64.007607 -6.576739
-45.098560 18.670832
0.323717 25.979727
-39.948746 1.487175
64.007607 -6.576739
-17.069855 32.548702
6.805547 11.264956
-19.182756 10.809769
5.940381 -4.914360
-3.363646 -13.870046
-11.904042 22.067802
-20.385939 34.648758
-18.378223 33.988033
-21.191496 38.773651
-30.888437 4.316893
-22.435537 35.029091
65.673134 -2.147104
-1.568806 1.490453
-62.393978 22.032564
49.938805 26.604084
8.820436 -33.771111
-20.923359 22.900791
8.812418 -3.693737
-34.090466 28.164345
24.570105 28.420143
69.624168 -2.187253
-1.696336 -6.063306
-19.913559 -10.183164
-12.837246 44.208481
-13.556684 -6.269685
7.133749 28.588564
2.790113 -55.190449
4.854411 11.016518
-41.670376 39.362190
-12.650970 -5.331184
0.339491 -8.554168
14.092159 -34.537746
-21.890854 35.291004
-33.362274 7.046659
-4.486758 18.681889
26.695456 -21.423452
-20.298159 -14.570790
-44.902657 19.474470
-24.545139 -11.104508
-13.640855 -22.320250
28.983269 -4.104990
-60.921570 29.877224
-29.663168 -17.929596
-37.222839 5.044479
-30.799589 19.453068
61.692337 0.074786
-11.841869 12.371320
-19.858040 -10.286906
65.745262 8.167797
-13.945281 6.244510
-21.677954 31.600822
8.538373 -28.809998
-14.980464 37.967182
-12.195659 -11.878189
0.115124 67.939316
61.692337 0.074786
-23.998447 -31.310444
2.218713 6.376684
2.407692 8.747603
9.983974 0.120892
-31.172300 4.303671
17.039755 -8.141978
26.690220 1.119353
14.092207 -34.537716
19.062889 -41.911499
23.624031 -36.348713
2.291709 -57.635834
-22.863659 21.847692
-35.235741 -3.803760
-33.493736 -1.075128
-43.855900 30.733530
-8.125045 15.050017
-10.886915 -15.196896
-11.699962 -4.190719
-17.757828 0.614251
-22.527058 31.277622
-4.247454 23.260654
-14.958035 -4.848531
-1.503138 -35.214493
-6.973291 10.811481
-9.504261 12.275077
-24.189320 57.196609
61.692337 0.074786
-11.047266 -18.311569
-41.670322 39.362156
-39.760036 2.302498
3.331161 -56.252190
-61.991287 -3.768102
-27.683090 -31.328979
-30.319471 -20.828514
-25.281940 -16.467211
15.553566 -5.604849
-27.401777 -5.086745
-1.777526 -31.981316
64.007607 -6.576739
64.007607 -6.576739
64.007607 -6.576739
-9.678258 26.130600
-10.911132 -13.456203
-13.560401 26.503435
-7.505504 1.975698
-24.637295 -1.915281
-38.528015 16.508295
-0.150339 -29.792713
-7.013784 0.260594
69.914589 -7.016513
-44.576469 18.918427
3.737150 -9.265482
3.566285 18.720825
-17.106140 -10.470986
34.076630 13.146598
69.914589 -7.016513
-20.093187 -17.066555
70.446609 2.827667
12.381656 7.211472
-6.811954 -34.479546
-0.674495 32.449337
20.135824 5.404718
70.446609 2.827667
69.624168 -2.187253
-4.112448 -1.748986
-2.345232 28.133768
-22.571909 -7.566954
17.800198 -16.486376
-17.535831 -29.807888
-18.758070 21.238771
27.177580 -30.280762
49.883492 24.482325
10.179879 -46.910461
21.325861 -48.257896
51.086296 24.253222
-10.004874 3.510704
-5.881239 16.264881
20.264555 -52.586536
-61.577351 29.619061
-7.502594 -8.515353
17.999001 -1.422527
15.559192 -28.854927
3.406556 -3.669473
-20.284018 2.463580
1.461834 66.759659
0.619458 67.157539
19.062683 -41.910069
11.231652 25.841894
-23.023533 26.916840
10.579877 45.176144
9.984472 -10.026093
-10.741572 0.094952
10.221888 -12.336365
-61.991215 -3.768056
-39.403122 -9.269192
-44.864658 -14.624607
-45.949986 1.132196
58.546581 -4.398498
39.814491 47.616833
-11.457975 -8.162144
-13.543587 20.096741
22.612711 5.786772
-12.476305 -30.991636
21.831301 60.701420
-45.507004 19.046045
48.930107 25.692089
12.640527 -1.790260
-15.629779 27.382643
15.082397 19.664934
-4.638579 -15.513932
3.097688 -56.228825
-20.042961 32.123650
-25.119057 13.050345
-3.226098 -24.080883
4.591123 4.548986
-2.969670 16.406656
-40.863003 -31.797739
-2.181661 12.851627
69.624168 -2.187253
22.466557 -21.909267
-13.607511 -3.710237
23.153563 -37.307274
-30.638777 32.287159
-30.638803 32.287487
22.841618 59.657650
33.939560 -7.881497
11.410572 44.755474
23.227051 61.054672
-42.058792 21.910301
14.451986 32.556549
66.700523 -4.198454
-2.322199 4.730712
0.420657 -2.643456
-5.165460 6.130692
64.113350 -3.733650
7.211481 -30.330759
-12.087579 -10.007317
21.831301 60.701420
-21.260008 36.367954
-10.411339 -15.336408
-52.015873 29.223475
-10.866657 8.463326
1.255336 14.737360
19.582705 -33.605022
-41.003063 16.493505
-25.720587 36.207668
23.306789 -46.620842
-24.965818 30.051226
2.261729 21.727770
-16.418301 -1.649715
-18.657259 -6.733181
-19.601809 -15.953035
12.808876 41.572609
48.586971 23.557104
-8.593788 -46.650116
-61.577351 29.619061
-6.802816 -14.985396
-5.538056 -19.988535
-0.977707 -27.285681
-15.515121 43.051933
11.231348 25.841919
11.490200 -7.942357
10.767233 -34.954098
-32.549183 -4.530092
-1.637286 -9.505054
-4.182250 4.431092
19.711470 10.780779
-19.108744 -23.075624
21.831301 60.701420
23.227051 61.054672
-14.817815 -12.204953
3.112687 -5.146878
15.109970 -17.358831
27.058661 -30.139877
-52.449924 -5.524942
68.900108 -10.379466
19.436529 -5.587407
-1.180506 12.155038
-7.923504 19.701223
26.323675 -13.641494
-47.231438 -2.932761
69.624168 -2.187253
69.624168 -2.187253
69.624168 -2.187253
23.227051 61.054672
1.844763 -2.692705
22.852446 62.487160
66.762886 -0.986498
-6.525953 -32.158333
66.847252 -2.193599
6.747200 -14.339206
-16.908421 30.473169
-21.238295 -2.303877
-19.318924 10.807604
-29.220098 29.160559
-8.379388 -40.915150
-19.087555 -22.991680
-7.892268 9.092203
25.275484 -47.365063
2.790113 -55.190449
-4.882767 3.242383
66.700523 -4.198454
65.610939 -2.688778
-40.657448 7.436794
-28.805668 -36.369610
-22.988165 -5.816763
-62.095112 -3.766754
-30.954834 -3.987322
3.168503 -18.460033
25.058468 -48.551109
-20.034653 -19.364616
-5.720666 -7.651067
-20.313000 -28.280933
63.381680 -3.013385
-26.075720 3.197486
-24.432644 5.284069
-4.925810 -8.522870
4.335872 7.144355
-16.821857 13.973872
-10.341129 -16.665577
-15.269531 -34.325558
64.388252 -3.734334
11.101265 44.399502
64.007607 -6.576739
64.007607 -6.576739
-21.291155 36.808807
-15.515121 43.052067
8.333352 -2.018278
-31.900253 26.192041
-2.614922 -25.620325
-30.581003 10.556455
23.810581 62.564114
-24.225622 3.294355
64.007607 -6.576739
-11.512749 -2.638012
-46.151127 18.125519
-1.310027 -11.060104
6.348670 11.737910
-10.770604 -17.359745
-7.720475 3.444431
41.017334 46.645691
-5.330951 4.444932
-20.349094 37.718761
65.614563 3.530286
65.614563 3.530286
-2.935698 -10.915993
-6.344373 8.524406
-2.970691 -15.036382
-17.637760 -3.998641
-20.992590 36.462116
-27.569622 -25.510700
-23.897572 -26.066732
10.179759 -46.910355
-9.482954 -14.407895
-9.798285 17.986717
-35.506584 -2.523922
5.213653 46.341072
-13.319270 16.670433
-22.059683 29.543844
64.007607 -6.576739
-18.025524 18.561380
-22.922520 36.010296
-23.121773 8.512097
-13.175468 -24.767681
-19.728319 38.103298
-12.062341 40.530434
18.059734 -1.886732
16.968863 -8.067903
-19.179222 -12.989948
-24.730724 -1.632479
61.692337 0.074786
1.906749 -20.414886
-29.657860 4.663076
61.692337 0.074786
-41.533997 -32.085720
-24.504175 -27.622107
-17.244570 34.684994
26.042412 -19.719656
-8.978200 -15.617774
-0.301801 23.945549
-9.207401 -12.628003
73.803673 0.132651
58.546581 -4.398498
-33.490719 -10.107669
61.692337 0.074786
1.104210 -17.490982
-16.291418 -3.283568
-43.085392 -10.146573
-6.670851 28.125416
61.692337 0.074786
82.039658 -3.160612
-8.533885 -11.155725
10.167616 7.111038
-45.098560 18.670832
-27.598801 17.490767
4.772531 -13.556094
-5.497209 11.389433
69.624168 -2.187253
69.624168 -2.187253
9.965640 -10.176576
-23.395899 35.193012
-29.657764 4.663112
-29.657860 4.663076
14.485686 32.540382
-11.491968 13.700286
13.528146 2.932965
-5.596525 13.524781
-0.132292 -15.429443
23.617477 -36.599766
21.962465 -46.484768
9.735251 -28.520573
-27.598795 17.490761
-12.309880 5.931662
69.624168 -2.187253
-15.192031 26.514685
-15.581087 -10.940371
13.998022 -5.927893
-13.789001 -13.217020
33.939671 -7.881470
21.946264 61.929104
-12.198186 -19.947094
-15.504708 33.572323
-16.203806 11.784902
-0.394833 1.057658
48.930107 25.692089
-33.085564 -9.003245
-33.449474 -7.923968
20.070593 -46.922176
19.062706 -41.910637
21.723551 -47.178905
0.203586 68.427948
65.083733 -0.896277
65.596092 -0.769029
-13.892893 0.198316
64.236420 -2.539070
-9.887315 14.350626
40.917076 47.884239
41.399433 47.267780
40.592560 46.191555
40.040157 46.816395
23.444323 -36.459476
10.072222 -12.300384
7.824556 -5.964080
22.212967 -47.887413
23.065025 -29.738947
-19.878553 19.699333
-20.869583 25.863863
-10.386332 -4.669059
-5.743486 11.708640
-7.818760 17.882421
23.227051 61.054672
18.824667 6.917469
28.821245 3.806027
-42.973850 20.215059
-24.561636 18.157967
65.719879 -4.297714
-22.331800 -14.920433
0.853444 -3.834758
-45.657398 6.446692
-25.437590 -18.442612
23.810581 62.564114
25.138472 -41.065693
4.418634 -3.892321
-4.803600 47.219688
66.700523 -4.198454
-16.605064 -6.328503
19.534241 18.562326
3.215312 3.128640
29.134922 -36.442345
-28.197756 2.537908
-20.113792 35.617752
23.646847 -36.580173
-6.895364 39.238678
-12.165977 -19.901205
-21.312305 34.317852
63.576385 -2.166342
-6.770964 1.580273
10.619282 -1.920159
0.713259 -22.736898
-2.019750 -9.110779
10.983367 45.377525
-24.422794 -3.534400
13.424944 -44.570843
34.205616 12.844729
63.576385 -2.166342
-28.275797 0.856689
-12.275048 8.134199
-10.855811 35.492882
30.867876 32.878815
10.172925 15.776438
1.242328 22.939871
6.518875 16.508717
-0.016607 -16.876148
-10.517185 6.119894
9.473637 2.178195
-35.690544 -8.334641
-6.740643 -31.316118
64.007607 -6.576739
23.065159 -29.739977
64.007607 -6.576739
-5.598052 13.759480
9.419291 -8.064298
2.072144 -54.512566
-41.330589 -32.283005
-41.249149 -31.616087
-4.437366 -29.215811
4.942713 -11.402795
-10.164869 -5.464760
64.007607 -6.576739
7.915288 -34.551201
-18.171722 18.576035
-24.189320 57.196609
12.279193 19.320671
-21.162357 22.018036
10.221858 -12.336595
-61.577351 29.619061
-25.219458 -42.258690
1.630689 -28.205500
10.532953 -31.193739
40.917076 47.884239
-62.588036 20.791483
-2.416685 15.210907
48.930107 25.692089
23.033218 -49.734726
-1.013628 -22.330004
-4.099051 20.155581
22.239334 14.989541
-7.800921 -17.988018
-26.861406 -9.550526
3.990808 -6.450191
-15.205346 22.432127
64.007607 -6.576739
-19.700022 41.375603
64.007607 -6.576739
-8.857913 -10.119138
-4.803600 47.219688
-19.707024 8.745682
-17.320866 -14.709384
65.614563 3.530286
23.661070 -49.939827
5.873968 -10.099726
-19.545311 32.650238
-44.576679 18.921965
65.614563 3.530286
65.614563 3.530286
20.811497 -49.133095
65.614563 3.530286
65.614563 3.530286
19.529840 -10.847664
64.007607 -6.576739
-4.055866 -11.395339
32.243446 1.686519
14.344298 5.021832
12.593741 10.464682
48.930107 25.692089
3.713147 -55.575089
0.195789 -5.330628
-15.079450 -5.793792
21.766588 -50.085709
24.271740 -42.139473
64.007607 -6.576739
-2.713965 -10.822498
29.980125 33.597851
30.867876 32.878815
30.381571 31.010748
29.317213 31.588144
5.001678 -6.725662
-1.485957 -3.812982
-40.681675 38.455406
64.007607 -6.576739
64.007607 -6.576739
-30.171692 -6.444729
64.007607 -6.576739
21.047842 -49.729340
13.931516 5.362074
6.389481 -3.501043
3.530217 -57.270267
10.888058 -47.391930
-0.734631 34.123558
-6.933807 11.083042
8.626750 6.055834
64.007607 -6.576739
4.073401 -55.259430
3.604651 -54.474537
64.007607 -6.576739
9.623840 -28.579428
-42.322392 -6.594867
34.076630 13.146598
13.764505 -9.401107
-2.705823 16.674503
-19.027885 -22.678455
2.417994 -56.293087
-6.455730 -12.684154
-24.189320 57.196609
-19.545685 13.352356
-5.251595 -9.797717
69.624168 -2.187253
1.973927 -15.712945
-1.328923 -17.832226
19.529831 -10.847674
82.039658 -3.160612
-48.367798 -23.627134
-10.788539 -9.756755
69.624168 -2.187253
-19.655714 -8.069901
3.986934 6.720613
61.692337 0.074786
-36.051598 4.339812
-3.641562 -11.503238
61.692337 0.074786
-34.214283 -13.493873
24.479166 -29.745481
-3.176970 26.662558
-35.541641 -2.421907
23.227051 61.054672
-45.098560 18.670832
19.436529 -5.587407
-20.232534 -9.375179
-18.698853 36.291180
-1.428810 73.315262
-6.046580 7.855107
-30.999620 -0.929838
-14.137300 -10.198420
-16.958889 34.543152
-20.676256 -3.722608
23.648310 -36.578793
51.328686 26.113379
61.692337 0.074786
48.608776 24.260590
2.694881 3.128675
-15.244922 3.178344
6.951243 -27.970211
41.399433 47.267780
-26.200922 -6.843818
-11.795140 -4.146014
-25.119923 13.050532
-0.836879 67.778046
22.528450 -45.803078
-45.326984 19.384098
12.381655 7.211465
6.303980 -33.968510
-8.773148 -6.444215
-22.344213 33.261429
-2.588423 19.423536
22.469122 -21.889977
0.839247 10.930173
61.692337 0.074786
61.692337 0.074786
1.914986 -55.501884
8.569486 6.038280
-27.917429 -0.238293
3.731726 -44.204262
3.731727 -44.203144
7.944547 28.656164
-8.121085 7.028029
14.067164 2.443525
-2.723548 21.239735
-36.499146 11.338852
-28.701818 -15.593286
6.215580 28.642588
-30.633659 -22.446215
-0.293601 -12.721740
-21.444376 -1.639825
2.898832 -9.268650
-2.572340 32.095398
-8.333612 15.516149
27.140041 -30.277565
49.883492 24.482325
3.765282 -56.797100
61.692337 0.074786
-16.420574 -23.067436
-18.876076 -17.986773
-5.190595 -3.182798
1.429516 4.343489
47.625496 25.227322
-14.769854 12.808657
12.421677 -46.655972
-12.059248 16.804621
-11.024364 -27.829817
-11.758590 17.456633
6.550398 20.303205
-17.236385 -19.488697
-12.691183 10.979892
4.712122 22.827940
14.089466 42.950096
-12.556609 -13.925119
-4.332631 -7.432220
-6.212255 -13.258692
7.944524 28.656672
64.007607 -6.576739
0.509079 -18.091179
-21.021385 17.824057
25.327440 -9.734320
-14.378441 8.242043
10.783101 44.395847
-21.183521 36.360947
-34.765533 -8.539323
-11.237584 -26.959442
10.570711 44.562283
21.234159 -7.954390
-23.557268 3.491698
-19.558502 3.855614
-1.429161 73.315056
69.624168 -2.187253
-34.767696 13.806553
-16.844582 5.238088
2.952612 -27.171738
-13.924480 -8.391449
17.419254 -4.918616
-12.446689 -12.412786
-13.589491 -8.198460
14.089493 42.950115
-16.962477 -1.500351
-3.211160 -3.145958
-4.082720 -29.993431
69.624168 -2.187253
-4.247453 23.260679
0.946847 11.986790
-19.148802 -24.968964
-20.916195 -25.904860
0.753543 -3.895530
34.404007 13.534181
48.930107 25.692089
70.446609 2.827667
-14.149887 -20.609608
13.564985 -32.416958
-3.367479 18.083736
14.485743 32.540375
0.619458 67.157539
69.624168 -2.187253
-4.261894 -2.623884
47.659946 24.251076
-15.836731 16.700701
-15.836814 16.700750
-13.553424 20.147127
69.624168 -2.187253
-1.777526 -31.982105
7.726502 16.889267
18.486586 -24.382917
41.017334 46.645691
51.224480 25.268343
-40.785862 -12.560329
-0.078884 5.531092
51.086296 24.253222
1.615537 -57.095261
22.106121 26.049349
-18.885366 -31.250166
1.156937 28.974512
-7.934128 -19.047905
14.089466 42.950096
26.952393 -47.887222
14.089410 42.950474
3.311888 15.259527
23.227051 61.054672
14.105191 -2.220243
4.711569 25.756365
62.637657 -3.036362
1.230329 37.081806
-1.276095 4.194511
10.179837 -46.910282
-42.058784 21.910240
-25.782736 -1.048542
-27.811626 -20.247316
64.007607 -6.576739
-2.704708 -21.589003
-37.470089 -12.626522
23.979467 62.758884
-38.279053 -0.135521
-25.200996 -11.098979
-18.880589 16.844402
-4.868570 -13.273929
-38.578323 -1.476582
-0.536928 66.201134
3.460866 -0.919138
7.427614 9.115428
-2.158403 5.053217
-13.597276 -30.371571
-32.148777 1.721262
34.209187 12.841623
-21.250418 37.939899
23.065031 -29.739185
13.425179 -44.571331
69.624168 -2.187253
-22.073526 13.512969
-6.282556 31.382618
-6.282648 31.382090
20.607409 -46.935738
7.211157 -30.330774
-52.375469 -14.774246
31.110281 31.562544
69.624168 -2.187253
70.446609 2.827667
-19.812298 2.475098
1.215311 37.133659
0.765133 8.278908
48.224815 23.630259
50.057713 27.398191
2.296583 67.606018
1.572531 66.403770
-29.318718 12.269335
-5.152309 -17.054377
69.624168 -2.187253
-6.903191 -5.069276
-35.331406 3.834243
-17.830591 -15.989592
-6.034662 -21.795582
-17.344587 -13.722210
15.322900 -17.375500
-12.646184 -9.007457
-13.861794 -0.827872
-31.115837 -23.306143
-16.137545 -39.885391
69.914589 -7.016513
20.220135 5.140951
-18.948288 37.510296
65.241539 -3.816289
0.993365 68.014351
0.835046 69.161324
25.138458 -41.066109
-4.579130 -18.156246
20.272432 -2.529442
-3.112020 12.430628
19.921848 10.031047
-24.880310 31.447531
23.616385 -36.600101
-6.895364 39.238808
0.968139 68.030380
23.453255 -36.456593
-20.205048 -5.400974
-21.613070 -6.973923
12.861241 0.394994
-20.985497 36.696819
-31.012360 34.479927
-33.652496 26.135624
13.825729 -42.519173
-9.204189 -5.363971
-42.555084 -20.274601
-14.005559 -25.804642
-15.556013 13.260080
-62.890560 21.158846
-31.308216 -14.667472
-18.897438 -4.315846
-12.827003 -0.108070
-17.922163 -27.072561
-17.605848 -8.223368
64.007607 -6.576739
-5.273882 -10.379332
2.420128 25.317247
-31.896669 12.387002
-26.843012 -17.190760
5.776186 -2.451204
-0.809023 12.504903
-21.296862 36.806519
-41.851295 2.504255
1.705855 -1.572604
-13.607521 -3.529845
-10.299645 -16.664944
-34.009258 -24.417891
-24.579453 20.681555
-26.337255 4.616678
21.667807 5.748540
21.131096 -46.918518
-8.591529 -46.655552
15.452303 -28.147346
-10.468907 15.849643
-11.528408 -7.481025
7.132418 -8.310119
28.986832 32.234024
-9.158612 -8.217446
-9.594181 11.571983
-28.209105 14.496650
-3.549798 6.099802
-35.069221 -8.443890
69.624168 -2.187253
-12.297766 4.197021
7.138973 -32.462952
-62.773762 21.788338
-18.742525 -20.254610
-7.411052 -0.417222
-5.420940 16.421814
13.570209 12.407179
-25.495512 42.236031
21.177763 -37.898224
-28.155294 11.021996
1.257997 36.963287
22.106125 26.049276
-14.619931 -2.077092
34.653423 13.075729
33.939671 -7.881470
19.593288 11.598812
4.770502 -8.903028
49.883492 24.482325
82.039658 -3.160612
-25.370132 1.874062
-4.307851 -6.006017
-21.928049 7.069865
-16.867489 15.373484
1.257997 36.963287
64.942055 -2.959554
-7.395093 -13.620670
15.486887 23.463732
20.598377 -45.582649
3.255301 -18.573244
21.479076 -46.679756
1.128303 -6.182150
82.137291 -3.553604
-12.532365 5.449062
-17.318073 -38.511978
-5.815502 -11.109875
-19.259689 24.738173
14.879070 33.376644
-20.497551 -3.636705
6.920078 -26.701656
12.490095 7.252341
-4.837992 0.251491
4.747124 0.664513
4.378172 -39.333656
35.149952 -20.207279
-13.349746 -22.613716
-24.779423 31.439419
13.920279 -31.562922
-18.642618 35.427174
-14.797780 -16.918522
-41.002987 16.493769
-10.696256 3.271497
-18.348753 35.842163
7.937901 14.070757
2.703003 3.148497
11.839712 0.163366
4.378172 -39.333656
-16.180809 -17.923628
-10.580767 -40.815582
-10.580772 -40.813820
7.384715 -35.293743
1.914986 -55.501884
64.007607 -6.576739
33.420795 1.481204
-5.561732 -26.577314
6.720215 5.280260
7.096686 -35.191185
-12.134456 -15.377985
-12.191091 -18.941721
-7.277739 -10.714967
-18.932713 5.216290
1.914986 -55.501884
-17.902428 18.673239
0.619458 67.157539
0.064663 68.581596
21.325861 -48.257896
-6.161120 7.440677
1.551825 67.376770
65.614563 3.530286
-7.049042 -33.741951
65.614563 3.530286
8.997089 10.470164
-6.129814 16.609064
40.040157 46.816395
22.566523 -49.082943
21.245834 -35.631218
17.255236 -8.121824
64.007607 -6.576739
11.120943 -8.964991
64.007607 -6.576739
-45.326984 19.384098
4.171099 -11.249209
49.938805 26.604084
2.183919 -56.739872
22.293945 59.841995
21.831301 60.701420
24.518702 61.787907
-35.849586 21.831724
-25.201067 32.400475
-16.669083 39.628796
-19.334850 33.569748
-16.137547 -39.885612
82.039658 -3.160612
21.557501 -0.482518
-15.515121 43.051933
7.708349 -12.532524
-11.463588 -15.454481
1.627827 -20.609341
31.436508 1.787286
10.795036 44.386986
-19.339664 28.555405
49.127541 27.513294
25.536861 -35.209309
19.062693 -41.910297
3.309773 12.407679
-51.911716 29.168129
64.007607 -6.576739
-12.215009 -1.915294
14.092206 -34.538143
-11.088655 35.258724
-8.301697 1.529011
61.692337 0.074786
-1.428810 73.315262
-32.811279 25.980307
-21.192717 -23.627216
64.007607 -6.576739
61.692337 0.074786
7.994447 -10.709137
-12.335039 -13.365608
-0.809112 1.395170
-3.615798 -11.329507
4.737582 -19.042082
-3.497527 7.111171
-12.158348 -5.603255
19.582901 -33.605221
16.106476 8.863205
-16.137545 -39.885391
-2.621795 18.320023
-16.312397 15.736180
61.692337 0.074786
-25.619633 5.462071
-52.375526 -14.774225
82.137291 -3.553604
61.692337 0.074786
5.456273 -17.002268
-7.140097 -9.928925
-9.644195 19.743629
-16.129951 -9.120493
2.955565 -56.944523
11.948211 10.322254
61.692337 0.074786
8.074774 -4.094425
7.264685 -1.859803
-2.696121 -24.214020
3.731726 -44.204227
-33.393223 26.062023
-16.364241 29.315147
-10.864530 -5.420598
69.624168 -2.187253
-7.252207 -6.537310
51.224480 25.268343
-17.868288 0.607553
10.560499 -34.713348
-27.554672 21.424501
-9.085670 2.720087
-27.554579 21.424541
-7.077018 -2.777943
2.537377 0.767833
29.997175 -12.213127
9.071264 8.447367
-4.738523 -15.711970
-4.018953 -3.459446
15.486887 23.463732
1.588060 -28.132061
-41.484867 -33.378357
-39.265553 0.301157
-27.447233 -5.012925
2.426597 -1.128784
-30.072050 9.897305
6.275809 -5.530401
0.322308 -4.312747
4.896776 -17.549595
-21.601049 -23.774679
-20.796541 -21.795902
-24.504175 -27.622234
-2.627314 18.346117
-3.999002 -8.321068
65.036163 -1.523633
-62.077496 -3.770317
-20.177092 0.649764
-23.077967 -10.252637
-9.895412 -6.324216
1.557873 -24.345015
-12.371339 7.980290
7.211163 -30.330847
22.934156 -50.246464
51.103741 26.459171
19.062920 -41.911819
-3.025891 -21.390348
-13.630728 28.585335
-3.383373 6.033624
-36.395031 -5.218751
-21.153364 18.069767
-45.098560 18.670832
-45.098560 18.670832
8.486596 -31.349678
7.144339 -26.828714
48.608776 24.260590
24.353462 -41.986660
-12.001239 -11.112585
-8.921114 -17.932468
-9.487640 -2.497750
19.534241 18.562326
-7.520043 -15.420972
-27.263998 6.921987
-61.270226 30.046127
-18.662727 -17.859797
10.487889 44.766167
-21.410542 36.518311
-12.190207 32.587132
-23.578863 33.332390
66.016815 -3.110243
-40.785809 -12.560327
40.917076 47.884239
-22.591364 28.717169
-23.258528 -8.870677
-5.930636 -31.419662
40.040157 46.816395
66.000084 0.245726
-15.052610 6.007199
12.007186 -2.054622
-31.115086 -23.306145
0.664606 -26.002157
-21.805649 -13.019394
-30.535591 7.387511
17.545902 -2.851467
5.026985 4.101140
25.226913 2.518942
7.333618 -8.737862
-1.906542 34.237583
21.781006 4.626390
1.606070 15.071981
-12.167038 1.521420
-5.983499 -9.601783
9.896160 -2.741589
-11.622729 -22.453150
-13.416006 35.352779
-36.727806 11.358497
64.753967 -0.277005
-21.749052 -8.492087
-32.562206 -15.689275
65.719879 -4.297714
-16.137486 -39.885509
65.390900 -0.306288
65.390900 -0.306288
-51.316544 3.836438
12.178833 2.550173
1.769294 -22.706923
-9.960561 -6.695001
-13.507545 3.791255
12.927549 -6.323682
-6.961411 18.950634
21.557499 -0.482518
-27.683226 -31.329182
-7.236578 2.752947
-13.170028 26.144411
-23.658972 -35.342857
-13.487556 26.488550
18.486586 -24.382917
-62.588036 20.791483
-26.696163 7.426921
-21.373417 36.717354
-7.300719 5.199188
-6.757257 -3.620524
15.589008 -40.522469
-34.306114 7.392212
22.852446 62.487160
-6.519204 1.069570
10.580277 -19.082806
-16.847206 -9.459723
-17.552086 -9.395738
11.410572 44.755474
-21.034201 28.211636
6.235718 16.332071
-2.694936 -4.961677
-3.035162 10.311758
-5.928762 -11.112175
-6.696225 -7.017686
-6.606098 -7.343290
1.660218 0.665355
15.609120 3.649811
-33.133736 -41.248619
-6.841790 -1.413209
-11.486535 -17.279657
-27.453310 -11.247488
5.213658 46.340767
-47.963013 14.717924
-38.047211 25.577932
-44.656643 19.237820
0.282656 66.192520
-6.428135 -11.801557
-0.188427 12.684139
21.396511 -16.275415
-9.203568 11.486948
4.744170 8.464710
-44.864605 -14.624602
30.773685 -42.455772
-43.085621 -10.146624
-0.861071 -11.711993
0.282886 69.163284
-37.470089 -12.626522
-9.520229 -24.425375
41.378078 46.512081
23.227051 61.054672
5.998039 -12.543721
-9.185956 -4.857485
-18.224586 0.106087
20.245056 -2.490193
20.244902 -2.490178
-32.196739 -10.101274
-19.963442 36.952721
-1.323990 7.167177
-24.651363 22.136644
-18.060579 -12.713670
-5.586629 4.386628
-27.948799 -14.786944
-0.310892 67.007370
2.219890 67.319000
23.384356 57.223560
-31.611151 -15.215532
-27.569614 -25.510279
-31.115149 -23.307142
-4.897271 1.125735
2.200478 -7.177821
-40.805737 16.569576
5.465877 7.647387
-33.056492 16.415064
11.437986 10.065461
21.234142 -7.954345
-21.805405 -4.712765
7.384770 -35.293640
65.614563 3.530286
-8.076138 -23.663313
-27.930183 -14.949087
2.825200 -16.311489
2.417568 4.719853
-52.303120 -14.788391
6.142470 -35.238152
12.437052 -44.473270
-8.959991 -19.422033
3.542509 9.978879
-22.073526 13.512981
-12.466585 10.766677
14.089399 42.950191
-18.885307 -31.250313
9.678890 -5.155390
-11.833860 0.489250
12.204833 -18.531040
22.239273 14.989573
3.840001 33.341240
-4.891340 -9.597940
-15.621029 35.292870
-18.298306 -11.312437
0.879938 20.391087
6.491239 19.656494
-3.176970 26.662411
-2.345232 28.133768
-1.566054 11.791841
-45.098560 18.670832
-10.855811 35.492882
-7.146916 -17.532484
-20.145712 -15.885112
1.126735 4.639282
-14.491026 -5.877185
11.332722 45.204762
-42.322338 -6.594871
-3.983329 -23.233068
-15.969905 17.305695
-16.897564 37.864170
-17.515173 -2.289453
-8.229449 -24.791967
22.106150 26.049255
4.067367 -21.411020
-16.685989 -46.608456
19.814384 -42.191246
-16.685995 -46.608593
-16.685955 -46.608498
-3.630884 0.196145
4.067507 -21.410341
-20.959951 17.849152
-4.919187 8.768326
-0.884782 31.892441
-21.789608 7.650548
-36.388332 16.666115
-30.731384 1.803046
-47.231468 -2.932754
-18.234659 12.880559
3.742740 15.942993
24.535601 -47.613964
1.257997 36.963287
-11.904042 22.067802
1.914986 -55.501884
-29.282621 12.256785
3.604651 -54.474537
2.237555 -56.721809
-15.421553 -1.392223
-61.577351 29.619061
24.542053 60.376335
-0.220950 -24.139595
4.532008 -12.269627
-23.990896 -8.186009
-12.792046 -7.021977
-5.611365 1.949253
-22.244814 -15.045193
-20.478621 -24.152885
-8.355315 6.422877
-21.030796 -6.926075
24.370016 -46.853519
70.446609 2.827667
21.234159 -7.954390
-14.700281 38.970234
-41.537773 -31.877728
-41.537773 -31.877728
-41.330601 -32.282997
-19.308720 7.100177
0.442476 -9.874743
-19.770819 7.555737
-15.571078 -14.335849
30.381571 31.010748
-15.667448 39.603550
33.420723 1.481314
-4.859011 3.123533
34.653423 13.075729
3.043756 10.433628
-6.200323 3.989115
0.115124 67.939316
-10.287541 8.107093
-16.685995 -46.608593
29.134899 -36.442608
-8.539011 -3.104153
1.568333 -5.147003
-8.165428 13.094520
-9.325631 -2.400460
40.040157 46.816395
2.303605 -14.064461
-22.178633 38.785557
21.679455 61.546192
17.372190 -27.839245
-1.429169 73.314827
11.162572 -33.961590
11.386107 26.433659
10.968781 -39.907368
61.692337 0.074786
-11.462760 29.620087
-20.384747 -15.205451
26.695482 -21.423588
9.988020 13.212427
-4.963190 -0.014113
24.450041 1.047895
15.115017 -2.740175
-14.224277 -7.366659
26.222569 -7.588315
-7.405949 -2.009978
-7.209195 -11.958475
-60.846519 29.515158
13.418795 -45.188728
23.613541 -36.354744
25.327465 -9.734382
35.149952 -20.207279
11.072390 3.968620
5.301220 -1.924778
2.565234 -2.604811
1.254835 7.098939
-8.243121 -28.853037
-9.341898 -11.918055
-19.168884 39.361942
22.106125 26.049276
-47.430130 -4.734186
-24.152914 56.694138
23.227051 61.054672
-60.921570 29.877224
-61.270226 30.046127
13.168660 -43.901997
-1.342609 9.198677
-18.163164 -11.323785
-1.988137 37.597080
-17.201777 15.939346
4.691848 -16.159245
-15.335121 4.027168
61.692337 0.074786
-2.352227 -26.844585
-4.384000 9.227708
30.867876 32.878815
-61.151260 29.234001
49.883492 24.482325
-30.384357 15.731318
-20.597008 -29.869036
-39.554390 14.377536
14.587509 -24.047220
-10.567241 -3.111220
-14.369278 10.530400
0.955345 66.178230
-8.213074 13.420671
14.485141 32.540581
-20.437538 31.840914
-15.440284 -3.511965
-0.379666 -16.297470
-61.991287 -3.768102
-42.472534 -18.836901
9.972361 -0.096050
9.946557 18.596958
24.873861 -2.673704
6.717026 12.265663
-21.781773 4.327973
-31.896515 12.387037
-18.538698 5.117723
31.462105 31.872911
14.485686 32.540382
10.968755 -39.907188
-28.513910 1.133439
-0.854584 22.884298
12.435241 -1.102855
64.007607 -6.576739
-48.599907 9.632124
-4.303123 -1.703619
5.440902 0.402336
2.255108 19.101000
-21.904860 -8.965635
-36.139400 -5.154219
-20.972256 36.512627
-22.171644 -36.162376
61.692337 0.074786
-0.425820 -12.871127
64.007607 -6.576739
-30.160967 10.083117
-45.657516 6.446692
9.406841 -7.571913
21.234203 -7.954339
-0.017487 37.088360
11.386618 21.566067
69.624168 -2.187253
22.514149 -13.741239
-0.435692 68.847893
7.955089 -1.862677
-62.393978 22.032562
-12.169666 -18.346647
-10.373670 -4.790210
-24.411243 7.345610
34.653423 13.075729
-0.125026 -19.283216
17.807142 -16.500481
33.939610 -7.881511
23.227051 61.054672
13.413542 -32.442493
-18.246038 -21.299763
-24.726559 31.927111
-16.708477 1.700965
29.722610 32.770332
22.297817 59.842690
-6.250900 -22.660149
70.446609 2.827667
0.619458 67.157539
-9.335752 19.480148
-8.223365 2.536203
-62.076084 -3.747377
69.624168 -2.187253
-11.558571 -1.186525
-7.463053 -12.119730
-18.168785 14.698698
-16.019037 6.958440
-7.498149 -4.481034
-24.312260 -23.244102
-3.601597 12.118069
-17.618988 30.599524
-21.689678 2.172081
6.964974 4.290289
-22.594503 -0.288821
-17.129736 -7.465333
35.149952 -20.207279
20.725851 -46.235806
-28.805029 -36.369514
-3.807701 -21.061682
21.383942 -16.248516
-18.885303 -31.251284
-17.667740 40.264107
51.224480 25.268343
-12.974756 31.479069
20.615490 -47.604305
-24.027241 19.688234
-15.277232 39.286621
-29.993141 19.061897
39.814491 47.616833
-33.490639 -10.107807
-8.520555 -21.578699
78.608734 -2.738429
-15.780415 -14.846725
-19.612602 24.554050
-17.302664 14.136298
21.177763 -37.898224
-28.805054 -36.369576
-61.151260 29.234001
-13.932771 12.501805
-33.263557 -20.586653
-10.030360 -6.793976
-21.724787 -12.750542
-37.469547 -12.626520
-21.858068 34.031109
-49.582924 -15.535336
-1.481651 -7.344254
-17.998291 -9.300482
-18.280422 -21.419537
5.529831 2.063827
64.397491 -1.058607
-24.052563 -2.494524
-5.007244 16.636036
