34.355743 -20.902542
-18.067476 24.241692
-19.614916 29.995041
9.562835 -63.092884
-17.280478 28.766230
-22.677242 25.968767
-18.303074 59.620468
-6.630151 -20.586710
-23.320635 -44.457012
-30.243538 -16.844669
-30.171381 -42.652603
-11.362379 -15.262013
-0.802786 -28.243093
5.159586 55.117168
46.725281 1.399052
-25.709017 27.296299
-3.580442 -19.717693
5.452394 12.918140
-13.919250 51.996876
-30.985237 -44.584919
4.087195 -14.048626
-21.081373 46.316418
-24.873463 50.475380
13.305762 -71.078331
-68.818657 -28.518444
-24.289280 28.837605
10.104779 21.999411
8.216932 19.513506
4.195477 -59.962357
44.701572 27.496805
24.758430 48.203728
-35.868301 -23.875149
-24.006413 -59.498692
-13.528444 45.779381
-54.415653 13.727057
13.366920 -55.943504
-16.544481 -52.211174
-70.432236 -29.314638
-56.045601 18.035036
-25.715635 42.887535
-19.708521 38.049004
12.505078 -69.571098
-10.381074 47.663700
25.054979 1.255913
-22.661362 41.707912
7.490560 10.163724
-71.265182 3.448799
-0.216296 15.906763
24.003592 62.215290
24.136948 45.550018
-40.948792 -5.873021
-21.827415 -19.775433
-2.772888 -31.818672
17.355124 -5.564729
-55.797474 17.363873
-56.060074 18.367245
46.013752 -1.837670
-24.052586 -50.117191
1.344434 54.876392
9.221090 62.562675
-3.603667 -17.803596
-17.125916 51.213531
13.530680 -5.093568
34.646603 -21.651079
33.861687 37.905651
39.414726 40.643764
-28.083288 30.766985
39.414997 40.644131
35.130684 -21.999876
-68.818657 -28.518444
-28.072388 -37.258755
-19.948013 65.162941
14.019690 54.923512
-18.135622 42.475883
45.651039 1.574217
-12.909360 53.529995
8.681999 -63.296146
-19.260490 64.763359
-1.540053 12.156990
5.292299 60.572605
-13.907561 17.576872
-27.886391 -36.544628
42.154190 33.263577
-41.832153 0.467392
-7.678626 65.024292
-6.743961 60.074131
11.078899 -68.354256
-17.859306 26.366207
25.573502 47.962826
3.638881 -17.105318
72.051712 -21.299540
72.051712 -21.299540
-20.013968 13.904150
-32.264580 -46.300026
-68.818657 -28.518444
-13.042488 -16.381281
22.303143 -5.268012
40.766628 35.928493
-19.953947 21.345123
12.558570 -14.880638
-23.891741 -18.272860
-25.560555 35.316948
11.845913 -22.471066
-0.110950 63.943150
4.315627 -58.343750
-16.070848 27.286018
9.594398 7.369352
12.633378 -11.404171
38.515568 37.365032
10.665782 -69.959541
13.169769 -70.639259
-34.184090 -31.938301
33.123489 -49.201878
-24.396847 -59.220387
16.174494 54.419682
-1.525187 12.706533
-5.635250 60.028687
36.415489 37.078724
-21.868095 41.374317
14.784347 3.736800
13.101003 -10.463443
-55.486267 13.810255
-8.008758 26.622234
1.723867 56.327480
24.795156 1.026962
-16.495218 -23.847050
-10.737447 -19.366623
-4.724863 -17.435423
-70.334435 -28.172226
11.018857 53.730766
-17.578524 25.835493
34.550781 -23.098541
51.046856 1.374990
-3.334827 21.079107
8.349125 -57.371891
-15.224355 20.415783
-24.334503 -46.583389
16.344021 -7.103416
-13.395134 -60.436371
14.053990 10.311343
-25.109493 39.985985
2.240234 65.615395
10.885447 -12.769707
36.673508 50.859585
9.924810 55.527893
-28.983812 -36.883034
14.927854 -3.613066
35.624718 -20.899435
-20.036837 64.494316
-35.040749 -31.745871
-7.739572 65.127480
46.274536 26.199404
-29.693392 -42.353302
15.220760 -55.908478
-0.877592 -12.717592
-40.581177 -0.202071
11.903641 -2.759665
0.331364 17.733089
-29.565746 -26.361263
-9.375661 -53.916889
39.888462 -46.039074
-5.318011 13.658612
-20.237637 42.839973
13.612627 -7.010567
21.254429 -10.723597
-20.943163 34.224861
-12.458018 -20.617281
48.508774 26.315292
-19.502659 18.606535
-2.822189 -55.697109
-17.977657 -50.776463
-7.422094 26.904980
-3.194026 -31.485058
-21.097746 -50.569046
-20.999302 -20.031590
52.198544 -22.505596
-0.509055 20.681416
48.022240 21.456867
-0.509046 20.680565
24.003592 62.215290
-4.912597 17.300392
10.245934 -68.338593
44.792252 -0.416334
36.809895 50.092049
38.371498 -48.107800
4.755419 57.066814
-15.183653 48.611179
46.820812 -1.748374
25.474123 -12.187594
5.241751 -22.547724
20.727987 -13.773346
31.619333 44.074856
28.524620 44.380035
48.537128 21.691801
-7.661648 17.979038
18.148701 -5.180544
49.763710 39.938618
49.863255 39.366066
48.993664 39.634892
18.066734 -63.743931
11.506582 -69.172806
45.748192 0.556192
-0.988479 54.639946
4.119236 64.219391
-24.792248 -18.625668
20.628649 -9.165782
-57.005230 15.193184
-35.868534 -23.875263
72.752327 -13.280640
-8.690298 57.202103
-40.948807 -5.873017
-40.366821 2.305269
7.191066 -0.205666
72.051712 -21.299540
27.586594 47.026150
5.955522 -13.189764
-6.326903 -54.372211
8.770956 -14.657212
41.855164 32.334122
-9.355967 -26.353884
22.303106 -5.268003
23.884615 61.784401
0.241388 -12.800910
2.894972 -15.929535
71.909981 -13.930736
48.913567 21.631620
-5.739178 -28.991463
-12.631740 54.735565
20.354767 43.017166
15.950678 -0.562601
2.387012 -18.033464
8.390604 -18.593122
36.640671 40.898361
39.549191 36.385075
-5.261988 51.506119
35.026806 -49.383419
7.587478 -1.425294
20.628483 -9.165925
-18.660604 14.407784
-5.268586 20.003885
10.541570 -1.405783
-17.943169 21.746166
0.502404 -57.093994
-28.122541 -35.239189
-4.394534 10.104532
-4.394532 10.104525
-13.478578 47.844402
-25.493177 -44.137638
-7.684216 65.049515
2.421594 17.340902
-21.221090 -14.897084
47.449112 26.681700
28.224264 42.737179
3.760953 -19.307758
-14.918786 38.874767
23.557180 62.149826
-25.708824 27.296474
0.885641 63.221050
10.380613 -16.942957
10.043406 -70.687813
72.415771 -14.614937
-20.488630 -56.330719
-20.156143 55.695938
1.314382 59.878941
49.564259 -0.455430
74.686508 -12.024922
-24.441978 -59.226009
47.490360 4.534510
-26.917973 -35.351337
18.252768 -0.699274
-21.727932 26.271437
26.251804 45.446308
34.494469 -49.695541
16.994198 -61.729256
-28.990364 -36.859993
-22.221943 26.718725
51.046856 1.374990
3.367785 13.412082
-19.107214 48.991467
15.327480 -57.093174
20.921228 -69.574913
-11.142199 -23.340050
41.761566 -45.524345
49.290390 20.695850
-48.686062 -22.191099
-49.926292 -21.382915
27.916691 -54.500118
11.966495 60.977901
-1.515896 56.759853
-1.730707 19.250917
-20.431129 21.817076
51.046856 1.374990
-19.444843 -22.211716
2.341336 -15.757736
9.817575 10.205839
28.305876 46.026333
3.399525 -20.765429
22.770565 15.862774
24.003592 62.215290
39.888206 -46.039322
27.208179 43.761044
8.188984 -17.494801
-20.001110 -22.618288
21.973804 46.372692
47.490360 4.534510
2.791303 -58.874996
3.914162 57.585033
-11.911743 -27.246889
-4.254875 13.067383
27.956705 -53.218235
18.010790 56.408508
-19.548647 35.538082
7.302356 9.400942
1.968144 59.789333
-20.826206 30.297808
-20.826611 30.297995
2.740674 17.488329
12.567300 -4.222476
-40.019600 -0.722726
-15.617307 52.133659
3.243357 58.808418
11.891764 5.026694
32.743702 41.689327
-70.382881 2.658802
-2.772888 -31.818672
-48.863972 -20.929619
-23.980528 -59.549587
11.624517 -59.445103
5.657388 -64.029594
22.303183 -5.268012
-6.853113 56.088062
-11.944836 -15.011091
-11.136026 57.687214
13.274840 15.625721
-53.934738 17.299219
-14.844560 45.913204
-27.472900 -20.816267
-0.454746 -13.856538
-9.762608 -19.119812
6.767606 -57.438038
35.892849 -21.269926
-22.500879 43.247154
-40.819614 2.345485
-58.281174 18.282536
10.300411 13.561403
33.911064 -21.740002
19.305748 4.665325
7.082497 0.320045
-16.561653 -19.712532
-6.533153 24.010057
2.645007 23.954275
-36.120831 -23.784616
16.516535 -14.257579
21.413807 50.171303
-20.167812 30.918146
20.993574 -70.043358
27.687639 -52.076721
-31.361996 -31.169819
36.159164 38.286442
-26.784250 -15.840770
-21.362394 -14.636791
48.020634 26.544950
3.286796 18.158354
-12.664487 -16.337053
13.512081 16.009171
-13.688763 -14.671803
-25.015203 -23.211432
-25.470934 23.245415
34.616482 -22.316969
24.003592 62.215290
-4.738665 58.232983
12.071929 -3.285296
8.779821 -32.940372
39.888206 -46.039337
39.537174 -46.676285
12.558253 -1.184652
-20.013954 13.903905
-4.854937 -64.214996
0.840799 -58.795055
-7.580338 65.057434
12.641341 -71.394501
-6.631657 -58.682053
10.932618 -4.063269
-13.395208 -60.436352
19.208569 54.187748
27.024006 -50.707581
18.036558 -57.490227
12.586061 -70.014137
10.061391 -59.054970
34.037449 -23.000843
4.785044 13.569556
-58.281174 18.282536
-40.970119 -0.718771
3.127723 22.507460
-28.705725 -32.391373
12.110222 54.521946
-41.393219 -32.048744
-18.987755 -19.455656
-41.393135 -32.048271
45.745590 1.802016
16.113316 -58.352032
-4.104101 18.343536
-19.319340 31.309566
49.358158 -3.298839
-2.963332 -26.414009
-3.353162 -19.625023
22.300278 51.219513
-53.565250 19.926195
-15.054021 23.368876
-24.423809 31.428268
36.047806 -21.635544
-50.762852 16.953859
-5.508565 -19.275892
-5.118021 13.331200
7.547237 -21.496151
18.279118 -0.329535
6.414943 60.175911
33.812439 -24.421968
-1.453144 -19.489834
1.643761 -58.476517
-4.612134 -64.217354
6.767605 -57.438114
47.766201 -1.260029
-56.961811 12.473277
-22.221088 27.382683
11.222460 10.277612
27.640331 49.590424
41.761574 -45.524307
-2.815979 14.780572
52.086712 -23.216059
-7.230206 23.947657
-70.228714 2.710984
45.752964 -3.788633
-2.964552 -22.692705
22.694218 4.857569
10.242346 60.301949
-58.281174 18.282536
-15.752637 -54.952911
20.354767 43.016350
-58.281174 18.282536
-53.662979 15.262637
-20.205235 36.537643
43.344814 29.254061
18.754366 57.253941
-41.922909 1.942568
-54.824009 17.675993
-13.264279 23.214123
26.224314 43.114849
7.262555 10.861359
1.830305 -16.904367
-18.660629 14.407451
-52.733570 15.323431
43.603741 2.064639
14.366068 3.481753
41.668491 31.973749
4.811874 -12.389830
16.868725 -56.967361
5.603299 13.168745
16.429789 55.009415
-9.247775 -22.164217
-30.993887 33.837067
-35.627228 -24.679338
20.993574 -70.043358
8.681996 -63.296177
-21.725626 -23.592657
-29.962128 -16.772249
34.880772 40.129482
-49.195969 -20.318295
-3.192093 12.625045
3.662212 16.648426
12.103458 -7.750117
-35.867779 -23.874599
23.538429 45.392372
-11.040380 15.623387
51.046856 1.374990
-3.785193 -21.777515
7.803843 -18.013044
-24.200317 -59.272934
40.111378 33.837219
11.233461 20.895023
43.976910 -2.937770
-10.863615 26.363304
19.299271 0.073092
4.624077 58.974300
32.450527 43.146595
12.743734 16.296328
12.418624 -7.682410
46.698719 26.922237
-15.533760 18.090223
-21.008389 23.872995
-19.284142 23.061985
33.333611 -22.410679
-30.617697 -42.150097
-6.588908 12.698422
38.251194 35.416275
-12.947800 11.319368
-4.804102 -25.946650
32.111828 -23.206057
-41.598270 2.190976
12.261243 8.172020
-6.105487 21.497179
-30.341742 -39.608734
13.921851 17.651085
1.249588 -23.327415
-22.146139 45.848297
75.003304 -11.827838
-41.677883 -0.392947
-23.865828 14.403905
72.051712 -21.299540
21.621265 2.454871
21.621254 2.454843
38.071350 -46.115681
-2.730310 57.012722
48.867443 1.596677
13.526747 -7.884220
17.009495 55.569504
33.330124 38.461514
-13.380797 45.691158
20.354767 43.016834
28.900763 -54.613625
-20.155975 55.696461
22.770565 15.862774
20.526981 -69.609138
49.290401 20.695734
-0.654740 -25.541748
3.999938 -13.540395
40.358902 -49.017494
9.206964 10.412781
5.101225 -61.317577
-18.438435 46.800056
-3.227625 -31.576517
-17.651445 54.330021
29.520519 43.443401
8.629307 -57.152889
-22.965868 31.843550
-15.706582 19.931063
-14.215789 53.531242
6.202763 -59.596111
-57.558796 15.689185
42.255318 31.576813
-19.957434 20.715986
-49.605225 -22.105858
7.879433 59.112957
5.864663 -20.001966
-21.076746 34.626125
51.046856 1.374990
14.125594 11.972940
-15.138686 20.060438
-3.457266 19.225492
46.635391 27.409195
-28.360548 24.342543
24.532391 52.716034
29.543274 44.066147
-16.441956 -56.848190
-22.999098 45.099590
-6.934738 19.950567
-56.575302 15.156874
-68.818657 -28.518444
24.874210 -0.986630
17.204306 -15.531985
20.517359 -70.064682
-19.841116 -55.235931
-9.181125 22.491009
3.808799 17.702988
10.131356 15.671284
51.046856 1.374990
-33.574711 -42.889961
11.266496 -9.590708
-28.899189 -30.232891
-57.095875 16.637514
-10.997159 11.769574
-20.156086 55.696308
10.935631 -3.807513
12.454759 -59.479717
-25.013512 -23.213451
71.435555 -21.000017
1.642138 -10.561057
-42.525665 -0.701852
-21.958576 -48.855362
-22.652168 -18.078911
2.640991 23.950565
-39.128883 1.473772
-6.140101 -14.724861
-4.621175 -64.185303
-28.490448 -24.771830
-7.977536 17.514273
11.132004 -70.551003
-20.138405 64.907166
-3.187049 -31.784777
-26.050993 -49.619076
-34.993713 -38.426655
-40.953945 -0.272467
-42.438564 1.368764
-26.576540 41.989468
-37.620289 -41.727741
-36.120831 -23.784616
51.238251 -22.998169
9.834636 6.424994
15.278194 -62.669846
10.249191 22.072004
-52.538795 16.817278
-17.280651 28.766344
21.705292 -55.326973
-12.165655 54.658413
-14.358331 54.496563
25.152853 -53.999439
-17.997589 24.248007
-34.909546 -46.466335
-3.803035 58.755573
-23.324476 -21.109364
-47.992413 -26.940842
-33.862568 -33.156113
71.923286 -20.732855
38.992043 -48.686268
35.339481 -21.823591
-54.995792 14.340553
-16.884295 56.489460
-16.884295 56.489460
-2.917048 12.268943
1.095730 -16.670065
1.943005 23.883350
-5.952242 -59.071857
-56.806255 16.950413
-13.988123 -55.004604
30.143776 -52.532101
-17.796705 -17.872805
-1.332775 58.058620
-55.537914 15.483030
-18.305470 23.937950
-3.938750 17.091028
24.322638 49.364433
2.757565 16.492342
-2.713465 -31.754181
35.056923 41.291084
20.046402 -55.717319
5.260098 58.879925
19.779881 50.730515
-70.385803 3.351724
-16.941044 -57.014343
-4.854005 -64.212936
24.596460 45.638866
46.013752 -1.837670
36.441769 37.257484
13.120564 -69.411949
5.299079 -18.896015
-11.825426 55.811932
24.570951 49.013908
35.226238 -20.530134
-3.446776 -29.501661
8.748011 -33.567909
39.792683 33.404202
28.144718 43.216465
-42.213020 -1.001852
25.017435 1.217413
36.334698 50.777924
-70.334435 -28.172226
47.830479 -1.847452
48.801292 20.301867
-2.553888 59.809391
39.413815 40.643963
20.948952 -69.593666
-17.538614 25.673187
-14.148411 -19.598658
-27.635740 -21.621132
-69.778770 -28.832075
-68.656448 -29.472822
13.003236 -69.077049
-13.458661 25.763638
11.869740 53.183853
11.318225 54.293560
-69.500244 -27.726624
-55.222958 13.670678
39.908852 35.538033
35.232727 39.813377
-6.710951 -57.309692
3.822343 14.788316
4.467203 -17.973015
-24.391981 -14.101486
46.538605 -0.477624
42.290176 36.057377
-11.772119 -58.458927
-11.601875 -55.247749
-24.713318 -59.326714
-42.115135 0.360533
51.241287 -22.632298
-14.448629 55.184155
6.462515 16.088181
-4.755016 54.362576
-30.997272 -48.822460
-70.957489 3.638492
35.957249 -23.114716
-14.536165 -56.442314
-29.878323 -42.880947
-13.395314 -60.436150
15.226138 7.624526
26.225828 42.557289
48.534969 20.947882
36.301514 50.156883
-13.487147 53.901939
11.501928 -15.803225
-34.319714 -33.707657
21.534010 50.227036
-14.932301 -56.304943
-0.802786 -28.243093
-16.670233 48.490776
-19.518360 65.254707
2.727488 -11.338923
-23.320641 -44.457012
-18.893599 34.921886
45.957699 2.393455
40.484135 34.668022
24.007635 47.807926
45.412971 27.369684
-0.557474 23.297104
72.203651 -14.020418
26.616329 -53.172104
34.888035 -49.029980
-29.065451 -32.516750
-11.690107 -26.827425
-13.366775 17.229259
10.370244 20.174009
-10.400287 26.388454
32.947643 -24.170443
19.967070 -9.077307
-8.008821 26.622364
18.400515 48.110806
-8.581157 26.162254
-13.221097 -19.189980
-8.964921 56.993515
18.066721 -63.744129
14.917254 -9.249776
10.963241 54.936142
-12.304658 -55.215225
-22.707382 -21.262730
-4.984796 -57.711658
-1.113676 -58.800537
-15.599951 -15.615191
-70.064201 -29.903418
15.613475 4.115822
27.394457 48.023716
-33.574665 -42.889244
-56.961811 12.473277
41.610069 36.446331
-8.232358 19.903866
-19.659065 64.319641
-20.156153 55.696060
-17.034533 47.825268
46.880535 2.625386
-24.589149 -55.488239
-15.915734 52.984970
0.215976 -59.846867
15.205825 8.734179
-22.783703 38.049450
52.198544 -22.505596
10.213309 13.781718
8.909317 -17.036083
-25.374939 46.484573
71.435555 -21.000017
-2.374230 -59.418579
18.047386 -10.895085
22.694214 4.857569
-41.426414 0.482037
-14.533891 48.340942
-1.848094 64.203346
22.901144 49.151421
-12.303178 -21.430649
15.613525 4.115799
-19.260490 64.763359
44.905319 0.356754
47.071953 1.990504
46.305553 1.340582
4.033271 -15.372567
6.872822 -63.041916
22.394394 49.283485
1.036308 -59.620956
-15.405333 -17.300043
24.903664 0.380830
29.161076 45.726048
-35.040745 -31.745876
48.007694 2.545854
-13.597832 23.330282
-53.673855 15.825634
72.752327 -13.280640
33.782677 37.339394
-24.507774 -60.076920
-54.383209 16.376173
-10.168398 56.601440
-26.839195 -51.002911
-20.427801 41.822308
22.694214 4.857569
48.904358 1.267736
-2.209572 -17.292221
-26.701799 44.195343
-55.592724 17.673069
-22.474590 44.436474
-21.649601 -48.217251
20.248917 -55.909348
-17.845911 -51.917725
-20.638575 39.422829
-0.757937 -17.343519
3.789869 -59.957333
-21.076332 21.988276
-2.362725 -21.170794
-17.614374 46.679783
-30.063133 -16.556442
6.677697 -18.144676
47.834202 0.771511
-11.122368 27.201513
6.440230 58.452656
-27.766104 -33.510410
-8.269977 53.905197
-55.873150 13.962684
26.862444 43.514137
4.315629 -58.343773
-54.668552 17.038319
75.144310 -11.753190
38.096287 -47.594688
0.046247 -10.510309
21.249434 49.146362
-17.280909 28.766621
20.864450 51.487106
20.037060 5.213719
8.681995 -63.296089
-5.704430 21.530190
1.338574 55.267181
-20.881426 27.555176
8.748011 -33.567909
-70.382881 2.658802
28.647968 42.532345
19.188374 4.027759
-70.957489 3.638492
19.900286 52.779991
-36.214622 -33.408218
49.087822 0.651357
2.894972 -15.929536
34.005810 43.492847
-7.446188 54.766712
-22.281321 45.069420
-15.744699 -18.145544
-19.449505 24.044283
-30.111700 -35.856976
15.556904 -57.948441
72.480766 -13.583508
-70.937042 2.385599
3.685956 -63.891449
51.837990 -22.249210
14.721924 51.860291
-17.407978 -59.954700
-29.035065 -36.196449
13.744748 -69.040413
-70.879745 2.927236
-17.070038 30.643957
42.158676 -44.928543
-30.260168 -16.643623
32.747795 -22.393341
-13.792801 22.587711
-49.079826 -20.230736
-4.870008 -24.600552
22.644993 -53.070419
4.045692 20.118963
-30.052206 -16.561264
13.046775 -15.311947
-13.037888 -17.668777
19.157919 55.072254
-26.990305 36.520603
-37.497589 -41.383091
28.645966 47.004734
48.201138 1.099215
-2.683034 -23.941036
14.963955 -5.462381
48.469528 0.718580
-9.247777 -22.164221
3.547822 -17.680767
-21.198481 31.750021
14.617473 -1.554079
-2.683037 -23.941036
-16.288174 52.045532
3.707908 12.484681
48.005875 0.040364
-5.739180 -28.991531
35.714405 39.197445
29.872786 43.115849
-49.316685 -21.206131
0.841334 57.312084
1.264733 -18.573185
27.711239 -50.062237
-19.745602 36.228027
10.688539 20.867205
8.892005 52.731293
-0.130105 -12.759527
2.000212 14.076049
-25.708572 27.296377
-24.225641 -22.162407
-31.219198 -28.909937
11.930459 55.120312
33.963947 40.726387
13.643925 55.821236
-12.501938 19.982481
-5.409973 59.154446
-8.541078 -23.721701
31.289646 -53.242050
7.820718 -19.669641
17.441174 -9.494588
-15.138685 20.060434
51.046856 1.374990
49.358158 -3.298839
-7.636371 65.227882
-26.784262 -15.841097
28.358397 45.478470
-10.127550 -25.817289
-48.686062 -22.191099
-18.470121 34.480408
51.548801 -23.320492
-17.408123 -59.953751
-49.197506 -21.503231
8.626944 12.440563
5.657388 -64.030014
34.887619 -49.031933
25.830690 -1.202563
12.717091 53.569012
-7.926823 51.721729
-4.290574 -16.463583
4.563773 20.522552
-28.490446 -24.771830
3.400178 -20.763769
52.086712 -23.216059
10.396428 58.168480
-18.660637 14.407568
-12.682459 49.274731
-41.393269 -32.048664
23.982187 -1.196387
12.168377 -8.404799
17.204168 -15.532001
-2.951044 -22.907793
24.066860 -0.394393
-26.448414 -19.620966
-22.159985 -20.372902
-4.267656 55.551659
-16.201412 54.113926
75.003326 -11.827837
-12.742219 -19.074877
-19.527428 37.817493
-1.251567 -59.170055
-13.536364 -54.905907
71.269943 -14.165965
-3.326401 16.315390
-58.281174 18.282536
33.891705 -20.269537
-70.005531 -27.529608
15.969796 2.425677
-20.393534 50.985035
51.046856 1.374990
28.791941 -49.673492
11.046101 11.828716
25.226601 1.198084
47.791939 20.881655
-69.686150 -28.477514
-21.722399 -50.184639
10.869154 0.853858
7.294335 -20.009226
-7.810703 -14.799916
13.159409 -0.708098
-11.381556 -19.604647
20.526981 -69.609138
-2.550970 17.828030
-20.086073 38.703129
44.062668 28.053949
1.916920 58.176376
19.592043 -3.918706
-31.443220 -28.641497
-29.565716 -26.361410
-70.857994 -28.741463
30.329111 -52.425503
-13.519882 47.640759
8.229261 15.781479
-4.816721 -24.040260
-31.516479 -46.765469
40.358898 -49.017498
-23.169636 -46.603878
38.071350 -46.115681
-19.016184 22.318211
2.385096 16.540770
-16.136297 22.052288
-1.354305 15.526718
-11.040382 15.623411
20.487352 51.411739
-6.250582 56.712894
-7.813329 51.962841
-26.701790 44.195229
13.026318 25.702393
-21.553520 -46.217636
-41.666878 -0.924173
-34.708347 -29.360580
18.987783 54.190533
-19.260490 64.763359
13.219151 8.224078
10.666853 57.354012
-30.112537 -44.955795
-22.958178 -58.577053
1.385493 -12.776011
-40.948780 -5.873030
8.179509 -4.290758
11.933165 56.833527
11.880212 53.177486
-24.873461 50.475334
-25.643803 38.739609
23.557180 62.149826
27.657896 49.151615
13.921822 17.651152
6.283350 60.343102
-24.639874 -60.006081
0.477276 -20.449772
4.439169 -23.687136
-17.070011 -23.688213
-4.400229 -23.527334
11.509668 -68.082489
-49.884029 -20.831390
17.097687 53.197201
-11.280314 47.373413
3.128030 22.507517
51.046856 1.374990
71.127113 -13.570183
3.127778 22.507452
49.358158 -3.298839
-30.960390 -36.962460
-20.052151 64.505829
-53.100246 16.926258
-49.560341 -20.355076
-18.034813 32.289768
29.666399 -50.183880
-1.114244 -58.798397
3.256044 -57.047585
35.026806 -49.383419
-7.757768 -57.853188
-52.769688 17.368561
-22.735643 38.507309
-38.921486 1.106795
-24.466297 -16.475391
-10.381082 47.663620
45.752964 -3.788633
-17.590475 -52.042645
19.218588 -4.288098
-28.041424 -34.157928
-4.958505 -63.062656
-15.537776 55.061661
16.868725 -56.968018
22.399303 -9.167374
-2.749782 -31.380787
-1.903289 -31.851624
-28.360506 24.342552
-68.910980 -29.590443
-36.477303 -40.044628
-8.008765 26.622316
-33.574757 -42.889767
-20.198656 -22.635818
26.837255 51.605202
-17.610094 50.682076
28.110819 46.694515
1.651466 -57.220959
-7.328313 -57.703339
-18.319077 41.023819
-70.432236 -29.314638
13.026318 25.702393
-4.624180 -64.275223
-54.079468 14.785870
33.292400 -22.594007
38.693333 -48.775524
24.903664 0.380830
-19.199356 41.687939
35.026806 -49.383419
-34.909676 -46.466461
-4.291190 17.656971
-70.385803 3.351724
2.288531 -58.435467
-49.769012 -21.949974
13.026318 25.702393
-17.177732 33.660492
24.003592 62.215290
-30.877415 -35.364471
-21.905022 35.326778
-0.255446 -59.236172
45.372879 26.525856
-31.800079 -36.605820
71.923538 -20.732868
22.507925 0.991643
-25.458021 -44.466145
-1.986657 -17.079765
-34.184067 -31.937943
-56.961811 12.473277
32.555630 -22.079575
1.056939 62.816837
-48.174580 -21.810307
27.255335 -53.175583
-7.239285 56.519520
36.625271 50.050331
4.829489 17.656355
14.681033 -5.822840
-0.064716 -23.127060
14.546162 11.308789
2.641594 23.950823
25.474224 -12.187559
-39.831539 0.314082
-24.269985 31.512217
24.829565 -54.118099
-14.637715 56.412235
32.833733 -49.850193
41.761944 -45.524288
43.603741 2.064639
39.414635 40.642117
43.603741 2.064639
-0.557428 23.297136
-22.585909 29.938713
18.403578 51.927959
9.902184 11.162332
39.287457 35.264530
-57.558796 15.689185
-56.411396 17.699093
-48.975857 -20.193615
21.322556 -12.295938
35.026806 -49.383419
10.722490 15.745896
-30.102760 -16.896715
7.341871 -65.830482
44.751690 -0.051587
-41.393379 -32.048630
-40.616417 0.205843
71.520241 -21.543774
34.529449 36.253574
11.848557 -22.467506
44.316296 27.593256
6.537114 -64.667023
22.485928 -9.136441
-7.655285 -60.776630
-33.615627 -35.319462
39.465878 36.531219
48.288120 26.398918
-11.040382 15.623411
-17.360638 20.290430
13.310716 -13.897422
-19.951601 -20.168676
43.793827 28.763386
19.876202 -7.877446
12.454756 -59.479946
-7.802981 60.439079
-56.961811 12.473277
71.218536 -14.017986
22.358320 47.440857
22.770565 15.862774
-17.418133 19.671001
9.874559 -55.657696
2.300782 -11.181022
45.546673 0.029198
-17.366282 -19.641302
1.035607 -16.742853
25.409781 -54.082932
-19.687134 49.125938
-9.034218 -55.023960
5.439389 -10.133575
48.690731 -0.662390
10.622588 -70.388657
-38.764999 0.287826
-41.284489 0.126402
-7.109252 58.365681
-30.165754 -31.176142
29.132017 -53.565056
39.994686 -47.950787
1.752987 63.578327
-41.126980 1.645029
33.623814 38.363907
48.537128 21.691801
13.310717 -13.897392
-18.382362 47.225224
-7.554318 65.155731
-2.042758 13.248534
9.690257 16.536276
-7.555062 65.104935
13.863503 13.560404
-55.257675 16.798777
-40.117878 1.294427
-16.047621 44.841179
-24.747477 -59.361923
-13.855139 53.944714
-19.256538 29.687040
-31.515375 -40.216789
-27.828711 -22.187996
-22.570005 -50.538635
22.303114 -5.268001
-0.896006 -58.861256
38.945343 33.845722
52.086712 -23.216059
-19.350569 49.396763
7.423195 19.610039
-49.123852 -21.864258
9.928388 18.858164
2.216509 57.290352
46.694435 -0.759849
-48.381252 -22.052713
27.569687 -51.736122
13.907940 10.057807
-5.444255 57.290962
-30.993887 33.837067
-18.546865 46.799278
22.439465 47.647842
-13.703117 45.781391
17.307234 52.426445
-12.947717 21.056669
48.152954 20.287241
17.238258 -7.418142
37.611221 -47.904202
-4.744291 55.898991
-13.049698 -54.655254
33.871746 41.355122
-20.579807 -19.691341
21.704369 -55.327045
-22.181124 35.333111
20.634291 -13.885565
7.421413 19.608366
-13.631829 -60.054283
-13.395158 -60.436272
6.007866 -15.478095
6.007866 -15.478095
13.404514 53.477074
-12.808000 22.786547
15.685593 -61.847805
36.192738 50.554142
48.779682 2.330173
13.770171 -11.049561
8.770937 -14.657255
-5.197292 57.726841
7.248515 -15.254170
-3.632852 -61.992588
36.084751 -22.770813
49.358158 -3.298839
-54.310059 14.577674
-23.865862 14.403851
11.965843 60.977734
22.694216 4.857569
-48.943977 -20.839575
22.240026 -1.587957
-33.376434 -46.573338
-18.262939 43.252647
36.369373 50.117962
7.365777 61.377304
10.660506 -8.291600
-7.200166 16.909285
32.020790 -22.720453
-0.802786 -28.243093
-41.393265 -32.048599
-6.766490 17.819607
-0.448976 -19.152615
25.609159 -0.710743
-13.348814 54.208027
-21.457939 31.038345
-9.986290 17.412533
43.603741 2.064639
-58.281174 18.282536
38.242420 36.564434
-3.501745 56.112373
22.770565 15.862774
40.426777 -48.231060
34.643833 -22.669390
26.206505 48.187473
-9.519092 24.517838
20.055397 -55.706024
9.775499 11.174942
12.031457 9.892661
3.133003 17.213400
17.954571 -4.766644
23.765024 61.820473
8.179509 -4.290758
9.921328 -57.603600
13.859112 1.634073
-1.606474 17.731707
44.927650 -0.798200
19.157904 55.072227
1.056946 62.817589
-38.871311 0.657953
-22.510994 44.420002
11.643793 -68.840828
45.567806 -0.667103
-24.979553 -47.644379
-27.312557 -30.430906
-69.436050 -29.346235
-13.404890 47.859276
49.405430 39.119255
-71.434906 2.623914
-47.992573 -26.940807
25.359768 48.723133
12.946187 -69.784485
-22.649817 29.684605
-15.023147 38.450550
-20.519539 20.408674
14.283264 56.413773
-4.755348 54.362297
-13.665920 50.265064
-1.091813 -20.740984
-34.800503 -43.966888
17.108931 4.576257
33.409065 -20.420767
-20.828039 20.331123
-0.590068 56.246117
16.611073 -8.657878
-25.655647 -17.688517
11.891772 5.026690
-40.969166 -1.527718
-12.692195 -59.928936
-33.055466 -32.304794
23.884615 61.784401
-24.771555 -46.859470
37.560085 -48.320839
8.054951 52.509426
16.310677 -8.666008
17.030394 -0.114501
-69.552925 -29.246105
-7.744169 65.144989
16.399084 7.366976
-13.013255 30.273624
-3.445145 -27.006342
-22.033068 29.740934
21.730335 -13.200027
3.805252 -16.207315
-41.393219 -32.048744
-4.653432 -57.179943
-6.472502 57.763458
6.935848 -12.580941
-9.925398 -19.721798
2.640972 23.949902
48.417698 2.491484
-41.894493 -0.108098
-23.115288 -50.146931
-26.381950 -41.858505
-47.992622 -26.940817
-14.541322 55.060978
13.536629 12.530755
-2.909724 -31.323748
20.765251 -8.309922
19.245562 -0.972889
5.424719 15.241644
0.812253 -58.151791
46.698723 26.922235
48.022240 21.456867
74.688446 -12.024768
-8.068521 57.363384
3.396787 54.829266
-19.921806 65.174080
-19.620520 64.319168
-7.136604 54.701302
14.478372 56.755199
10.684231 -16.467236
-4.627431 -27.190071
-52.506832 15.793275
18.047398 -10.894672
13.026318 25.702393
36.799942 50.090130
-11.203760 -23.044237
14.378919 -9.240866
48.142651 -0.286316
-15.923249 20.945236
2.790002 59.197536
49.501884 -0.860208
41.330929 32.674782
-42.290581 -23.978359
49.358158 -3.298839
20.517359 -70.064682
49.358158 -3.298839
-68.818657 -28.518444
-18.947889 -58.014149
-10.591047 54.039948
21.808260 3.898315
13.026318 25.702393
17.086567 52.839317
19.529316 -7.351530
33.929173 37.703793
-15.023031 38.450893
33.808769 -20.899597
-6.630151 -20.586710
-7.813680 -14.558286
-7.813673 -14.558050
-23.865862 14.403851
-70.334435 -28.172226
-24.873461 50.475334
20.350016 5.410172
25.098316 0.660603
13.097603 8.361238
15.915196 55.935806
16.436537 -58.522408
-40.948780 -5.873003
-33.615910 -35.319622
-24.276991 -60.084385
21.990921 46.740623
38.312527 37.369728
-7.248806 16.793446
-1.820166 12.746020
1.156540 -55.512203
-14.863675 23.178829
-49.405746 -22.190750
-16.367527 19.617741
42.158672 -44.928543
-23.657330 39.921661
12.740776 -4.233445
-23.943596 -47.898121
33.332138 -21.728668
-19.019636 49.967518
14.125360 11.972815
34.044613 -22.010914
3.806180 8.987906
5.690498 23.374485
-10.689970 11.219444
2.419202 59.583069
9.791697 -9.682631
-0.026473 -58.573502
-2.021135 -18.191439
-16.384054 18.070139
49.875950 39.755463
-3.517533 58.480698
-62.408855 10.691710
-25.015156 -23.211407
-7.422126 26.904917
11.897599 -69.715782
-19.479446 31.028082
-33.441944 -44.694496
10.916072 -67.786652
-25.013533 -23.213423
-9.166969 58.659977
5.809855 24.636616
-4.755546 54.362175
51.046856 1.374990
-21.780642 24.322210
-23.578693 14.733909
41.044689 37.847862
41.044689 37.847862
-33.901802 -40.709293
-2.711626 -31.415117
39.815678 36.528446
43.603741 2.064639
71.923538 -20.732868
-69.293564 -29.876062
49.343250 39.131481
2.442135 21.250290
30.143776 -52.532101
38.746967 -46.704708
-21.294876 -55.885437
11.136610 -69.820496
43.603741 2.064639
17.101675 -15.193718
-37.620838 -41.809822
27.454512 45.565140
13.026144 25.702400
-55.398930 16.428350
51.474304 -22.337782
-41.393360 -32.048794
-6.988065 -26.204966
-7.419815 57.625854
-10.004857 55.808880
-22.811298 43.423409
-12.682417 49.274754
-9.073747 20.698351
17.857679 6.628319
-15.522759 -23.519844
-47.992592 -26.940836
-18.711679 -59.308022
13.259000 13.312791
-47.996475 -20.995726
11.636594 -71.643547
-2.917190 -26.192982
0.885821 63.219933
28.874338 47.552425
-20.708973 39.763618
-1.099927 15.016670
11.814330 -68.265732
-5.739183 -28.991661
49.010025 39.709419
13.901791 57.790035
17.178265 0.883647
19.188314 4.027677
51.838379 -22.237877
2.767221 -11.405045
41.761562 -45.524345
22.788733 15.715834
49.700928 39.982719
45.412945 -1.198951
-71.017990 3.133295
17.322926 60.204460
-11.789650 21.195141
-55.185207 18.576275
-0.415848 14.100365
-17.328985 -53.964771
51.476429 -22.336130
-15.258555 -22.852036
-5.707709 20.286499
-9.118978 -61.350193
-34.909676 -46.466461
5.074168 19.035528
46.513359 2.683170
39.381092 35.930832
-4.394534 10.104532
-53.564323 14.049119
40.082962 34.786331
-25.643803 38.739326
27.850311 42.828876
-30.993881 33.838284
-40.208450 0.468582
-26.839182 -51.002888
11.643612 59.897266
-11.816863 -15.797717
-19.178055 21.403091
-27.490776 -30.454311
-16.703659 -50.274509
35.582733 39.012451
-23.656616 36.705856
35.145943 -22.590389
22.694214 4.857569
-12.469810 19.979387
2.641242 23.950226
14.378756 -9.240989
11.848557 -22.467505
14.761195 -7.165048
-8.395614 -23.751896
11.132004 -70.551003
-4.805635 -25.947159
12.229777 -68.351013
14.857623 10.312267
18.191143 7.399523
-11.319028 20.234531
8.748011 -33.567909
-21.211710 38.733173
43.539757 29.113922
-26.784203 -15.841024
-14.790954 51.276173
-4.394532 10.104525
10.312462 54.565956
-13.301499 24.749367
24.003592 62.215290
6.899688 14.676804
32.549099 40.330051
-69.910767 -29.893047
13.823527 -70.105049
4.535190 13.817089
7.640924 -30.234976
-20.896864 30.425236
-33.426178 -44.398621
-1.099588 -11.292226
35.026806 -49.383419
-23.865852 14.403830
-0.342994 18.145939
-4.290575 -16.463587
46.087193 -0.655230
-22.530956 27.646111
21.322554 -12.294942
11.848588 -22.467682
-1.082230 57.882248
12.354030 -6.246105
-11.930974 -57.488255
7.421523 19.607704
-59.084717 14.621061
30.532602 -19.834356
-48.205540 -20.631176
21.322556 -12.295938
12.564765 -13.812444
-13.396318 -60.436436
-5.702812 -61.497349
34.773800 -49.111515
-10.690022 11.219709
-12.723188 56.541580
21.831577 -5.979261
5.452403 -13.333863
-6.391208 -58.730911
2.838354 13.931787
-53.565250 19.926195
-53.155830 12.262532
18.066801 -63.744053
-18.303152 59.620674
-22.169760 -53.890942
1.936759 17.495995
0.035958 11.796988
46.683746 -0.051018
-18.303154 59.620918
40.426777 -48.231060
-11.535841 -22.230486
46.329407 1.778476
15.220726 -55.909904
-26.990292 36.520596
6.359596 12.903899
16.654903 -61.028923
28.632124 48.690563
-18.520176 41.034847
25.507063 -9.461594
20.354767 43.016792
29.879374 -49.738701
-33.574757 -42.890007
-17.960270 19.632893
-13.620733 -54.131638
9.718513 -8.873592
18.242231 8.015121
12.546618 -14.806392
-14.533821 50.231525
10.321219 22.263916
13.026318 25.702393
27.657890 49.151524
-13.000630 30.407719
3.591713 -21.167778
-11.011635 19.527901
-23.865828 14.403905
-0.802786 -28.243093
-5.531426 22.183561
7.365674 61.377747
30.611481 43.651573
5.809636 24.637167
-4.621175 -64.185303
-21.288151 -50.951923
47.490360 4.534510
24.012049 45.434498
-4.882323 -62.341080
37.823780 -49.030487
-9.375678 -53.917397
30.705492 41.050644
25.386976 -12.206565
32.962948 38.167606
-28.360533 24.342789
33.603992 38.579567
-18.070004 42.346588
-69.774719 -28.830240
22.801153 49.832939
15.671331 56.200005
44.613766 28.181646
34.356747 40.304237
-0.557475 23.297106
5.657389 -64.029953
9.832947 15.596622
-18.152575 -53.434910
4.926620 19.464701
-29.985579 -40.552246
-24.698795 -59.316730
12.821785 57.624844
2.922755 12.521715
-20.059536 30.241245
-0.938592 13.506196
-71.433990 2.651673
14.606900 55.133186
9.676275 -59.015068
18.267057 -58.824409
-19.190468 36.195793
24.270733 45.501148
10.406378 -70.982239
-4.032611 -29.046989
27.669678 -51.810665
-14.043263 -53.122387
12.173819 -1.341054
-20.074854 65.056892
-11.766006 24.445555
39.892464 39.934235
9.968892 -70.240334
33.113853 37.336220
-6.092830 15.877941
-30.997145 -48.822708
25.490679 -9.388471
25.507084 -9.461596
-17.407139 37.327362
26.013168 -1.617821
2.640690 23.949562
1.264787 -18.573103
8.149161 9.493242
-56.249107 15.891488
-16.717913 25.693909
5.289311 -10.172259
2.240737 65.615570
-22.966007 31.843456
-54.853065 15.623296
-40.548023 0.945665
52.359177 -22.839207
1.995402 56.427917
-36.120831 -23.784616
-22.905617 -19.400330
-28.231153 -32.708755
16.344212 -7.103218
2.019491 64.173409
33.946548 38.650311
33.583149 -23.043533
-13.013227 30.273384
7.365495 61.377522
-55.257618 15.189970
40.358864 -49.017502
47.222996 -1.213201
10.686673 -71.194389
-31.506929 -43.577862
46.595837 -1.338238
-4.685346 12.656668
4.889438 -20.714405
3.127920 22.507454
-23.320564 -44.457062
48.441032 -1.391321
-22.662981 27.945459
48.168404 -1.617537
-37.594650 -41.757664
17.252966 -9.138673
-36.120831 -23.784616
33.702625 -21.402285
-4.804163 -25.946224
-5.908540 -61.049904
-54.800102 18.393812
-53.584114 14.397758
49.642300 39.148838
-14.402674 53.491962
-7.490698 -24.922852
-31.820795 -40.580360
-21.238255 39.510109
7.690767 -16.957211
-20.830122 40.495441
21.704369 -55.327045
18.252930 -0.699234
-5.878968 61.815910
-18.718420 50.374233
-28.713026 -34.872272
13.906523 -69.504265
-5.103067 19.936022
8.254712 16.635283
34.315384 -22.595179
-37.594543 -41.757870
7.365500 61.377716
9.221054 62.562737
48.108303 1.813612
-30.284369 -16.742638
-21.874290 38.997768
-10.272962 -25.146420
21.320934 -12.295961
3.192507 21.534933
-33.574760 -42.889366
35.232719 40.835876
15.454931 -12.300014
12.691490 -70.738853
9.410491 -33.343945
-15.462933 -23.493334
-27.239525 -22.168573
3.087255 54.655945
-17.359085 -53.924038
-48.073704 -21.357521
-26.210882 -40.770958
10.869296 0.853700
47.268879 0.179680
-25.690304 -17.355446
16.399012 7.367023
18.754360 57.254196
11.721794 -70.858887
71.219055 -14.017396
-28.490448 -24.771830
-18.589916 29.208006
5.047157 62.379780
8.748011 -33.567909
24.003592 62.215290
19.188322 -0.743366
7.440945 61.387753
25.507032 -9.461597
72.051712 -21.299540
3.886625 56.239002
-27.692060 -33.337231
-4.606862 -64.173302
-23.320644 -44.457031
-36.593670 -39.890446
-29.771614 -40.615944
-1.681514 57.087975
9.540278 15.583739
11.067668 -69.241882
-23.790663 44.691200
0.264637 -23.185303
3.796819 58.123871
-21.736492 23.220116
6.808690 11.019073
-48.400284 -20.582195
11.018521 53.732533
-25.015158 -23.211405
-29.952528 -41.311623
8.318713 -9.712941
12.235365 51.734570
16.520924 -14.342817
-18.113457 50.284309
-2.794364 -31.359072
47.098557 0.658178
33.220226 37.575607
26.224396 43.115059
51.548801 -23.320492
45.624352 -0.304725
-21.767958 -23.031790
72.233093 -13.976377
41.862534 31.892632
3.164701 20.701777
-5.691833 14.031597
-3.338722 54.946995
13.921822 17.651152
40.358913 -49.017483
-30.045124 -16.564075
1.295565 -10.305398
-3.535248 16.389547
5.428708 11.015929
-20.013968 13.904150
5.680477 -17.881155
9.445960 15.699892
9.061989 -32.932552
-2.982792 55.746449
11.803218 54.915211
-28.490448 -24.771830
-28.490446 -24.771830
-70.385803 3.351724
7.842832 12.784558
-10.176206 50.385845
-30.421656 -40.337204
-7.722866 51.932526
-54.063847 18.100454
-30.332958 -24.730183
-13.013386 30.273220
20.096905 6.085666
20.948952 -69.593666
-54.897259 17.414043
-62.409645 10.691238
10.249971 15.503928
20.628517 -9.165926
-0.802786 -28.243092
-29.187447 -32.709007
16.867496 -57.954224
-53.565250 19.926195
-5.150570 17.762009
-5.728794 -55.613152
9.874560 -55.657856
9.642629 7.588709
14.194643 8.682437
7.191066 -0.205666
48.412888 0.109512
-5.647676 17.925270
7.191066 -0.205666
-9.084400 26.115273
-25.442045 -21.607365
-23.659945 -51.662537
10.522537 -69.757683
52.198544 -22.505596
-15.002047 38.241009
-12.297493 52.170189
-49.823521 -20.638487
-12.102535 -56.290783
-20.583883 -23.653782
-31.416512 -30.765749
-4.804101 -25.946125
24.532394 52.715958
11.643003 52.916756
24.524038 -0.461937
51.474304 -22.337782
-34.909702 -46.466362
12.502171 51.769524
16.381241 -1.472115
35.151421 -47.543201
10.555107 -68.023766
48.810932 -1.280985
-19.859644 45.576633
32.022301 -22.304588
-11.362438 -15.262096
16.113317 -58.352039
49.863499 39.365238
-40.038197 -1.474016
8.780668 -32.939583
27.860046 48.595959
-23.979134 -59.554493
20.576525 54.004158
72.415771 -14.614937
-7.959982 20.417341
49.358158 -3.298839
-3.368409 58.666721
17.204166 -15.532001
-4.756163 54.361065
8.432592 19.203413
12.310963 6.280245
8.493452 18.244026
-55.500950 14.568637
42.158676 -44.928547
18.305025 -2.069938
-40.948818 -5.872992
37.008305 50.550220
48.537128 21.691801
23.557180 62.149826
-24.276991 -60.084385
16.527014 -3.462730
24.829575 -54.118076
-4.854937 -64.214996
-22.887869 -48.606731
47.791939 20.881655
51.046856 1.374990
15.287354 0.407994
-22.785412 41.824169
27.172987 43.444733
5.809732 24.637457
-55.191578 17.927725
-25.441582 -21.607731
5.690498 23.374485
-42.725101 1.014200
18.940645 -1.768725
36.870323 50.768856
-54.807732 16.646994
-22.401379 37.101070
33.162895 37.808929
9.252990 57.617760
-15.821977 23.279055
-22.374014 41.416882
3.125479 14.947161
34.160336 -21.347055
-4.332989 -17.581041
-18.660606 14.407786
-54.601074 15.917708
-19.519777 38.130138
17.962343 11.222896
0.317756 -59.747211
33.715473 -23.813047
-28.992918 -23.987514
72.051712 -21.299540
49.204361 21.256165
-37.497566 -41.383110
16.813837 51.280117
-39.037331 -0.595874
-15.562053 -52.531353
16.874701 -57.945091
14.742351 -57.512493
22.240026 -1.587957
3.851557 -58.978836
-14.215349 -19.689579
21.326454 49.351276
9.393123 -33.557766
41.279099 32.388184
15.121679 4.849731
-4.121144 -30.709362
13.572371 -69.732193
-3.326847 -27.276144
17.057934 -5.819211
-24.392406 -14.101230
-6.443927 -24.566734
-49.210262 -20.900723
30.143778 -52.532181
34.946457 -23.463497
-24.327797 -49.589428
-30.126976 -35.791653
71.954918 -14.651974
-2.977007 21.482735
36.304333 50.745701
13.006350 53.940765
-14.595127 23.177549
-31.051100 -46.681503
-24.552595 39.822971
-48.525928 -20.306629
20.993574 -70.043358
-19.532619 29.833462
-31.881035 -35.367676
47.490360 4.534510
49.069714 39.835052
7.884941 -16.620203
46.290398 26.449160
22.710886 0.327993
25.261568 -0.856345
-10.620496 19.921387
-18.660645 14.407811
45.696087 26.887201
13.921822 17.651152
9.285238 -33.071514
39.414749 40.643917
-23.025738 32.334419
15.994108 -8.335108
36.207680 39.610573
-11.040380 15.623387
-4.621175 -64.185303
32.628582 -23.477551
75.003349 -11.827838
-29.977556 -42.694973
14.004044 0.168124
28.791941 -49.673492
-25.493202 -44.137726
36.521214 39.446953
49.358158 -3.298839
-12.761256 49.050316
-25.470644 23.244314
-0.581236 -23.193998
-31.204515 -39.130714
-40.668736 1.668301
28.900763 -54.613621
8.748011 -33.567909
33.917488 -22.273794
-58.281174 18.282536
1.706461 -23.397326
-47.992680 -26.940689
12.200598 -69.110283
-10.745790 -54.420883
-49.973881 -21.217583
9.252290 57.617950
6.529329 16.135139
17.698305 -59.012859
-16.939068 48.836693
-69.582985 -29.207890
7.394666 57.251400
47.490360 4.534510
14.125593 11.972940
36.521202 39.447044
-12.807070 22.353643
-19.488335 27.002150
71.980736 -13.665351
8.022817 59.056549
-26.701788 44.194492
12.400578 -11.587511
45.660198 26.716980
-1.079951 12.540154
-5.262014 57.161926
-58.281174 18.282536
11.064168 -71.500664
-53.517494 14.891394
-51.013695 14.682921
-22.334370 36.545784
18.066721 -63.744129
-6.510830 -61.234516
-49.972107 -20.853764
13.293358 56.318245
-16.284948 -18.163769
-49.316685 -21.206131
2.344315 -23.083479
9.265785 -21.796970
-8.831192 49.965973
48.538322 20.968922
-11.913967 54.138477
27.711237 -50.061970
-21.890984 -53.862057
34.441460 -23.764538
10.061438 -59.054802
-19.741518 65.241722
-25.015005 -23.211344
24.003592 62.215290
-5.445800 -57.538574
10.774757 55.673439
-51.013695 14.682921
22.770565 15.862774
-24.392218 -14.101670
5.700773 -59.348595
10.473707 -1.438836
-29.656788 -24.926443
13.835193 0.299198
16.605843 52.893227
8.748011 -33.567909
2.761673 13.516907
34.722549 -20.331215
39.581829 33.542732
-1.319206 18.118456
72.051712 -21.299540
43.603741 2.064639
-9.375504 -53.917110
-16.389215 22.473705
-18.944851 50.689388
26.660200 -51.859303
8.977669 -56.581150
-12.153895 -18.084503
26.659586 -51.860447
20.354767 43.016811
46.698814 26.922190
13.936803 -5.261219
14.416354 9.152246
-28.490448 -24.771830
1.996854 56.353642
0.174059 -56.354198
-8.029387 58.442825
32.835613 -21.278557
39.414696 40.644203
43.039894 29.914230
-3.034624 62.483150
-41.044739 1.064229
-4.911952 -62.151554
26.755068 45.793610
-36.488785 -35.808399
7.640922 -30.235012
-21.803349 33.554661
43.603741 2.064639
4.829504 17.656324
43.603741 2.064639
32.980602 -17.858273
9.330722 59.301918
-28.330154 -32.539059
14.461724 2.290560
-70.432236 -29.314638
-20.020411 -51.396214
-10.718785 -19.360941
-10.071247 25.031038
-17.084213 -59.848907
-1.472867 14.274590
-12.835161 -14.846233
33.813488 -22.652216
-21.294407 -55.884815
1.481789 13.429955
-12.682446 49.274761
-4.536344 58.529686
-30.993895 33.837460
-41.794849 -1.359779
2.240737 65.615570
15.220751 -55.908962
16.856342 4.629967
-41.127293 0.148713
35.490429 -22.339546
39.414719 40.644157
2.641431 -12.664692
3.805848 8.988047
-24.067577 -59.968151
41.761570 -45.524315
-7.098686 21.112019
9.285238 -33.071514
47.516220 -2.027435
-9.212113 -21.447111
-1.582134 -26.297312
-17.369312 -24.389933
18.047386 -10.895085
19.570728 -7.273085
8.773417 13.897594
-12.192506 -20.327129
-23.578588 14.733352
-55.713753 16.094616
-28.090326 -35.047810
13.026318 25.702393
-10.176268 50.386040
13.201670 57.428944
19.985634 -54.518467
-34.465473 -42.455914
22.666698 5.143700
-15.981765 -21.980158
-41.507702 1.488109
-39.670486 2.011361
11.167927 -6.647794
-5.552977 -17.403341
0.637419 -58.667206
-15.941523 -23.844263
30.694370 42.950165
11.462351 -70.047661
46.706161 -2.143998
71.435555 -21.000017
13.278973 9.175685
-8.831190 49.966091
-5.128644 60.193489
-9.501476 -54.385300
-28.360506 24.342552
24.829584 -54.118099
-1.176019 64.136971
-13.458685 25.763811
11.367869 3.515198
48.152954 20.287241
34.629986 -21.203295
47.222996 -1.213201
33.457039 -23.320042
10.396429 58.167828
11.986403 -67.557175
-17.084332 -59.848938
-18.882235 -53.176956
15.295120 5.547615
-48.640339 -21.510519
-34.993763 -38.426651
9.637959 16.037100
-8.907690 54.546276
-55.122993 16.175512
49.904442 39.699112
-21.271814 45.184116
-7.686307 65.025497
-20.052151 64.505829
-1.441194 60.298782
-29.565746 -26.361368
44.613651 28.181667
-11.315251 52.239117
37.010712 50.411709
26.219109 47.038361
-6.397791 -57.243496
-12.856122 11.303873
18.754354 57.253963
20.727882 -13.773355
-11.420259 27.425507
-29.997133 -31.580084
-1.847865 64.202560
-10.689934 11.219611
72.916534 -13.568461
-30.829222 -44.038960
-30.540527 -44.287785
16.766506 54.528595
-21.758738 37.957558
-13.380895 45.691128
-24.655149 -49.550510
20.993574 -70.043358
16.868204 -61.350826
-10.591058 54.039925
7.997213 21.155537
45.865528 27.031439
6.910315 18.827318
49.204361 21.256165
-0.522123 57.039391
21.694906 3.679427
10.312388 54.565964
-28.792690 -34.311043
-25.141119 36.004036
-70.334435 -28.172226
-19.712059 44.731503
20.993574 -70.043358
-16.880331 -16.383915
-19.983610 49.771759
16.184683 -1.505114
39.889469 -46.040161
36.046333 -48.728699
27.247578 -50.963364
18.305382 -1.540626
22.490265 48.794064
16.344154 -7.103369
14.394120 54.432270
51.838379 -22.237877
-6.998951 20.717852
-6.459221 56.113686
-11.914867 54.289127
46.323288 -1.097833
7.917537 -10.743871
-23.701117 42.749603
7.708694 13.738316
11.085009 -5.193012
14.864174 -0.573418
-9.322197 58.500168
15.714441 -6.134366
4.550621 58.928169
2.330009 25.213869
-21.475559 -22.709450
47.181995 -2.207796
-55.642788 18.642590
20.526981 -69.609138
-18.523182 19.799774
-16.881340 -16.383450
15.816623 -58.507244
-24.842400 -59.641815
-5.306543 -23.221149
0.430485 -24.420750
-3.459590 -16.660759
-26.701807 44.195328
-1.990462 64.746147
-18.997374 -49.312294
-18.309498 -21.613136
-6.067003 -57.453487
-26.824074 -21.571472
-30.242149 -16.615044
-31.516396 -46.765522
8.416204 10.120303
-12.296689 56.791763
-28.329151 -27.128044
-68.901436 -27.639423
28.647926 42.532387
-21.803165 35.204376
34.288818 36.426090
48.022240 21.456867
-11.036572 -56.774906
15.220726 -55.909908
12.624686 -67.692871
21.705286 -55.326988
35.536175 -23.746071
18.794605 52.488888
11.607162 58.698959
-58.281174 18.282536
-56.961811 12.473277
11.924312 -68.860519
24.003592 62.215290
51.548801 -23.320492
-26.784178 -15.840796
-53.565250 19.926195
-30.993916 33.837254
-27.660624 -31.855324
-15.695308 -17.393864
16.469536 -60.373222
7.365571 61.377964
-12.042821 56.483097
-24.507467 -43.544788
13.366904 -55.943642
33.771164 48.295856
34.748096 -24.432287
5.702925 57.546570
-48.694656 -21.397661
-24.053141 39.611694
49.444237 40.032623
-12.856121 11.303577
8.573557 52.741959
9.453032 -7.357889
-20.605755 -48.696899
12.650788 -11.411616
11.301107 -67.600555
-7.737640 65.110085
40.358898 -49.017498
20.046402 -55.717319
-16.568048 50.455635
-16.417448 18.249060
5.421002 -20.381123
21.507513 -54.400158
12.238393 -70.577209
-19.260490 64.763359
-30.997145 -48.822708
-10.267586 -25.071283
12.071115 51.990986
37.015812 50.468346
12.001092 -71.617905
-18.377270 23.713589
49.276161 40.004856
-41.197998 2.281740
-17.223614 25.225180
-19.695282 19.115473
5.291732 15.260879
30.329113 -52.425396
-10.381074 47.663853
-8.859374 -56.411995
-18.303171 59.620918
-19.260490 64.763359
-20.135664 64.629997
-7.220500 -15.414985
46.311981 0.862606
44.636200 28.021927
-16.021147 52.784599
-4.755784 54.362602
-7.053205 20.895046
11.992999 58.442223
-4.012848 -62.174152
9.351105 12.675277
5.925646 -20.674156
12.796571 5.222758
-53.163006 15.992411
16.082642 50.824856
-19.516350 65.254082
-29.587482 -30.182056
-28.083147 30.766754
-19.331503 -48.354916
-27.825914 -32.012173
-0.564304 -14.646505
-2.263308 -21.223808
-24.873459 50.475323
-40.841625 -0.991535
24.007544 47.811401
33.258099 38.082024
20.576530 54.004395
11.863046 -70.039734
-0.292238 -59.061169
-12.423023 -55.309338
21.212116 -7.610110
-5.757055 -57.092411
-24.589050 -55.489475
0.832190 -16.512053
71.294556 -13.580240
1.652278 -57.220173
-30.044977 -16.887291
1.962188 13.430087
-24.099541 -48.815163
-15.375493 24.873814
-3.096418 -13.865683
-56.868446 15.847622
18.224075 1.217800
11.745145 -70.370079
1.056996 62.816742
-18.557415 21.279202
1.036373 -59.618546
-2.714048 -31.410242
41.242290 31.431168
41.242435 31.431080
-25.168337 43.101250
-70.432236 -29.314638
-23.953554 -48.179012
74.068398 -14.472559
14.161450 0.735704
-16.880501 -16.384062
28.975632 -51.483143
-26.382168 -41.858490
1.532133 14.032891
71.586205 -14.475126
7.892422 -12.621604
10.433797 -16.881041
11.848562 -22.467239
-7.693728 24.063526
-31.103405 -37.898830
-26.637854 -28.391956
1.142251 -11.548162
-24.226488 31.579536
-19.551538 21.823269
-14.815370 -54.273067
19.845448 -57.552223
-55.374413 17.045864
15.165065 10.808149
-29.358618 -32.641430
-21.470566 26.778875
-18.204597 51.411720
-13.780944 54.482258
12.157859 59.368088
7.319753 -32.799614
13.456971 60.201294
21.320934 -12.295961
7.927235 55.087940
-21.974339 22.217133
-28.152973 -28.660208
-25.212221 -20.825579
23.909494 45.295986
49.795708 39.266571
-30.570906 -41.064995
-24.392323 -14.101495
33.155598 -23.678280
-36.488659 -35.808224
19.158710 3.038421
4.558548 21.292625
-13.116907 56.179306
14.595649 -58.875229
-3.063176 -57.123337
-4.082266 -14.380595
-35.040703 -31.745871
-32.466583 -40.544708
-6.630151 -20.586729
9.285238 -33.071514
11.339547 -71.135368
7.614500 10.538770
46.154896 -0.090456
46.095158 0.241916
2.372279 60.115227
-29.967905 -16.634176
-71.480461 2.935186
-32.431999 -35.362629
-26.379217 -41.854572
44.451038 29.078997
72.202446 -12.919629
13.921852 17.651085
-12.866906 -56.078526
0.790384 -12.189341
34.891327 -49.029560
0.573840 -11.743975
10.112227 -57.357853
42.290173 36.057468
39.888203 -46.039318
-30.606976 -39.126770
40.426777 -48.231201
7.191066 -0.205666
-15.256396 38.464779
-8.008756 26.622236
3.660677 54.933350
1.133505 -23.094494
20.517359 -70.064682
-6.991084 -58.921211
48.118721 1.437910
5.363812 -12.586197
30.886171 44.137329
-3.229984 -31.678644
-5.261988 51.506012
-4.803987 -25.946587
-4.804163 -25.946226
48.044590 0.534377
26.693624 46.383110
2.418268 59.583172
-10.294088 -20.533697
-40.722763 1.418422
48.152954 20.287241
2.644848 23.953878
-25.824141 -46.386677
24.675219 47.842983
33.294449 38.243118
-22.689823 22.469301
-49.064457 -22.280985
-33.498569 -36.574158
-21.492554 -55.736111
0.781843 -55.720249
-55.168667 15.900698
0.886769 59.622326
21.704369 -55.327045
7.973716 56.892784
-16.261007 48.166321
41.704655 35.328575
4.840850 15.156355
-34.708225 -29.360714
-3.063179 -57.124466
-2.870582 -31.874575
-19.712828 -49.953018
-10.051237 -19.237591
-68.420868 -29.327066
26.012232 47.389606
8.629375 -57.152885
-19.339130 19.256174
13.904492 10.038438
22.303078 -5.268001
5.809581 24.637383
-19.620520 64.319168
-28.490448 -24.771830
13.921822 17.651152
-7.635094 65.227203
-1.104352 60.445587
-48.065639 -20.829010
-12.201037 50.024830
22.770565 15.862774
32.980602 -17.858284
-20.271187 43.725883
52.359432 -22.840580
32.574783 38.711117
71.586205 -14.475126
0.885820 63.219601
0.063118 53.975246
8.770907 -14.657245
35.438160 37.588673
-56.389877 15.616275
-19.571056 -55.674156
17.892698 0.425787
15.156753 -0.071115
-19.906031 36.954788
-21.795481 14.538923
41.761581 -45.524681
42.158676 -44.928543
-25.170942 42.942928
13.904226 10.038447
-24.334408 -46.583508
41.761570 -45.524311
-5.632625 -14.301882
0.406766 -23.240149
9.452957 -7.357873
-24.793945 39.296150
49.204361 21.256165
28.984531 -51.666874
-21.632912 -20.900106
-20.271381 43.725849
-0.448976 -19.152615
-4.819130 54.774540
-26.784204 -15.840970
-48.540585 -20.343109
-18.916100 -56.181812
-33.395123 -36.613911
15.994678 -8.335400
13.672031 61.475719
29.976057 39.319389
-52.891220 14.373565
1.774584 -56.837311
-39.573090 -0.455552
-11.576779 22.370539
35.026806 -49.383419
13.661262 -70.613609
47.499519 1.190730
48.288120 26.398918
-55.845776 14.695894
-4.653337 17.467281
9.724078 -12.893202
16.082596 50.825447
-9.355967 -26.354013
-1.789696 60.214085
-37.658371 -41.844009
-11.315093 52.239449
-11.486960 10.680988
-3.063238 -57.124489
12.291550 6.156774
-39.951988 -0.246510
-7.114161 19.112841
-9.598330 20.127718
-6.217211 15.709942
71.620949 -12.943091
-13.633676 -17.393871
6.767606 -57.438049
34.023865 -23.729525
-71.440254 3.229287
-20.607605 34.760292
-34.261219 -34.489960
1.036307 -59.620979
7.191066 -0.205666
48.538292 20.968904
-6.703062 55.664104
12.885873 -67.889542
1.313135 55.351803
-25.432043 -17.046059
13.052863 10.424678
-20.406775 48.967915
-16.585140 -51.735409
46.945683 1.203021
-6.260319 60.687897
20.241669 -55.911869
-4.678965 -60.217499
-25.625696 -30.132347
-21.168961 21.101830
-32.374504 -35.250019
30.007748 -51.334961
9.835056 9.151150
5.335920 54.530640
-14.024021 17.637939
7.421489 19.607927
10.927582 -7.676668
71.435555 -21.000017
11.366084 -69.573769
-25.581343 44.423107
41.060867 33.435181
47.582287 26.785057
29.722855 -52.800148
-2.876210 -31.327560
-15.725842 52.718594
4.484700 -23.999613
-19.882719 -19.491583
0.451919 -23.378729
-40.948807 -5.873013
36.086403 -22.012304
-5.157051 22.738401
12.677785 11.388138
13.637647 -68.721359
-30.782137 -38.750076
-15.904982 -23.564152
-16.874924 30.678900
1.155854 19.194035
1.010260 54.697105
-19.243710 -51.900677
-1.581889 -26.296944
8.978523 11.075386
-6.099393 18.150068
-25.432627 46.318813
40.353630 33.923576
10.642687 12.542089
28.183949 -50.846409
17.473080 54.823780
-13.637165 -55.076523
15.169714 -2.848778
-5.830219 -59.048206
37.010712 50.411709
2.651914 12.161795
47.442482 0.910616
8.750985 -55.482250
-3.224813 -31.565464
3.501441 20.155409
-28.490448 -24.771830
-20.214582 -49.409416
-20.726881 -48.713417
-22.494442 44.869823
24.003592 62.215290
-9.986160 17.412409
-24.334408 -46.583519
14.299367 -0.902866
10.378279 20.748569
-7.726551 24.116648
-40.580791 -1.582582
9.221024 62.562698
45.201908 0.526022
-18.746607 -56.515385
2.384568 -59.531029
-19.854391 48.048481
6.092659 -61.055199
47.446247 2.612077
46.783260 2.015839
-36.131638 -24.016022
-14.552592 49.514381
-52.887760 14.928482
-1.201488 -60.719830
-54.776398 15.187572
-5.985774 -58.493893
-12.720292 20.155600
-17.796986 -17.872757
-3.903161 -18.788527
17.397539 57.750771
-48.118160 -21.734657
-22.511065 -53.598888
-11.518347 -20.456406
-34.067005 -34.016541
-32.013424 -37.215527
-16.449162 49.534302
72.051712 -21.299540
-53.565250 19.926195
1.055958 15.621458
3.125255 14.946363
45.957699 2.393455
45.264095 0.905743
-13.266521 -60.831055
-13.380912 45.691269
31.980762 40.982277
-23.656586 36.705769
-7.655284 -60.776649
-69.500244 -27.726624
5.699290 -20.713505
-18.973425 -58.889732
-16.670006 47.615261
-0.685518 -17.294834
24.673023 49.081760
1.679952 21.580881
6.228406 57.541363
38.071365 -46.115746
1.181922 -11.474574
-15.375563 24.873844
13.235080 61.914867
15.078193 54.062088
-16.506729 49.079769
-8.524796 -28.086763
-8.524796 -28.086632
36.907986 40.922127
0.062898 53.975372
11.272285 -68.738968
12.723687 -12.257574
-28.612822 -39.510139
9.939533 -69.145096
10.723260 -68.707848
-16.437775 23.681738
12.641341 -71.394501
49.108368 39.255138
-8.858460 -56.412827
-8.859306 -56.412201
-40.079681 1.576222
14.662847 55.142941
-11.142080 -23.340118
71.980736 -13.665351
13.026318 25.702393
45.079254 -1.550320
-20.817701 30.269194
15.338937 -3.868115
2.641116 23.950113
71.435555 -21.000017
21.320879 -12.295951
-18.163849 24.203568
46.867435 26.960968
-58.281174 18.282536
18.583776 57.836750
-36.131432 -24.016224
2.481927 18.608368
-22.511065 -53.598892
-24.042648 -24.331755
-31.882095 -36.877747
-27.577473 24.070610
-25.881695 -38.554096
22.302990 -5.268354
21.068630 -6.778473
45.957413 0.987250
-18.995173 36.415707
7.991508 -17.967669
-56.961811 12.473277
45.467018 1.216037
-13.013227 30.273422
4.829489 17.656361
-21.362398 -14.636639
-8.831612 57.383930
9.265783 -21.797014
22.711313 1.283974
-53.565250 19.926195
-28.083290 30.767120
-10.592878 19.624945
-3.034624 62.483650
1.467524 64.957489
72.835136 -14.096868
-4.475378 18.221144
-9.375678 -53.917618
-28.658052 -30.638786
-24.873476 50.475536
0.320489 13.806489
48.538292 20.968904
48.993664 39.634892
33.390030 -21.090881
-21.648680 39.879871
-12.865267 -57.002239
47.299702 1.594389
11.848594 -22.467405
71.413322 -13.163031
20.244284 -55.908459
33.659122 37.817039
-13.887231 -55.238731
47.743835 1.734643
48.808384 1.901223
49.513000 40.030106
39.414753 40.643749
-7.555155 65.166855
39.288960 38.118736
-22.432510 -17.254042
-34.993111 -38.427139
75.002548 -11.827860
-0.844953 14.678177
17.204306 -15.531985
11.254611 60.583916
-1.776406 -13.406376
-18.878061 38.811798
1.664264 -9.835250
72.202446 -12.919629
11.848557 -22.467506
36.809303 50.818890
-39.391056 0.056278
12.491445 -68.406319
47.583134 2.253657
-19.331594 -48.355110
38.746967 -46.704712
71.586205 -14.475126
24.532389 52.715992
3.685831 -63.892162
48.002708 20.408440
-24.528713 -60.068417
-54.380138 18.228109
-24.003952 -59.854977
6.085273 -18.293308
-8.008823 26.622398
-0.430788 57.860992
-28.490448 -24.771830
-68.818657 -28.518444
48.925251 0.926063
30.985292 41.307663
13.840943 -0.866686
-20.603882 38.021389
0.491473 -59.321022
25.474226 -12.187568
-17.084316 -59.849125
-16.974222 -49.945488
13.235280 61.914471
-11.040380 15.623387
5.991159 15.474854
10.348861 0.261180
-35.868587 -23.874393
35.349129 -24.146730
-5.195539 61.409439
-25.452509 -31.480461
-0.699244 15.316113
-13.037858 -17.668760
42.275341 31.876772
34.607006 -21.940821
27.617056 48.108231
-30.284369 -16.742638
21.320488 -12.295958
-7.890872 57.348812
-22.054934 33.356499
15.226126 7.624694
15.225999 7.624673
29.439692 46.332390
13.609126 -15.994418
20.948952 -69.593666
-33.376354 -46.573631
-13.395238 -60.436329
-0.802622 -28.241791
-1.678214 -14.797594
19.218590 -4.288098
-33.174706 -40.384541
-13.993073 -60.101311
-20.239658 35.155262
-5.457644 60.541916
-12.447484 -53.402851
33.649780 -48.995468
-0.573645 58.932571
13.354853 -68.479378
-54.480724 15.074345
-36.464638 -40.232399
49.107971 39.255466
-53.127159 17.778454
37.050106 -48.495705
-3.523124 -30.393166
-27.319008 -40.497894
0.932981 -20.599833
-14.742258 47.936134
-49.913563 -21.722214
-16.889837 51.500431
-26.668369 -28.362495
-56.299999 16.360479
-0.802786 -28.243093
-11.440895 47.240623
7.341860 -65.830391
-13.190140 51.058918
17.564447 56.920479
46.805511 0.731048
38.096222 -47.594940
-22.121908 38.693958
52.086712 -23.216059
48.801292 20.301867
-10.629100 26.764647
-15.733434 24.355463
32.983318 -23.050209
24.903202 44.629250
43.681026 28.986889
-4.394652 10.104444
49.370586 -0.073121
71.294556 -13.580240
5.102049 56.975704
0.043972 24.932774
-53.784588 16.148394
27.392113 -54.687561
36.650681 50.862576
19.592043 -3.918706
7.423010 19.609388
-26.282484 -21.567999
-6.988065 -26.205416
-7.054287 19.732018
15.348940 9.579225
-52.458218 16.287317
5.334612 -22.098621
32.873314 -21.719007
-1.030559 54.719002
23.898336 49.759861
21.272102 49.255238
-1.582099 -26.297407
-51.357822 18.361090
-18.859566 25.672041
-27.148554 -37.916862
8.977757 -56.581158
-55.749100 15.751470
-0.802786 -28.243093
-1.681202 -13.119179
25.609161 -0.710743
-13.499171 -17.541197
-28.929745 -36.440960
-33.962940 -40.202019
-20.425165 -22.281330
10.176482 -17.252579
-2.811387 57.068737
-53.663612 16.728455
14.608244 -63.339596
12.683175 57.785439
9.539037 -11.513053
-30.066444 -16.887768
-25.881674 -38.554108
17.962973 -62.835556
-12.367013 -56.313656
1.887496 -23.278234
5.809854 24.636564
10.607516 -69.335190
32.621983 -20.891415
47.626629 0.301073
41.100063 32.169498
-15.968657 45.161190
12.059984 -9.308560
-16.450569 46.300076
47.450989 -0.152409
48.839401 -0.387183
7.365490 61.377995
25.966999 -1.467128
-70.631226 2.412863
12.913161 -6.772717
34.836521 -24.001554
-30.037178 -16.881948
11.699732 11.678734
21.973804 46.372692
12.079551 -71.012589
2.644750 23.953594
47.276306 -0.683702
47.051445 -0.367221
-39.357426 0.436123
-56.790890 16.337994
-71.138954 2.457998
47.791939 20.881655
-15.215743 46.198830
-42.734173 -0.096384
-29.998240 -37.433056
-2.755511 19.135345
10.568592 -69.000511
26.224310 43.114326
34.337738 -20.376841
48.745522 0.107442
-31.010078 -26.310181
21.320934 -12.295960
47.949818 -0.802636
17.716652 -4.465078
35.313747 -22.846760
-5.816909 20.141691
10.867011 -12.930536
-7.319832 57.742283
10.582875 18.944033
-9.375508 -53.917973
-8.007050 52.283382
-0.580868 -23.193995
16.399012 7.367023
-20.651897 -22.230581
13.460431 56.057621
15.204062 55.167614
-3.063179 -57.124466
-40.948765 -5.873030
-17.236744 -52.424515
8.750956 -55.482388
35.026806 -49.383419
-68.907921 -29.590763
-6.212572 -15.605835
47.650455 -0.477817
-1.947980 64.261772
-26.050987 -49.619278
2.813868 -12.469368
-19.611794 64.319016
-24.391117 28.644728
-70.959343 2.377537
9.765444 11.522575
19.635820 -57.722900
19.635883 -57.723022
10.991165 -6.760111
33.338867 -22.019865
48.200039 -0.787144
-41.381710 -1.455774
-2.183578 60.309017
-10.246922 20.431908
-0.489169 64.102249
19.039515 -2.022186
-10.972541 -31.004606
17.322927 60.204517
-31.077356 -47.686806
15.825396 -1.959219
7.897256 9.166574
8.676647 10.990314
11.848557 -22.467506
72.835136 -14.096868
-42.325546 -0.279738
-21.502993 39.937912
33.924816 48.408333
12.427391 -2.076917
46.740391 27.609709
-28.084726 30.767757
-16.941025 -57.014198
18.329666 -2.073616
6.768538 -57.438454
-20.133293 64.924339
20.057714 -55.702904
-20.167576 -18.551510
-21.307657 -19.178078
24.532377 52.716015
21.973810 46.372993
33.389458 37.800396
8.682002 -63.296436
-56.994762 14.522061
-0.320154 57.692295
6.403770 -17.292742
40.426773 -48.231052
1.237674 -13.796717
31.084616 42.557884
-23.896467 33.069763
5.634033 -61.191048
-69.725212 -29.871403
-54.383209 16.376173
15.043748 54.012005
-19.331753 -48.355129
-0.035950 16.242796
19.417395 51.001263
-16.724379 21.803417
27.657887 49.152348
45.423187 28.615406
1.140634 -15.005903
-13.779401 -54.418530
3.222301 -10.092544
10.998929 54.729248
-35.465782 -22.773708
36.434795 50.835464
-1.879610 16.017572
-29.662243 -48.504215
46.831108 0.227920
-24.211205 40.110481
49.248234 0.284964
22.770565 15.862774
8.473317 9.163036
-20.714020 22.856094
-23.841490 14.939811
2.781246 -14.216581
-24.392088 -14.101704
-5.607950 56.588341
-54.763790 13.485218
49.169147 -1.135780
-29.924999 -37.622036
-19.863941 -21.957653
-19.772911 -19.175392
27.376657 -51.043831
-29.596323 -30.819366
6.210915 57.190144
-18.861967 21.046865
-19.809692 -48.249889
-5.530906 -18.910707
-33.376354 -46.573639
-28.360540 24.342541
0.043972 24.932774
22.303106 -5.268003
13.098125 -70.249252
10.151125 19.241924
-9.375524 -53.916801
-56.214745 14.942159
-10.972541 -31.004606
15.702824 -57.905296
13.392549 -1.976986
-17.953947 22.716986
-42.150848 -24.035915
51.046856 1.374990
-19.577084 50.339684
12.796572 5.222758
29.253155 45.286827
-49.981472 -21.495285
5.063620 57.105358
20.517359 -70.064682
-20.659027 35.939686
27.711231 -50.062222
30.329119 -52.426022
-11.069644 -19.500332
-19.399151 -52.093582
15.969796 2.425677
7.220669 10.713925
7.013010 18.913088
-54.035072 13.860907
-11.978275 27.582273
-57.453541 16.342901
51.238251 -22.998169
51.046856 1.374990
32.048363 43.915176
29.789377 39.397274
-7.655285 -60.776630
-26.784264 -15.841328
22.788733 15.715834
-18.413721 -20.619013
0.120019 -16.298376
-25.850239 44.421764
7.290659 53.889637
3.674534 -14.208553
7.169803 20.906137
0.403349 -10.285043
-36.214592 -33.408161
25.489283 43.324928
-21.677094 45.468468
-34.909534 -46.466419
9.813841 -69.430550
8.994682 14.339362
22.303112 -5.268001
-29.370546 -36.052216
-36.214611 -33.408085
-30.330935 -34.085503
14.672953 -2.364405
-8.269979 53.904835
4.832462 -10.085656
-7.392460 -58.130459
-19.136372 37.865467
13.306101 -1.981249
-39.600807 1.039671
-4.852036 -64.214767
47.490360 4.534510
5.634027 -61.190979
-24.199247 -59.274727
20.046402 -55.717319
-12.834525 20.285629
7.578258 54.918907
0.707924 -12.032941
-23.029499 32.296604
-32.221298 -47.276211
-20.468300 -51.079559
34.887653 -49.030090
28.900766 -54.612339
-29.742683 -31.045025
12.194501 15.005152
-19.571285 -55.674175
49.257332 40.005688
12.866362 -8.612926
-28.185516 -32.045227
1.655643 57.132565
28.664267 44.342937
-53.745537 16.584648
-71.479744 2.928695
12.468250 0.876471
20.526981 -69.609138
-22.131439 -45.129478
-22.131449 -45.129570
-24.793951 39.295464
49.358158 -3.298839
13.252149 -6.484743
-2.479653 58.877769
-21.784460 -17.033287
-70.385803 3.351724
71.520241 -21.543774
30.145334 -52.477409
-24.589470 -55.488842
-16.884295 56.489460
8.748011 -33.567909
38.884026 35.473503
-18.641649 52.564602
-21.849159 47.750549
-23.790577 40.024864
-19.927492 -22.697050
-10.786444 -16.021931
21.704365 -55.327045
-14.331717 21.211031
-11.560293 10.670644
30.532597 -19.834345
-22.856131 43.981937
-19.942261 45.159382
13.609071 -15.994413
-47.992661 -26.940815
-21.470411 46.273155
6.574217 -20.929905
-18.303139 59.620682
20.055397 -55.706024
-6.030954 -59.037376
1.863176 -9.807001
-19.269802 20.419680
32.078533 -21.772625
-3.034655 62.483116
1.521690 63.903694
40.677032 35.266132
-70.385803 3.351724
-20.545273 34.496086
49.587864 39.129700
-36.131641 -24.016020
-12.305852 -18.947569
-18.898962 26.602036
51.548801 -23.320492
-6.345919 -28.130669
-19.831011 -20.211166
2.711578 57.673740
7.284954 16.155859
72.835136 -14.096868
11.855005 56.928246
-6.845698 17.918837
4.852875 63.770988
-34.909702 -46.466362
-19.939360 -50.274944
7.341859 -65.830498
-48.619354 -21.233824
-27.906103 -35.652847
-54.236553 16.956898
8.682003 -63.296520
49.294647 20.713205
21.753550 48.677158
1.751655 -12.874267
8.682002 -63.296436
7.901060 -1.198119
35.916714 36.781574
-24.172264 -16.585012
-17.075882 42.005772
12.578146 -69.095551
33.365746 -24.334604
18.066721 -63.744129
15.227382 52.796070
-16.476595 17.964451
22.303106 -5.268003
-47.986168 -21.324211
-21.797382 -19.737757
-18.035984 -49.900085
21.705286 -55.326988
4.286778 -57.938171
-70.334435 -28.172226
47.490360 4.534510
-40.425011 -0.517974
0.444740 16.265200
-30.993881 33.838284
26.616377 -53.172077
-20.785189 23.754618
8.216933 19.513506
-28.083178 30.767120
12.262608 -5.762209
33.691093 40.477657
-21.299755 -49.367527
1.936795 17.495760
42.533352 30.732729
29.809023 45.485241
72.202446 -12.919629
-4.805919 -25.947262
-6.350205 58.246620
-19.521309 65.255585
-26.990290 36.520309
-11.911737 -27.247059
-10.269923 26.336630
-11.040381 15.623410
-26.529484 -40.267818
-18.611963 50.955418
-70.432236 -29.314638
-42.453671 0.666751
-16.149284 -23.886042
-41.411804 -0.549287
-53.561756 17.981188
-21.441114 30.631315
-38.853363 -0.214672
-22.328884 -50.202671
4.371072 -61.459587
-24.110022 -19.699654
-10.549335 24.050329
-20.885017 33.562668
-20.979635 34.297310
13.591703 54.852531
-41.193878 0.865716
-10.972541 -31.004606
36.183025 50.450092
-7.283372 24.026167
-20.651928 -22.230574
-1.134161 -56.517578
48.801292 20.301867
38.746960 -46.704773
72.202446 -12.919629
-12.511138 20.241947
-0.635304 10.811429
26.150925 48.546158
13.798781 8.620537
-14.881692 -19.288671
15.277550 52.861057
4.624588 58.973526
11.274589 -5.937451
27.711306 -50.061893
-26.915905 -30.461163
-24.334343 -46.583569
-18.305840 -48.322021
37.560253 -48.321205
-17.812572 22.258835
26.225344 42.557266
-7.769917 -25.077583
1.157029 -55.512039
3.866265 -13.674887
-26.723492 -22.274992
14.309728 1.878051
-21.545954 18.861542
14.497994 1.756667
-10.704756 54.809849
25.365761 47.976082
-69.293564 -29.876062
35.047325 -20.963718
-11.752909 -21.166571
28.110729 46.694313
-22.948963 -21.283539
-1.319152 18.118460
12.139950 -69.485794
3.564655 -18.950926
23.009712 -53.152767
40.867069 35.975891
-21.563845 18.924641
71.413322 -13.163031
24.627136 0.482961
-7.688955 -56.341278
-7.635316 -59.066536
-15.398133 -20.999920
-16.875597 -52.389557
40.766514 35.928402
9.743160 12.384120
18.583776 57.836750
-14.355884 23.738823
-26.529442 -40.268375
-16.544243 -52.211494
-20.799557 -20.653502
-28.112576 -38.173328
-1.757804 -22.354698
1.651753 -57.220852
-9.801319 11.549471
-20.651945 47.235031
8.617348 8.031887
-11.040380 15.623387
51.046856 1.374990
-70.385803 3.351724
9.130689 55.499748
-9.579928 58.073830
-32.957714 -34.767750
14.184224 57.752399
-32.228283 -42.204876
-16.308765 44.030140
17.921041 -64.412743
-21.720875 29.432146
-24.207460 40.052078
-28.905960 -40.816887
14.566194 -58.156559
-22.504993 -22.237961
-3.163048 -31.817638
-41.661522 1.041681
-22.011833 -17.072491
-58.281174 18.282536
-53.155830 12.262532
-53.155830 12.262532
-34.708103 -29.360655
-21.893063 36.264908
-20.606707 37.460880
-19.545370 -21.130005
-36.488735 -35.808277
9.430940 6.826380
-23.865841 14.403907
-17.514671 -23.291166
-23.320559 -44.457047
-6.746403 -57.030594
-17.578524 25.835497
-10.269902 26.335863
-18.319084 41.023949
20.398451 -57.276615
-70.334435 -28.172226
-4.620842 -64.268150
10.869281 0.853795
13.026318 25.702393
51.241287 -22.632298
17.322927 60.204235
-13.686978 -55.122379
26.616262 -53.171925
-11.911737 -27.247059
41.505447 32.015430
33.679634 37.528381
-28.490448 -24.771830
-10.633011 58.966148
-3.683676 -18.310865
-23.803516 -30.285580
18.299191 54.323700
-18.339315 39.970581
-6.326969 -54.371651
6.767605 -57.438011
20.517359 -70.064682
25.599804 -51.998264
-19.421499 18.849230
-16.220852 20.959364
-9.181196 22.490822
-5.553535 -15.773412
-5.739093 -28.991747
31.084740 42.558006
-5.803567 16.388639
-10.972541 -31.004606
20.248917 -55.909348
26.616377 -53.172077
38.071083 37.369843
49.358158 -3.298839
-7.572881 65.186707
48.801292 20.301867
48.022240 21.456867
-24.873478 50.475567
-10.972540 -31.004646
-3.944104 -15.340140
-21.408932 22.668457
-9.375682 -53.918224
-15.560259 -51.344353
10.367659 -9.946087
4.738718 -16.278074
13.564791 53.557709
3.412122 57.165329
-4.517571 -57.964378
-4.805016 -25.946762
-40.794575 0.590171
18.066723 -63.743988
39.413876 40.643867
-4.353367 -17.647575
24.983984 -1.236507
-24.435966 -17.157902
-3.063041 -19.359554
-8.250612 57.226097
32.424156 -23.800829
-12.317109 24.401655
-71.265182 3.448799
6.899618 14.677010
-16.031651 -52.890697
-56.209278 14.257898
-42.210995 1.700907
-25.566713 -45.165127
34.232296 -24.478891
-17.132229 21.010746
-24.938385 -47.177166
35.026806 -49.383419
11.748781 2.767042
-36.132603 -24.015812
24.700830 -1.421014
49.204361 21.256165
-18.327875 52.858665
-18.899052 26.601490
-5.878951 61.815384
-1.134084 -56.517578
-18.449390 48.258286
22.770565 15.862774
-4.181815 60.878586
-10.972540 -31.004646
8.748011 -33.567909
71.620949 -12.943095
-4.755383 54.362022
6.513049 -11.927574
-16.240353 16.380848
71.435555 -21.000017
13.457108 60.201260
6.318788 15.228507
0.702033 -11.345708
51.046856 1.374990
-5.095314 59.868885
-19.217192 -56.555138
-0.258456 24.882126
52.198544 -22.505596
-20.734228 -48.984882
-11.432064 24.552761
21.320881 -12.295951
-31.572727 -39.649120
35.874107 -23.522205
-27.974316 -34.966991
42.647095 30.703880
14.125594 11.972941
-22.047979 24.025053
-31.582626 -47.048592
-28.612722 -39.510117
-2.489799 -23.222597
2.340612 -23.148481
-25.470934 23.245415
-22.326857 -48.286808
6.574056 -20.929857
-14.971112 47.258762
-11.813116 58.981037
8.277225 -12.613516
-33.853264 -40.225063
-22.282663 -20.260736
12.719958 -5.467494
36.741234 50.065331
44.907177 27.910463
15.948237 -2.778066
-8.221978 56.715134
48.450073 26.327356
36.332565 50.131714
18.514221 1.565293
-10.689933 11.219592
8.848262 52.684208
-19.610313 -21.028414
7.675259 11.934594
16.879055 55.542706
40.385746 37.312946
6.512915 -11.927683
-20.948023 26.456438
15.454931 -12.300014
1.565614 -59.144512
-22.931250 -45.892090
11.966173 60.977749
-24.794561 -59.863159
9.995045 -68.686264
9.798408 12.322585
-0.509046 20.680563
-40.279617 0.792166
-9.119007 -61.350105
-54.271355 17.572046
-18.122944 53.107830
-6.159778 14.140261
-53.495636 17.383614
1.757652 -11.359559
-57.360142 14.873204
48.801292 20.301867
-13.467279 -19.216055
29.789371 39.397202
22.770565 15.862774
8.373296 11.580618
26.659851 -51.858624
10.112227 -57.357853
-4.924433 14.469394
35.124287 -23.163416
11.986403 -67.557175
-31.515631 -40.216564
7.434423 55.009605
7.638878 -0.608282
0.896525 57.999973
-49.123852 -21.864258
-17.846550 37.788471
9.797394 7.927958
-23.803514 -30.285543
8.686597 -9.983309
3.932314 8.946486
46.206043 27.875689
-16.579737 49.078655
8.615555 -4.025498
-70.319183 2.703956
-69.500244 -27.726624
-0.865466 -13.596971
9.309711 8.095910
-55.136639 14.820953
-12.366408 -53.584812
-30.259203 -43.321468
38.096279 -47.594692
-30.211418 -32.021706
0.978119 -16.966215
-3.944189 -15.340194
-20.347492 51.379429
-25.708834 27.295612
3.399525 -20.765427
12.564229 -14.785011
-19.571192 -55.674149
-18.653797 26.416677
12.468503 58.494579
3.964842 -17.267584
-24.619585 -18.746695
24.903460 46.363136
-18.303125 59.620838
-6.137336 60.934299
-2.709907 55.749084
-17.556402 43.576981
-25.470644 23.243776
49.079880 39.293125
34.773800 -49.111515
26.616335 -53.172108
-10.660076 53.763016
-21.362396 -14.636740
-56.113533 16.591417
8.748011 -33.567909
14.608244 -63.339272
-5.497413 59.873184
10.927918 -9.237201
-25.102877 -17.119690
-3.816918 -17.074749
-11.944855 -15.011078
-2.829702 -17.086351
1.496920 -58.406673
-7.714694 -57.251049
-30.937317 -39.482403
-0.024189 -11.180518
-1.133984 -56.517605
-21.407969 -51.610767
3.199684 -59.111313
8.770087 -9.432689
-68.818657 -28.518444
-18.691240 52.400436
16.343903 -7.103391
51.238251 -22.998169
72.415771 -14.614937
-13.890997 -18.163816
6.859029 -12.831757
17.183039 56.819069
-20.756371 25.937033
12.928369 11.006660
-25.003736 40.626629
40.358902 -49.017494
4.829382 63.780064
-17.351950 22.530403
-28.490448 -24.771830
-71.138954 2.457998
10.239840 51.901546
48.632656 26.280357
-20.081818 43.403336
-43.515144 -31.994127
-12.856233 11.303780
-4.803768 -25.943712
-21.547241 44.627945
-21.358757 -18.899162
-21.259296 36.803177
11.737285 -10.244425
5.377738 55.544052
-28.236376 -21.500948
-2.550970 17.828032
52.086712 -23.216059
-10.972541 -31.004606
71.940887 -14.650985
-70.631226 2.412864
-10.972541 -31.004606
21.507553 -54.396114
9.929664 6.495015
51.046856 1.374990
13.270348 -68.095314
-17.988300 27.544756
-5.906500 15.190532
-21.959497 53.499218
-17.176840 27.048693
-17.004686 30.550009
-5.524351 -19.083593
-24.842464 -59.646595
-29.662315 -48.503979
17.619785 54.525772
7.586047 55.076847
11.848557 -22.467506
6.899618 14.677010
24.340708 52.660297
-24.392389 -14.101465
16.082642 50.824856
-9.552606 18.070763
-34.993156 -38.427082
-53.059200 16.373331
-5.258816 57.819294
-21.842651 40.220314
14.167863 61.544849
26.187315 45.788609
18.400515 48.110809
16.082445 50.824261
6.189317 -64.108337
-1.581884 -26.297417
12.194860 15.125381
-17.700933 -18.487942
-0.540159 16.865936
17.962343 11.222897
-20.156096 55.696209
3.438094 -17.193472
-41.393337 -32.048763
36.184204 50.445293
-5.510835 61.245155
-7.076588 -15.267077
-26.529467 -40.268307
-14.758247 -52.864487
20.046402 -55.717319
-19.260490 64.763359
-4.115641 58.560417
22.770565 15.862774
26.074764 44.978779
-21.733740 -18.956093
1.191744 -14.707566
-42.808743 0.331793
-4.254874 13.067250
15.816627 -58.507553
45.752964 -3.788633
15.285251 54.885498
-6.630151 -20.586536
-51.013695 14.682921
-20.155979 55.695831
7.128717 -10.227092
-4.302400 18.416868
39.650414 35.559040
43.603741 2.064639
26.837267 51.605003
17.428915 55.473175
-17.698814 19.991049
-15.757314 -54.975613
9.035383 -1.209917
7.191066 -0.205666
5.187380 -17.160971
1.754025 12.102199
-23.985790 31.780125
-24.391981 -14.101486
-47.992565 -26.940836
-25.741039 -16.358418
-6.140100 -14.725028
12.569512 -6.981752
-6.381221 15.176690
-20.861141 37.880295
47.791939 20.881655
28.839615 45.873943
-29.900702 -45.345627
18.033789 -7.390822
13.573376 -0.338596
-1.133889 -56.517551
-18.786037 -19.357340
-27.917240 -34.099232
-2.683107 -23.941067
-68.818657 -28.518444
-8.858682 -56.412281
-34.708050 -29.360868
-9.075826 58.927410
-9.326082 59.028717
-22.581766 -49.283745
9.356906 -33.634735
-13.380120 45.691128
9.356906 -33.634735
9.808023 14.820135
-14.210001 51.922489
8.179509 -4.290758
-28.083035 30.767120
-21.553516 -46.217762
-11.944805 -15.011046
4.912073 -61.518341
2.290628 -11.132379
-16.585136 -51.735329
-23.768438 33.669937
12.331022 62.276802
-21.193537 44.495777
-19.796137 50.537754
-18.660679 14.407497
41.183525 36.124569
-54.318295 15.597303
-13.356228 27.824223
-21.171005 -19.290842
-18.303068 59.620487
31.289665 -53.241913
6.282986 -20.976614
18.754364 57.254932
11.848557 -22.467505
11.819326 11.774764
43.384087 -1.945996
-53.224983 15.504330
21.878096 -53.820053
-28.916725 -33.961643
34.149143 37.646313
-28.490446 -24.771830
1.055909 62.817177
48.913567 21.631620
-23.803488 -30.285467
-27.610342 -22.657045
-18.553076 45.195019
4.579243 -13.809325
25.863586 -52.618080
12.739444 -68.675179
-19.809683 -48.249905
-47.992622 -26.940817
-10.249293 -54.159206
12.724474 -10.472463
-20.059158 -51.024136
3.399182 -20.764677
12.676605 -4.540730
9.330644 59.302338
-30.884134 -38.283176
-8.510841 57.487442
43.603741 2.064639
-70.857872 -28.743155
-2.321437 55.518951
-54.028694 15.507791
19.795185 51.652145
12.861994 -4.791098
-24.392281 -14.101157
15.220723 -55.909866
16.042229 -0.982640
45.752964 -3.788633
24.065166 45.203644
34.258331 -23.330791
-1.041011 -60.885826
-22.223133 -25.913008
41.761585 -45.524681
11.416211 20.847698
-28.360506 24.342552
-2.189920 -21.318792
4.282106 -57.970860
-25.708977 27.296410
24.874210 -0.986630
36.208019 -22.404119
-13.395639 -60.436317
22.293598 -13.871898
9.330404 59.301918
9.330363 59.302227
7.048713 57.732849
40.763588 -1.456229
8.681997 -63.295982
-20.725712 36.323311
-10.689979 11.219894
-13.885053 -19.696529
20.250965 -55.907608
5.713190 60.435284
-14.394702 18.252275
26.616377 -53.172077
-69.775063 -28.687490
-28.768099 -28.160387
-11.911744 -27.246933
-24.002630 -59.856937
35.233513 -21.410961
-18.309584 -19.232327
13.115659 -2.554006
-30.759975 -43.671070
28.183973 -50.845913
6.044527 -13.777261
22.694191 4.857570
41.132267 35.284775
49.921276 39.642601
5.690506 23.374372
-28.074093 -21.446484
-24.250675 -16.296114
-23.765594 40.041676
8.770987 -14.657149
10.751946 -13.087765
-6.883026 17.735270
30.329113 -52.425842
-11.040380 15.623387
13.658522 -16.158689
13.785202 -10.994205
0.184570 -57.130608
-26.448330 -19.619850
42.158672 -44.928547
-40.296017 -1.091390
16.396311 -14.195789
-18.557554 45.321484
8.373006 56.887474
-39.288979 -0.988539
-34.993568 -38.426456
1.475765 13.402376
21.973799 46.372635
51.241287 -22.632298
-20.077978 45.637730
3.806180 8.987901
-24.287157 46.097927
-24.289265 28.837559
10.548149 -17.250751
-56.627975 17.266193
13.921786 17.651070
-29.247070 -29.657703
13.026318 25.702393
34.757622 38.003922
-68.818657 -28.518444
-12.193523 -20.474255
42.883469 -0.848731
-18.915737 -56.181141
-24.819016 -59.811649
2.739259 -16.158758
13.105000 -2.838504
9.686916 -9.644251
-6.326917 -54.372086
74.265343 -12.311776
13.609126 -15.994417
-24.576303 -22.005413
-1.027158 11.551720
-70.969765 3.631257
1.406843 -20.285109
-12.047508 -56.048466
8.977180 -56.581390
-40.130474 0.040485
-23.347439 35.028488
12.678552 -14.785603
-19.549654 35.725018
-39.656754 -1.246978
-22.290632 -48.201160
11.367869 3.515198
9.265784 -21.797016
-33.203690 -46.041103
-4.853957 -64.232445
-31.349653 -41.793602
-2.955470 -31.894083
5.109541 54.662086
-15.533756 18.090559
-69.500244 -27.726624
33.042408 -20.610546
16.399008 7.367007
-23.636271 -29.930059
35.299160 40.353935
-12.307248 -25.352268
4.972167 -58.255234
2.813120 -15.234461
0.885820 63.219601
-18.225292 -20.469986
11.037724 -59.338516
18.188702 51.632492
-0.316783 -25.736986
-19.650831 -51.774403
8.780668 -32.939583
-35.040756 -31.745867
-26.990328 36.520504
9.805864 -69.843063
-47.992592 -26.940836
-25.452511 -31.480314
10.782817 -8.851736
-20.721600 21.965265
-1.713798 13.685559
-15.866096 -18.079792
13.124646 53.092560
16.952976 53.819878
-9.488654 24.871515
19.188343 4.027712
-4.949104 -18.882124
-23.555021 44.835201
-21.113646 44.139847
-6.900313 61.497749
32.610374 -22.894657
-14.758144 -52.864452
18.812946 51.272186
16.600698 -58.309746
20.628513 -9.165877
72.835136 -14.096868
7.640916 -30.235054
43.603741 2.064639
-13.046535 -20.491089
-19.819761 43.040997
12.659859 -7.618722
30.007559 -51.333282
-18.873013 22.157843
-4.848022 -64.246208
20.244284 -55.908459
15.773017 -0.240685
-24.590014 -55.489388
21.103006 -12.905704
21.320934 -12.295961
-41.949203 1.065335
-56.608418 14.309419
8.748011 -33.567909
-40.099007 2.187746
-23.320564 -44.457062
-29.941690 -37.489471
-55.889465 15.255361
-26.428881 -40.037285
12.693565 -59.348415
18.066795 -63.744022
-8.582098 -54.222614
20.628490 -9.165785
-39.385475 1.738469
-10.867625 -24.635220
43.603741 2.064639
9.109533 13.388897
9.261021 9.344685
18.895658 55.661510
-19.956804 50.231621
-36.120831 -23.784616
-1.182615 11.796777
-27.463322 -34.368530
-29.662395 -48.503769
22.788733 15.715834
-18.659796 -50.327648
22.174171 50.215439
-21.795488 14.539055
-49.619507 -20.373392
-21.959496 53.500164
-21.959423 53.499256
-12.318317 -20.651913
6.503670 11.873638
-19.235699 -17.613514
37.804447 35.905357
10.026313 60.332249
-5.840639 -55.769524
72.752327 -13.280640
-6.905991 14.153191
17.878544 1.439121
-25.145580 38.241573
-11.916890 -57.387856
4.793504 -18.564112
12.506769 10.998138
6.282905 -20.976574
-39.724609 0.894341
3.168831 13.705382
10.869217 0.853719
-16.635595 -18.715475
-23.803520 -30.285566
2.788895 17.175892
-19.802299 33.263634
2.286938 15.228655
42.158672 -44.928547
14.957669 6.678643
-21.407986 -51.611202
-28.553421 -28.724922
28.156416 45.855999
-54.672092 14.342888
-18.916027 -56.181740
-71.440254 3.229287
46.398800 0.489349
45.869293 -1.214263
-21.970695 38.976166
-55.782913 16.827394
-26.990429 36.520638
-11.911743 -27.246960
5.111961 17.565971
-20.336441 24.691050
18.592621 8.712917
-24.881929 36.004051
35.189461 41.506958
-19.706818 -17.553585
3.740356 -15.521721
20.525230 49.621735
-20.211433 23.371925
-36.120831 -23.784616
9.329758 59.302200
12.352479 -70.212143
-12.867578 -19.102037
71.999184 -13.529702
37.719822 -47.318958
3.474403 -16.479965
-0.026488 -58.573181
-2.041461 64.184525
-5.912821 -29.073883
1.334213 59.797131
6.423637 58.667667
6.335484 58.638382
-3.039972 12.465755
13.026318 25.702393
32.277802 -21.360081
15.544873 -1.482814
71.520241 -21.543774
29.997437 -52.621387
-34.022205 -36.510433
-22.292524 26.061144
9.243344 -10.015731
1.936749 17.495787
-30.669617 -42.044628
43.662529 29.260839
-30.525009 -25.674120
-11.560184 -15.712746
10.976368 -6.192395
10.976290 -6.192344
-21.299414 -49.368706
-17.574059 49.135475
-20.263550 23.140192
-21.244534 -21.126583
-20.089043 -17.632193
-0.802786 -28.243093
-33.499275 -36.574524
-24.270016 31.512293
-16.240355 16.380791
-30.997576 -48.822453
-56.174026 17.131445
2.279082 15.106996
-30.456322 -39.601967
-17.578325 25.835520
-17.525089 43.513634
