28.547167 -31.715405
-10.689065 -9.393721
-1.927917 -16.930370
42.144672 -15.223399
-11.044829 -2.558903
-41.555946 -19.457434
-1.962751 -61.345390
-1.962751 -61.345390
59.952541 27.643534
40.170666 -18.098938
17.712948 -32.864189
43.670544 -38.348553
-27.725452 -50.363468
50.522972 -1.844935
-36.554111 3.645761
50.204304 7.475238
34.724739 -26.378534
18.293528 -26.085377
28.149717 46.909775
20.407200 -25.114166
2.655877 -3.396893
-9.730700 -8.855770
-7.222153 37.695400
37.097187 -16.611252
1.887731 -55.923561
27.940708 42.968826
-3.934830 -17.308353
-40.717796 8.920387
20.642384 20.289612
20.083239 20.103342
1.869068 31.004053
2.251958 -6.177065
-38.013733 0.213705
20.192062 -35.185638
-6.942442 54.247799
24.710663 -30.302000
2.211568 10.155675
42.456722 -14.909984
40.004822 -17.898632
26.308144 46.036327
9.200162 12.162365
-2.721253 -18.201656
-8.910507 -0.204265
-5.007513 56.538975
10.104473 34.214817
11.324648 29.358299
-8.177875 -14.914153
-19.856018 31.112740
-43.047619 -34.963787
31.318157 47.637482
7.642635 26.364660
-13.295453 2.836334
-4.628507 56.426514
46.863400 -8.195786
9.319828 -31.775095
-7.308446 -8.355637
10.848229 -34.813606
-39.419018 -35.312004
39.078396 -20.865517
49.414494 -12.424909
-27.236820 24.450512
-6.116014 -14.678020
-28.183784 23.265310
-41.117977 -33.935429
-47.344471 -16.304201
3.505307 5.626836
39.619183 -18.277874
33.766457 -23.190699
19.346321 -35.157684
-1.597639 -0.138549
43.643162 -16.623837
-40.717972 8.920406
-8.431727 -11.004112
39.333454 -19.720901
-5.306474 -13.329804
-40.259178 2.933238
35.898075 -26.620552
31.341599 -26.590158
-5.057592 56.599651
25.034296 -28.933245
-6.528335 -9.476803
24.986555 -31.098652
9.585575 24.357405
43.819756 -12.532819
3.384152 27.469082
7.011259 12.316590
-4.542099 -26.184336
7.476061 37.169510
-32.381855 -45.380375
-27.725452 -50.363468
-27.725456 -50.363468
-38.187481 2.967995
-1.549951 -2.864830
53.268719 13.292709
25.581152 -34.978077
45.970268 -0.801396
6.201411 10.319721
-38.285801 1.194467
52.652946 9.483789
0.916291 -6.225791
-27.129320 -49.706680
3.181727 29.337648
-41.120358 -29.289110
-10.189413 50.409191
8.237646 10.398032
-4.710135 9.680307
13.952748 17.502111
-43.379456 -43.304829
46.023899 -7.356852
7.699512 37.166546
-18.806194 56.362457
40.460899 -14.452642
57.476006 22.780634
2.019562 -16.914591
47.910645 6.946900
-66.747986 11.628688
31.230539 46.071388
-8.906103 -11.098835
19.645969 -30.214069
37.369122 -19.172752
8.633734 30.598776
-43.389538 -43.621536
11.789671 31.176321
-12.718771 -10.485243
37.770412 -17.965893
-45.851460 -33.029705
-14.005867 38.517078
-1.050536 -57.353443
1.059964 -59.949898
2.013424 -21.662155
45.672710 -1.703682
6.675332 36.845154
30.529833 44.164551
-19.498178 32.290775
6.979735 35.301704
-6.585505 -15.792877
-6.661435 -5.384143
-5.396482 -0.208624
3.854455 37.056381
19.410931 -30.262121
-4.286372 48.625996
2.172684 -25.874166
-40.830776 -1.566586
-19.734865 56.050579
24.122910 -24.894148
-15.304902 36.314671
-43.169323 1.708263
14.212923 17.875360
-12.124302 -3.344676
41.514729 -15.911947
55.685715 18.487183
1.872505 -30.770086
47.960602 -1.797710
-32.381660 -45.380249
5.185181 35.796455
-0.708974 -56.502342
51.363495 15.334767
53.904510 19.622154
-74.212196 1.463956
39.392593 -18.475874
-42.411205 -25.372658
21.955797 -33.929176
53.754963 16.995958
-42.818993 -22.321199
-32.445007 -44.537960
24.244909 -24.311285
20.154945 -36.820263
20.154856 -36.820324
3.148308 37.644253
-38.353149 -1.117429
1.810398 -27.418022
11.191457 27.119669
48.364727 2.180646
-32.061028 41.005867
21.047302 -35.768085
-6.913722 54.175949
-4.851852 9.604053
-21.289770 54.291794
-2.433638 -19.239189
-2.804016 5.413718
-3.957364 47.956505
-32.381699 -45.380188
31.271851 47.866859
34.551117 -23.887453
11.422303 19.254393
12.187245 -33.917034
-27.246675 23.035370
29.770388 -26.326742
-13.957466 37.712833
-41.810417 38.583229
58.050526 24.616741
-42.504234 -26.349928
2.322823 -18.226768
8.909808 23.138700
9.767969 8.698175
-1.168248 -57.643997
-26.905848 20.565317
35.577629 -18.811924
2.574772 19.862162
18.211109 -30.824003
-15.215668 50.259140
-4.515839 7.395045
-1.962751 -61.345390
49.812283 -11.406396
32.610710 -23.713118
-41.240410 -18.604393
1.506609 -24.035273
-42.681961 -19.425852
-14.941198 35.303604
5.113992 10.611375
8.106811 36.229626
-4.417840 57.075882
-5.856909 -8.180041
-1.962751 -61.345390
3.275571 27.863403
-33.896942 -44.991665
-71.515053 1.617492
-74.613602 1.503719
-27.513742 21.628607
2.733711 -25.472164
8.121634 17.360424
0.611115 -60.524509
52.861080 12.529283
20.955812 -25.054409
-4.332594 -1.937295
44.821964 -9.693217
-13.121961 2.608402
-13.298621 -4.461574
-2.348621 -56.876556
47.823254 3.518438
-8.015356 -3.111914
36.880486 -22.390522
25.170544 -35.295109
25.170992 -35.295086
5.913093 13.634656
-10.946179 -3.077102
-10.946645 -3.077092
54.553535 19.020872
28.679256 -27.328491
48.112072 -6.988323
1.910124 31.024368
-1.870918 43.235188
9.330044 16.413004
1.997921 -19.207514
7.811928 7.689042
8.078575 11.514655
12.068137 24.543661
20.146721 19.737648
-26.989359 -49.652332
6.354498 36.459457
3.648905 20.124388
26.571316 -32.129246
-38.075623 4.616352
-6.926642 54.188599
-31.972656 -45.208069
-71.515045 1.617381
1.977839 43.161861
45.017624 0.361459
-35.553909 -1.627684
55.136692 19.015099
6.954410 23.992016
53.251522 16.181881
-19.100603 55.558655
-37.640377 -4.277033
-37.640377 -4.277033
-4.318643 0.303086
-29.166285 22.989344
-1.962751 -61.345390
52.988094 13.945428
32.163212 43.077217
18.423470 17.424948
-4.488008 -8.247479
-41.153946 -20.388409
49.994812 6.706993
-43.085670 -43.055199
-29.697577 37.928680
-42.400784 -2.017500
4.528840 7.229512
-5.525465 -16.810251
-18.846130 55.685745
-1.152209 -16.264681
-15.740296 53.737656
-43.238190 -43.123318
-42.876503 -43.809418
35.157589 -18.704453
-32.493023 -46.234051
-9.613441 -18.120281
21.136267 -32.629688
10.841295 -36.833729
1.756378 -4.775037
42.919544 -14.420583
-1.680053 -18.908770
-49.749237 -12.783005
-0.299892 -59.775372
9.381708 29.355244
-7.593349 -16.401579
5.104732 40.021774
7.811928 7.689042
12.594281 -27.335495
29.419405 45.718590
14.065119 20.843987
5.936189 26.129002
-45.444767 -32.797878
-3.921184 -17.405617
-30.384975 -47.377178
-40.883022 38.418819
-12.813906 2.642653
-1.319084 -28.513714
51.335567 12.741199
8.427647 31.712669
-30.974392 -47.171452
-3.037440 -58.975971
9.767970 8.698222
48.111084 7.463769
18.580547 -32.758606
-2.571145 -57.044273
26.478109 47.723392
1.716681 -18.372595
46.685040 -8.937303
48.390690 3.775451
54.001919 16.020674
-26.537220 22.012718
-32.493046 -46.234322
-40.294243 -44.408638
-35.553909 -1.627684
5.104592 40.022186
-15.215680 50.259518
-28.969429 23.578093
-1.612522 42.858852
1.822801 -5.112692
13.844350 17.799919
4.508982 1.295531
39.528252 -13.525716
6.414030 14.432153
2.073503 31.099785
55.972893 20.569336
4.800153 -31.412487
-40.294243 -44.408638
26.184715 -26.039637
-13.957470 37.712997
31.714582 45.176254
-42.162369 -18.071396
7.492547 35.546513
-6.369568 -6.645272
-1.159784 -6.087578
-1.962751 -61.345390
4.603769 44.343601
-1.162226 3.349691
37.100208 -19.034710
-41.515259 38.971828
28.873808 47.533337
14.238103 17.832808
43.753918 -15.072373
11.758459 32.216465
-40.157219 1.065615
58.551086 23.273239
10.392044 -32.252316
5.116827 15.603379
-1.962751 -61.345390
-20.595293 29.400286
3.445136 31.216986
16.710726 -33.836788
-46.546997 6.668932
9.532386 20.567581
2.300534 -19.570404
21.081732 -29.388529
4.527719 7.229813
32.163212 43.077217
13.010760 -28.129713
-0.528646 36.441101
-40.159126 32.606098
-41.806011 38.595730
1.835164 35.473583
20.051840 19.942507
20.724573 20.214579
-27.958900 -50.018677
40.601112 -21.777611
33.622604 47.395294
25.432516 46.124771
-36.166851 -41.880272
37.456760 -22.110453
54.965603 9.914899
-4.745329 -3.356475
-9.171944 -14.509798
47.799973 0.914048
50.623482 9.225173
-38.254704 -1.660747
28.982876 45.353294
-19.965765 30.695196
-26.419701 25.081202
1.816777 -16.727991
-42.718750 -0.748043
0.727741 -59.341003
7.894514 11.512134
-39.681168 -14.967954
-18.718353 56.012802
-10.662179 -4.157898
-0.032507 3.841278
-10.183911 47.098816
-7.909573 -5.032348
-4.492456 57.142315
-26.011738 20.867683
5.616248 9.698053
28.090069 -34.738903
-39.411758 -1.215861
8.570876 15.788195
8.048986 -28.832644
-41.521023 -31.120771
-3.037440 -58.975971
48.771000 7.723493
4.748996 20.408400
-42.686619 -43.676720
-39.600525 -0.889585
-73.795303 1.441353
-42.653751 -43.617275
28.135630 -32.639767
51.854828 13.678332
-38.888351 -2.600973
-4.710853 9.678866
-7.909026 -5.032661
-1.940139 -18.775621
29.645613 48.179707
-40.295616 -44.408661
1.306815 7.863062
-12.718772 -10.485384
-4.804561 -25.257452
30.388573 45.587246
-42.402351 -23.074429
51.236382 11.253793
-44.829372 -19.714720
-26.520672 22.399284
-4.130314 47.212654
43.504814 -38.085320
-42.965717 -43.853951
-34.808083 -44.031097
-42.539318 -27.176609
51.049385 10.980332
-5.932425 -19.959318
-43.063892 -43.051525
11.758491 32.217468
11.758757 32.217247
0.150755 -24.767469
48.893692 -5.895250
40.470615 -17.778412
-0.575565 3.393327
57.279106 22.602623
-51.302525 -15.168632
3.505322 5.626924
-46.145084 -18.948610
-51.627548 -15.286205
-13.492041 35.405602
-19.523375 32.444832
30.619684 45.079269
-20.809912 33.774300
-39.005440 -1.112826
53.138332 12.740910
-6.940805 54.244995
-67.866341 9.356756
0.226086 -21.625423
13.840412 17.642956
26.452892 44.577129
0.267534 -7.477282
-13.578101 35.537327
-13.578115 35.533848
8.161937 30.519415
-23.775297 31.197672
-26.802937 23.695154
11.058624 11.845730
-68.543053 8.988327
12.623002 -31.567616
-45.012230 -36.837589
10.342800 36.600586
-42.860237 -20.711811
-30.385088 -47.377430
6.480462 35.004662
-67.362823 9.198840
-67.829391 10.058556
10.642999 31.743181
-67.147736 4.630728
1.413765 32.320179
-7.724835 37.079605
-33.059635 -44.358513
-45.850155 -33.034161
-13.957467 37.712833
-65.180450 7.313092
-65.180450 7.313092
-71.877243 6.352366
1.986246 -28.573517
-34.929401 -43.478622
20.051825 19.942516
-71.877243 6.352366
-18.738457 55.866692
-3.858066 0.929471
43.827877 -10.697791
-41.136833 -37.269699
-38.137051 -1.278871
-2.413445 -58.326935
28.405138 -30.119520
-42.371365 -21.760063
-4.710060 9.680868
-7.498162 -17.177893
5.118464 15.603699
-26.661030 24.038532
14.692188 -25.786308
1.976481 3.900681
-1.626904 -18.722496
55.713333 14.217923
25.025623 -33.895428
0.699192 37.522938
-15.482272 35.918579
41.770782 -17.113079
-3.135628 -17.377092
-26.485048 -50.901222
-40.174149 -0.803044
-30.810692 -46.685616
-41.117981 -33.935432
5.412414 -31.558054
-38.837193 0.623485
-39.706326 1.234283
-10.183884 47.098629
55.193111 13.758624
30.651945 46.762859
-21.050877 54.489807
-15.215671 50.259331
-68.001915 7.140928
-71.514862 1.617416
-32.382187 -45.380352
29.955421 44.057259
10.106845 8.672494
-65.180450 7.313092
-5.002049 57.111980
-2.225018 -27.912018
-49.749283 -12.782963
-2.381756 44.255272
52.745335 13.201138
50.339821 -1.220189
-42.733837 -43.156155
45.158634 -4.856911
-68.924530 8.204302
-38.210270 0.300869
-68.338249 9.426976
-4.488073 -8.247647
-66.747986 11.628688
-65.180450 7.313092
-41.601925 -37.046223
-68.973557 8.099258
-10.782719 -5.665860
2.537811 -31.284332
44.608650 -13.091824
-45.720787 -32.743671
-27.474453 21.054121
-4.042213 8.387486
-31.202934 -45.957138
4.486018 -18.528170
-37.906975 -1.752623
-42.124435 -21.755545
7.445856 22.406652
-30.206425 27.763788
-41.601917 -37.046230
21.533680 -24.447929
-7.197716 -4.594654
13.788284 -31.048136
25.897350 -33.312222
23.364420 -35.899208
-11.322474 -8.423944
12.701476 25.158512
37.566925 -24.093590
9.586368 24.356979
48.455566 -14.793909
-46.145061 -18.948587
-49.603523 -14.967670
-7.498285 -17.177826
-45.398132 -32.921127
20.006210 -30.538559
28.107281 45.292816
47.953087 -0.051350
19.120939 -36.426224
-6.019596 -14.481372
-11.098645 -10.781104
-2.496408 49.570721
2.214739 38.506165
-42.918297 -22.542929
-4.250198 -25.286537
35.989532 -27.142303
-28.128353 23.853590
-13.139952 3.160237
16.215990 -30.667204
14.127098 17.494223
2.351152 35.598129
-43.389538 -43.621536
5.616257 9.698074
-27.498028 25.116072
12.635675 29.914560
1.426866 41.006771
48.708504 3.215403
-40.883022 38.418819
43.500671 -38.085297
16.476074 -30.155336
43.670544 -38.348553
-13.064477 3.196932
43.363590 -38.462883
-25.649593 20.818550
8.487444 -34.445118
-0.336970 6.846768
-28.293467 21.105368
-27.945210 20.854929
-3.646688 -20.664970
-2.452117 -57.751259
-6.260715 -21.447130
0.949946 -25.548292
8.709935 24.021944
-1.962751 -61.345390
7.802659 24.431753
52.184998 12.214047
-6.427638 -22.285332
-1.962751 -61.345390
4.112911 1.404742
16.600620 -34.254108
15.576633 -33.311577
24.004581 -31.648460
47.442673 0.391417
-45.767342 -33.136440
-42.716888 -25.565174
-1.962751 -61.345390
3.461275 30.936724
-1.962751 -61.345390
-2.667506 -23.397385
-36.166798 -41.880318
29.367571 50.038921
-3.211128 -18.021246
9.586221 24.356783
39.853455 -17.972324
11.324648 29.358315
-40.436146 32.577145
-1.444015 -58.451546
54.090775 17.167349
49.022182 8.673254
-0.107325 -57.495152
41.351601 -15.563980
54.565212 18.355242
-3.037440 -58.975971
12.763630 30.264915
34.693371 -26.585447
-38.344997 32.697029
-39.655830 -4.256651
24.176830 -31.470980
-0.534425 -57.519638
30.001663 45.948635
50.940796 7.437555
35.095608 -25.743961
30.921444 -29.736567
47.083828 -2.913902
10.828638 -32.138817
-3.050109 3.317129
-35.553909 -1.627684
25.780436 -35.788227
-49.046097 -14.477860
-26.485043 -50.901226
-30.321186 37.823227
4.515847 -29.257013
-44.039631 -33.803925
7.372909 -25.396841
2.662084 39.754421
-2.496408 49.570721
42.169777 -18.350885
7.786583 33.975899
56.972095 17.834661
14.130502 17.933100
0.041510 -60.059803
-3.401069 48.199471
11.324633 29.358315
-38.828964 -2.560121
46.069637 -8.861949
11.758624 32.217495
-41.295937 -0.312684
2.927696 29.905699
3.795854 -31.137575
-40.883022 38.418819
-38.879475 -35.563431
-37.581966 -1.882235
5.265680 9.453359
0.985863 31.501493
-1.962751 -61.345390
43.514526 -3.148709
11.605702 -29.818708
22.699593 -31.808321
53.957676 17.363789
-40.909645 -19.944220
7.798137 9.382026
-1.962751 -61.345390
-2.381610 44.255848
-41.268169 -32.430470
20.516060 -32.371922
-10.183755 47.098610
30.604233 44.706158
-10.597977 51.082253
1.300020 -30.509031
60.245701 28.024256
46.467106 9.074983
1.157588 -14.887663
-4.787096 -26.138205
4.127244 -29.989727
41.640594 -18.142389
-49.045692 -14.477904
-39.509525 0.410011
-7.204392 -21.056570
30.965115 -30.165705
-40.094643 0.417412
0.698342 -57.415543
9.352261 -34.051880
2.468819 43.850807
9.237454 23.673149
-38.582535 -0.136394
19.098303 -33.089821
3.406893 -26.102444
-14.941171 34.677334
-38.344917 32.697418
-3.359206 7.816155
-38.344715 32.697250
-25.749287 -51.070000
23.876259 -31.424942
-42.422470 -23.409906
10.085956 -34.025166
49.909454 5.805493
18.915094 21.192163
27.337282 -35.745522
60.923328 29.506802
-42.490150 -17.781599
37.812782 -15.888309
43.136517 -37.581127
40.621323 -21.675241
-3.987891 -26.607685
28.911041 46.860836
6.910100 24.127020
11.737938 19.254961
-12.761525 3.097084
47.724636 1.050920
-6.501790 -22.090015
-4.628507 56.426514
49.535278 9.248368
-8.013645 -3.107449
4.486018 -18.528170
-39.655830 -4.256651
19.096275 -31.356062
29.583588 45.566811
27.926888 46.212410
3.657641 9.554428
39.277592 -22.203531
2.662161 39.754772
30.392090 47.489880
57.743977 23.464350
0.021678 -25.264187
-29.723164 37.420010
-5.361983 -0.525131
-42.075974 -20.834902
5.936421 26.128767
-45.766808 -33.136883
-7.560231 -16.324137
23.559546 -26.262148
0.357501 -4.866115
11.758729 32.217281
-39.048004 -5.739577
-4.851332 9.606488
-47.155830 1.240463
48.510452 -3.344419
13.948610 17.924015
-32.308514 33.386681
8.542478 21.137480
-7.542552 38.935341
-40.780609 -16.076345
-28.804264 21.696314
1.452282 5.347064
46.065159 -6.596185
47.577705 2.393299
8.025569 -30.951433
7.811941 7.689010
-10.140977 -16.078886
-2.874246 -20.474930
-27.725458 -50.363476
-40.083447 8.711508
-50.876541 -15.709054
-4.749795 -20.802252
-13.227947 3.077672
-13.297757 2.913759
51.310177 11.629332
-10.132155 -1.766713
16.462822 -30.329422
-3.100939 50.139362
19.530434 -24.436115
37.776455 -19.994919
20.061430 20.018303
56.976810 22.019260
-5.602317 -14.738644
14.119892 -36.415134
53.510536 20.080217
11.902616 31.478291
-10.132208 -1.766701
-27.390751 20.620390
30.001663 45.948635
7.242157 36.524498
-72.001480 1.884189
4.424822 -22.302473
-26.116968 34.716148
0.353897 -14.569585
40.922058 -22.079884
4.400179 45.158718
1.465998 34.067879
9.548367 11.605963
-4.319175 -2.123776
-14.570809 52.446827
17.025278 -34.706329
-41.855228 -22.408102
46.905399 -3.896698
30.043531 -26.133535
0.717902 -22.487686
-36.315933 1.864902
47.873238 1.571298
-32.445606 -44.537968
29.305132 44.897789
41.447250 -18.461956
47.758995 1.980313
54.562874 17.948822
10.342753 36.601673
12.414656 16.866802
36.313450 -22.718325
40.990940 -17.144670
-18.738852 55.863346
-6.309594 49.322144
-30.052107 38.046665
39.690392 -20.231853
47.056225 -8.876485
-4.331179 56.696030
1.067553 3.677569
30.913868 46.354359
45.406628 -11.124563
-4.348292 -24.297691
10.342828 36.601978
-5.299095 -0.222868
34.999298 -23.475559
5.245853 45.707951
5.422071 -27.376245
12.067459 -34.811878
-9.907406 48.637913
31.303013 -27.137470
59.449623 25.643679
29.903242 45.559662
54.263725 17.846537
7.100709 10.394146
-30.385088 -47.377430
31.330133 46.804192
33.392441 -23.620497
19.867678 -24.551258
36.063145 -18.883936
-3.797447 48.066582
4.259956 -28.055368
59.266460 26.394125
6.004268 8.862935
-51.277012 -15.168421
43.504814 -38.085320
-4.812711 57.208458
44.482327 -9.615192
-9.246778 -9.476179
-30.213623 -47.324688
-25.957514 23.801165
32.722092 48.498455
-1.962751 -61.345390
5.117939 15.603389
-4.642204 57.207603
-42.803577 -17.584223
1.887731 -55.923561
-31.727631 -46.470066
1.426867 41.006763
19.649254 -35.751759
42.958015 -13.982830
-41.806011 38.595730
-4.702251 9.682582
-32.308392 33.386288
-71.514862 1.617416
20.079594 -35.896099
-5.125906 56.922249
2.356517 44.781857
0.911709 -25.668526
-31.202934 -45.957138
1.474288 21.315302
12.369640 23.916840
-73.743530 1.439243
48.448181 -5.222604
37.456768 -22.110426
47.193375 2.668161
8.942442 22.957022
-62.489159 11.234363
-62.491676 11.234344
-38.720524 -0.366486
-38.915062 -35.114899
10.910570 31.175533
-3.199461 4.025098
-10.114925 50.634121
-1.085538 -22.500616
33.935905 -22.223150
6.141374 -30.100496
-29.610010 37.649414
10.872090 11.235733
-9.663488 55.012619
-9.260849 -13.332629
-19.407555 32.495419
-2.496412 49.570625
22.384920 -31.771683
3.162380 -30.301388
46.427105 -5.803586
-6.641203 37.234703
-4.676817 -14.129678
-4.235396 37.126865
-3.215852 -58.121677
-42.614178 -43.534504
15.607397 -31.899061
-38.402763 0.532379
26.478109 47.723392
-39.246723 -35.072281
-3.975120 -24.466900
-7.071188 37.355843
-39.074528 -35.043491
51.643253 15.080099
32.122208 -25.043457
28.723370 -27.326874
29.439941 46.341381
49.812180 -11.406381
54.389595 13.009222
-45.775249 -33.131565
-45.548801 -33.170208
55.971420 17.304808
-9.907403 48.637669
-62.490685 11.237104
53.018642 15.898538
1.306265 46.145760
-26.404871 -50.440495
-5.906578 40.825058
9.068453 -30.946783
-5.418382 -19.240992
8.192449 34.501274
2.477126 28.240887
43.037884 -12.044253
30.939638 45.140179
22.184982 -29.595081
-32.060757 41.005791
-45.548798 -33.170204
9.707845 31.194597
-47.154819 1.240471
29.137827 47.125435
-6.037567 -17.683016
-40.140888 -2.275244
-6.918569 54.163094
51.325287 11.116864
-21.783636 29.840206
-1.639222 -58.184387
42.822144 -14.314578
45.728802 -9.593189
-19.649212 56.314266
-32.972839 -45.204975
-5.374828 -12.621613
-35.553909 -1.627684
-0.597196 -57.808819
-13.018387 2.581582
5.341684 8.346490
17.646147 -30.890480
10.226368 23.056929
-4.375822 50.292183
-6.934016 54.238720
10.679596 -27.454428
4.659170 -30.536310
1.792912 6.298330
-35.553909 -1.627684
-6.301806 -11.073566
58.647606 24.873659
28.238949 47.334827
-32.308411 33.387024
8.419960 -30.071676
48.673759 3.944711
-1.489752 -27.326544
8.088928 -29.160471
45.456276 8.260679
-5.933539 -8.030441
3.939294 -29.884430
23.560112 -26.262117
-18.798372 56.348434
-10.183897 47.098949
23.547863 -35.769737
-7.908654 -5.033382
14.207658 17.544735
41.572189 -20.731680
-19.597155 54.490143
1.949993 38.421097
-8.014709 -3.109621
51.990032 13.261539
-40.259178 2.933238
-1.962751 -61.345390
4.521294 23.580744
-5.597960 0.576487
-27.036259 21.408449
0.439069 -57.883179
5.780570 -24.997396
-45.012505 -36.837509
-45.012428 -36.837563
1.584240 -3.929171
-1.823029 -56.741360
49.777977 8.257629
6.913925 20.471939
9.784736 24.282412
33.742672 45.571510
-6.264574 -6.640322
-40.294270 -44.408638
-31.654812 -45.967602
28.664125 -28.091661
26.424896 -30.444275
-2.507350 -14.122944
-42.763351 -43.141582
-51.781635 -15.634642
0.565653 -5.115667
-30.185392 40.486305
-1.962751 -61.345390
-1.962751 -61.345390
43.670544 -38.348553
-1.561288 -0.079979
-45.012245 -36.837669
12.557121 16.795986
46.182640 -6.156581
22.940258 -34.432400
-46.145149 -18.948633
5.936150 26.129076
-25.656681 -51.582348
-41.233131 -33.950371
-1.870380 45.199100
-40.883022 38.418819
0.005762 -26.447800
28.666685 46.354221
31.827269 47.414589
48.517639 3.574768
-40.321198 -5.430525
46.505497 -9.196105
12.146382 -34.673885
-2.969254 -20.562937
-27.489319 23.467838
-25.728706 24.668301
-7.796593 -9.599453
34.716805 -23.521353
5.855130 -23.721176
-42.678383 -43.220100
-43.072941 -43.052872
-16.587469 56.578125
-1.392698 -57.928993
-37.263287 -0.421803
55.650291 14.775107
-41.623379 -22.380123
30.843513 44.246517
5.446211 13.850152
-42.571770 0.366444
-0.764527 -58.874760
2.191179 -3.092976
0.084908 -56.743004
-27.725458 -50.363476
-25.097481 26.648201
-0.413151 6.352384
35.159916 -23.041788
-40.102535 39.916386
3.246198 19.035524
4.949992 1.773085
7.311158 -25.339106
20.680420 19.675861
-6.944270 54.248486
-6.196904 41.025696
6.138546 -30.708305
-35.553909 -1.627684
-28.085714 24.685541
20.272438 19.640299
-10.804599 2.386768
-50.953659 -15.376748
-41.120350 -29.289112
-29.688532 37.456997
3.308816 1.862074
0.897174 -4.069686
-41.896217 -19.385788
-4.375822 50.292183
-41.642654 38.875557
-10.114810 50.633465
3.574028 26.914429
-35.553909 -1.627684
30.701578 46.141319
28.819942 45.607063
29.455297 46.895061
9.386121 10.990788
-40.295597 -44.408657
-13.868713 36.036232
-43.654236 -23.963140
39.404972 -16.437729
4.196135 21.501377
9.111076 25.765007
-1.132402 4.913231
-7.041813 -8.422532
43.296860 -38.231899
-19.306692 55.526333
50.991776 12.221147
30.549032 -28.033110
23.439777 -31.645111
0.041510 -60.059803
7.124498 -25.284666
-37.618465 -1.256712
-39.246723 -35.072281
-8.078336 -13.160661
15.536263 -33.365593
24.898249 -35.588966
-7.344991 -21.988150
42.716019 -12.035767
1.241429 9.461264
-45.157543 -18.923227
-8.733768 -7.381349
-32.382187 -45.380352
43.363590 -38.462883
1.425924 39.622559
-8.910666 -0.203913
2.015735 -18.563574
3.755457 -20.928711
-46.546997 6.668932
28.746386 46.788567
20.782169 19.839867
-41.041519 -0.892080
-40.988266 -1.266240
-40.028427 -2.263981
-5.451952 47.342236
9.337125 -31.414282
-45.397587 -32.915577
-19.735424 56.052643
3.048540 44.739784
-3.535380 55.457321
-4.178918 -16.427860
2.662241 39.754715
12.368596 -34.989998
-45.549889 -33.170715
23.395401 -30.266125
-11.322482 -8.423957
31.922478 -23.947212
-26.019436 23.140610
48.561604 -11.835280
2.945535 1.036867
-15.740296 53.737770
49.488960 1.293098
10.672351 8.886515
24.659168 -34.493973
6.354538 36.459225
54.969784 9.914893
2.662660 39.754005
32.122303 -25.043398
-37.427795 -0.929197
54.425381 12.469421
33.135002 -27.064251
23.421667 -29.844812
51.355022 7.199981
41.213573 -18.996965
0.704734 44.254475
-12.124302 -3.344676
9.885837 34.404568
-6.921267 54.203457
-2.039168 -17.184496
45.131985 -5.105103
-38.285801 1.194467
-45.012253 -36.837070
14.692176 -25.786306
-4.286417 48.626060
3.098089 10.470160
4.977271 41.028553
-1.962751 -61.345390
7.281819 -30.259542
5.346253 7.655073
-26.485043 -50.901226
-45.601551 -32.722004
-10.183855 47.099045
5.936480 26.128942
3.812844 -29.930609
4.369168 37.101429
18.272104 -26.717976
-29.918417 41.309200
-34.602985 -44.239716
4.369169 37.101429
45.350689 -8.295529
11.023993 -34.660187
50.806370 7.645470
-0.001990 -23.400248
54.465828 18.478882
-27.085094 22.020344
3.252607 0.020907
-29.693869 -47.716724
0.409984 35.457150
9.447508 35.855328
2.362888 -5.315182
-0.213196 -58.481918
24.051579 -24.283390
24.107271 -24.222803
-41.231686 -32.987446
-12.302786 53.613560
46.572613 -8.164426
58.865631 25.812407
1.071500 -19.842653
-41.046677 -37.286121
1.949015 6.163937
-8.014876 -3.109670
3.970635 -31.319218
48.029942 2.812355
-6.918611 -3.854224
43.758595 -12.633028
0.857217 6.293653
12.587550 -33.471760
-7.542292 38.932667
-37.748440 -0.286924
31.822491 45.495201
-47.155926 1.240462
-18.798372 56.348434
-19.649212 56.314266
-4.648102 -20.242907
12.170010 -26.950853
-7.017807 37.453773
27.940708 42.968826
4.886974 -24.416746
15.563848 -33.188976
-50.876541 -15.709054
49.161259 -5.818278
-3.553022 -26.634613
-0.646599 5.944786
37.205353 -16.747835
48.073658 4.555224
-2.381755 44.255474
-1.171399 -56.457058
-48.105427 -12.868818
-36.315933 1.864902
-49.120914 -14.699527
56.834743 17.737217
-34.889339 2.736182
2.789585 -25.446939
6.423080 32.301174
15.634885 -34.517582
26.787580 -33.545158
21.353891 -35.664127
-41.528568 37.982353
14.197366 17.532068
-3.948658 -18.043055
7.151486 23.376595
5.075507 35.832188
-32.308365 33.386986
-32.308479 33.386234
-43.065132 -43.860291
31.498152 -27.959274
2.662333 39.754147
-30.810728 -46.685814
52.134327 10.901278
7.552913 -33.862534
2.217809 -6.593559
51.226845 15.356216
-16.843042 53.006638
3.048893 44.737968
20.575863 -32.574966
-32.308868 33.386009
-0.752596 -26.240137
-0.017361 -58.148869
-15.230986 35.981575
27.261662 -34.116806
3.778950 -21.268867
59.719879 27.197195
-26.998154 24.685785
-36.166805 -41.880276
-6.960719 -11.535037
-1.962751 -61.345390
-2.222120 6.802886
4.049192 -30.420403
52.127129 14.084383
-19.138460 56.555054
-16.843166 53.006504
-40.716190 -18.711098
-40.211884 -17.262102
46.296318 -1.053676
-5.684353 48.051334
-43.593971 0.470267
41.871075 -16.395979
-2.405020 -21.937021
-38.808571 -35.439064
-1.415135 -22.221565
-8.910680 -0.204201
7.453154 22.097681
46.555592 -5.526582
-27.717875 23.076265
7.391439 10.519593
4.974687 41.398426
1.425053 18.837809
-38.344719 32.697472
-30.174860 37.382034
-19.100603 55.558655
36.212921 -17.970852
11.004484 -27.764355
-18.359509 34.129066
-42.089813 -24.068621
9.836448 17.476086
2.163347 -1.519592
52.264576 11.847654
-40.883022 38.418819
18.423468 17.424946
-2.381613 44.255535
2.937074 6.359833
32.545021 49.875011
-6.309597 49.322548
-35.553909 -1.627684
10.271099 -35.175354
-30.366411 -46.736572
47.466015 8.288813
-24.781488 23.583738
-37.228882 0.393667
-35.014408 -43.753563
-20.415283 30.254147
14.702692 -32.775547
-7.682288 -13.262948
4.251009 21.070942
-45.792103 -32.791920
2.146678 -17.119762
-0.946121 -57.978973
-7.041345 37.324261
-4.042172 8.387442
-0.931616 -14.516543
33.559418 -25.496731
57.902004 23.147791
24.636835 -30.283060
-46.137333 -18.956001
9.641179 32.044270
-0.992567 -28.759502
49.274483 -4.165896
-14.809383 35.768532
22.110777 -29.308784
-42.709011 -17.469788
4.795003 10.692776
43.296860 -38.231899
18.413815 -25.622229
9.873015 -33.790802
-25.067831 26.668856
-1.962751 -61.345390
1.887731 -55.923561
26.478109 47.723392
-45.445179 -32.797386
-26.485048 -50.901222
23.971157 -29.241819
27.879744 46.439568
-27.319715 23.494108
24.946211 -35.833752
9.200161 12.162384
8.639482 35.495110
4.102603 -18.289206
-1.962751 -61.345390
-1.962751 -61.345390
-1.962751 -61.345390
2.743940 20.288498
-26.989359 -49.652336
-36.554111 3.645761
0.135065 36.422466
23.595242 -25.555122
18.877748 -26.512119
57.253666 23.343645
25.996563 -35.128510
-40.291954 -17.232220
-19.331629 33.339741
6.179721 -30.212803
-34.762737 1.042176
-5.080314 56.638145
6.578033 -30.914757
-33.810944 -43.998051
-2.214743 -59.078907
53.212448 13.630136
-12.124302 -3.344678
-45.446156 -32.796127
-4.488033 -8.247571
45.960968 8.247204
-1.309542 -22.605196
20.579754 -30.934944
0.785169 33.484665
20.064274 -32.225399
17.819321 -25.523396
29.380323 47.449162
5.059331 34.795212
42.962410 -12.777916
0.596868 -28.341127
28.234608 -32.609936
9.318693 32.016628
-19.483082 56.502995
-2.877414 -57.351658
4.486018 -18.528181
-25.392536 22.588882
49.833828 -11.202983
12.345576 -30.801321
7.842638 -33.983257
2.214784 38.506470
-3.253165 -25.774628
17.669691 -35.401344
23.131598 -33.067284
-9.287733 -13.110776
5.118464 15.603698
-19.541693 55.670300
-4.042237 8.387538
40.466190 -16.348572
48.837360 -2.516387
27.934559 -33.854435
-9.135538 -6.405610
-6.743307 -21.797228
-4.679674 50.330956
-15.215680 50.259518
-45.720787 -32.743671
17.874039 -26.937910
-45.476788 -33.117661
-15.740297 53.737816
-9.608830 55.554768
19.096344 -31.356203
-1.407249 -59.182823
-10.706429 50.120335
20.299505 20.317738
12.701348 25.158810
-4.710135 9.680307
20.609915 19.625145
-28.181606 22.773563
-15.740295 53.737583
5.882968 -28.725437
-19.598940 32.984093
-7.299986 -21.089489
12.701346 25.158796
1.054934 -58.098099
3.791144 22.961756
60.508793 28.508455
40.020664 -19.227625
22.048265 -29.609009
-3.956874 -0.122816
-1.962751 -61.345390
49.334866 7.843583
9.924888 -29.553911
2.215008 38.506649
7.283417 16.317707
46.789196 -7.626842
29.588295 44.101734
3.341651 22.693790
1.731191 32.841503
-4.628507 56.426514
-5.012424 56.544018
29.997173 47.699154
4.603822 44.343868
9.200161 12.162384
27.847675 45.884682
-26.117735 34.607452
-26.116821 34.716053
39.234108 -22.818365
-4.543884 -20.034445
-10.189418 50.409039
2.931212 -5.261085
24.302227 -29.694954
57.091198 22.150112
-6.378572 -13.754489
-26.603180 21.082464
-43.389538 -43.621536
-30.052107 38.046665
-12.837115 3.164444
7.798280 9.381989
-18.944059 34.367111
-12.299290 53.158165
-51.308918 -15.164721
51.148411 12.898868
27.446781 -34.163177
-39.087612 -35.678680
-46.145084 -18.948610
29.676794 -26.682648
-16.587927 56.578949
-4.244176 0.259475
-1.962751 -61.345390
-42.357323 -23.637903
3.172324 18.749971
-50.881760 -15.747439
-0.803711 -59.449738
7.798302 9.381950
3.453204 -27.878010
-62.492661 11.234213
-39.194653 1.278170
-67.429260 8.952071
-26.117136 34.717209
-32.308319 33.387299
-41.420876 -28.112444
0.704721 44.253933
21.822519 -31.107475
46.268780 1.388997
43.313267 -18.392704
-3.100643 50.139977
3.926972 7.997166
4.257468 1.174825
0.312871 22.025251
26.340919 -35.873260
52.697300 19.544508
45.389267 3.940609
-17.151178 32.880630
-10.164885 1.465080
14.235943 17.835594
11.758659 32.217632
-65.180450 7.313092
-7.132082 -20.300537
27.638205 49.342716
-12.929646 2.586117
-39.080334 -35.680000
-41.528568 37.982353
8.740165 -32.596451
20.447456 -34.918613
40.979988 -15.791505
27.638205 49.342716
41.146084 -18.152370
-38.831955 0.526514
53.475697 20.209850
7.627407 32.246189
46.194309 12.347509
0.363691 -58.482750
56.692661 16.920839
48.013229 -8.409777
-2.788892 -4.997039
48.045914 -11.563463
-26.796608 22.741671
3.657660 9.554442
7.248589 13.561860
-22.353134 30.230080
-28.318913 22.457939
36.113045 -23.998455
45.168797 3.742771
1.950393 -24.408922
3.670199 20.136768
36.986385 -23.912239
-32.308830 33.387222
47.481453 -4.922506
-43.379456 -43.304829
-18.807400 56.371353
-2.454583 -14.425951
20.795088 20.049170
18.928869 -28.824570
38.795979 -20.083540
-67.866341 9.356756
-14.005879 38.517063
21.161486 -32.709423
-3.265658 -18.306757
1.306815 7.863062
1.245697 -58.451736
-71.642494 1.719327
43.888462 -8.783845
10.883683 11.941454
-11.322482 -8.423957
-73.863518 1.440473
-38.375263 -2.546969
-37.380028 -0.747707
8.121634 17.360516
-18.718260 56.032150
40.570065 -20.099436
7.220648 -29.491348
22.296719 -29.873798
2.662119 39.754669
10.270919 -35.175354
5.464733 10.991222
5.118464 15.603699
30.943420 46.845764
-40.456650 -16.452974
8.244506 32.725021
30.746674 47.972454
-14.822819 36.196148
50.484993 1.612296
12.454523 -30.288095
-26.447086 22.742622
-10.914059 -12.008875
9.416759 18.896309
43.670544 -38.348553
-27.809940 22.284973
-3.203955 -19.329378
-1.962751 -61.345390
28.405085 -30.119507
30.192863 46.555599
29.385345 48.249374
-12.741075 3.069211
-4.327699 56.903049
45.207413 -4.686624
48.399178 -1.043586
-41.324703 39.043171
1.504848 -18.202007
5.118464 15.603699
11.174350 14.382700
-40.441723 -37.504040
-0.683050 -59.532536
-10.189421 50.408993
20.807627 19.945942
51.942234 14.013572
34.384800 -22.774920
-0.982927 -58.603188
1.979373 3.977999
46.454601 -1.014600
-10.031498 -8.123425
9.586366 24.356989
-8.013477 -3.107483
-2.813570 3.951143
11.482618 26.163130
8.678587 35.614529
5.118066 15.603279
-4.770501 -20.886881
50.089985 -0.432427
14.983362 -31.501307
-30.321001 37.824184
-4.488074 -8.247645
24.926355 -36.056923
46.043709 -6.404706
8.495615 -31.650122
-42.270691 -23.731283
4.510043 0.600184
6.354536 36.459560
-48.594093 -13.107122
20.175783 -37.428097
-46.546997 6.668932
-4.796741 -19.498653
2.214826 38.506954
-30.206480 27.763876
51.334442 9.687561
-14.087110 35.988472
-12.451530 -8.150595
-22.686190 32.541981
-41.537632 -3.241486
-30.206388 27.764444
-43.689266 -2.188453
5.419306 -21.651396
3.074420 41.291656
-35.553909 -1.627684
24.715328 -34.272984
-32.381855 -45.380375
-13.114209 3.176061
32.016087 46.606178
34.071033 -23.565384
-12.583795 37.005962
22.778339 -30.599535
-1.708126 -57.435253
33.241646 -26.688402
2.701650 -21.909140
-14.570808 52.446896
47.817013 -4.970685
-23.961855 30.308598
-26.977278 22.051706
-20.339333 30.344347
49.798374 11.575939
3.958729 20.952868
4.603770 44.343636
-40.179600 -1.025366
-38.637707 -0.776505
36.418766 -19.326839
-39.390617 -0.641333
48.199020 9.049402
32.009930 46.035404
-41.324871 39.043125
-12.587781 36.988991
-1.962751 -61.345390
-39.350540 -0.624741
29.120909 44.418133
-4.851362 9.605933
2.978781 -26.693180
3.530299 11.121971
12.375707 -27.101814
31.183062 44.499092
49.844040 8.698621
-30.206484 27.763979
-20.170883 30.165079
11.780373 -34.197273
1.959541 -24.653105
-25.167557 21.167149
-9.374372 -9.025514
12.701346 25.158798
30.932371 47.245533
-12.298512 -0.760412
3.195266 5.354767
-30.206367 27.764345
31.088346 -27.305780
49.235401 4.811337
-5.781997 -15.505652
58.281368 24.650253
-46.144787 -18.947701
15.799735 -31.831263
41.700233 -15.606457
-40.717613 8.920434
-35.553909 -1.627684
-37.103962 -0.013420
-29.610010 37.649414
30.408897 46.318157
-19.454288 56.513298
-36.315933 1.864902
-67.285744 6.632068
-68.870636 9.353672
-0.531080 -58.401752
-1.962751 -61.345390
-71.877243 6.352366
-31.470034 -45.975136
3.073313 7.789171
8.121634 17.360706
-5.125906 56.922249
48.800728 0.318903
-0.288864 4.126902
32.543205 -24.115097
0.916168 -26.965563
-29.700819 37.443184
-66.747986 11.628688
-18.066683 53.195324
-18.066647 53.195824
-72.185730 9.561072
-72.185730 9.561072
58.146511 25.207369
-67.438393 7.161294
28.637651 44.665676
51.136982 10.988922
31.871635 46.803833
36.113041 -23.998442
-5.684326 48.051601
46.561909 -6.300817
-1.962751 -61.345390
-40.295597 -44.408657
-43.057854 -43.860527
52.374725 16.165689
53.830547 16.845533
39.546959 -20.581408
-48.594299 -13.107167
-8.684821 -9.797952
-69.698967 8.378139
-47.375111 -16.138996
-72.185730 9.561072
2.662042 39.754547
27.542696 -28.192997
-25.748831 -51.069229
43.670544 -38.348553
8.003971 32.596863
8.917720 -29.816519
34.964252 -24.211769
2.983575 38.859623
0.052528 -28.346441
41.895245 -16.798655
-9.627890 50.910381
27.892429 -27.417122
-68.471985 9.745606
-69.160194 10.360986
-68.482925 10.437232
-40.259178 2.933238
13.831609 17.760197
11.378592 25.668806
-46.546539 6.669344
0.157647 -15.835240
7.061457 34.247181
11.174350 14.382700
31.374228 44.687649
-16.587866 56.578506
52.928204 10.373389
0.206543 -7.617724
4.043557 1.370364
-9.588978 -18.473717
-12.702620 2.801292
29.367571 50.038921
-29.708282 37.940983
5.341290 24.047417
43.493286 -11.344975
-2.975180 -57.598286
-40.718189 8.920389
18.229879 -24.812378
10.750772 -29.932703
30.882526 42.688591
4.422145 27.071274
-32.915806 -45.596699
-20.415277 30.254065
5.979754 -28.264006
10.211390 -33.415390
42.009274 -18.993862
22.265753 -32.241531
60.566338 28.939318
8.237646 10.398032
1.887731 -55.923561
-27.040581 25.235130
3.074429 41.291012
7.122674 -33.504688
-4.139187 -26.457876
55.701748 18.561060
-2.316359 -21.318727
-40.883022 38.418819
-26.919413 23.675272
-22.597765 32.385506
-0.165063 -29.839468
-4.235387 37.126522
49.933235 8.090845
-40.102535 39.916386
-5.684317 48.051567
7.160517 -28.904909
5.294366 34.512379
47.038109 -2.377068
-3.412259 -4.672626
-25.618578 22.079416
49.414715 -12.424802
4.931341 13.769424
12.194822 -34.360256
33.622604 47.395294
-0.288880 4.126906
6.767279 10.970796
-1.217831 -6.303835
-12.274878 -0.660098
-4.851332 9.606488
-26.314318 21.595999
-0.708592 -55.854290
9.330046 16.413078
-8.013440 -3.107864
11.324646 29.358318
2.239069 19.124599
-5.602739 48.044041
-10.189544 50.408749
1.083262 -14.739016
-37.977470 -0.805027
-51.627548 -15.286205
43.363590 -38.462883
-3.100651 50.139999
48.020706 -2.819983
46.522274 6.339439
-1.955889 -17.771177
46.309307 -7.799926
38.943977 -17.860914
-4.890864 -16.861517
11.907598 -28.461485
-46.546997 6.668932
11.126660 10.002310
46.795559 -2.551566
-9.654042 -17.168409
3.763208 36.461262
-5.429555 -13.938485
8.244491 32.725109
-28.969429 23.578093
57.299030 23.219131
-38.723770 -1.225834
-27.258120 22.390251
-3.487374 -27.060505
-1.870592 45.199150
-46.546997 6.668932
59.624500 26.922581
57.130337 22.402040
7.484500 16.640511
-29.911928 37.317047
-1.962751 -61.345390
-41.528568 37.982353
-1.962751 -61.345390
-40.570320 -1.171994
-1.081081 -17.844208
-19.784849 31.016239
45.382076 4.052652
7.798313 9.381984
-1.962751 -61.345390
26.425138 -30.444277
27.185993 -33.428963
-26.545706 24.371502
-26.345465 23.516512
29.981989 47.280373
-39.894768 -1.658223
20.175781 -37.428093
-9.559846 -10.930190
55.178097 12.998873
-43.042946 -34.145081
0.734484 -58.633755
-9.559845 -10.930177
-34.281071 -44.189606
-1.303471 -59.224232
-9.135538 -6.405609
16.503847 -33.685692
-39.829128 -1.243360
-30.810722 -46.685726
1.262544 -57.930023
-27.992800 24.070023
30.126766 45.042938
-40.514565 -1.992717
36.426140 -25.114727
4.351983 -30.424038
29.237911 46.304611
13.833303 -36.510715
-30.266811 40.868839
-16.843086 53.006691
-25.749752 -51.070385
-1.194931 -57.047886
-23.962515 30.309429
43.691074 -12.690261
58.141003 24.194046
1.728353 20.860437
30.643175 47.315651
31.210173 45.529202
-8.013702 -3.107834
-0.531496 -58.897682
-34.821583 -43.935352
-25.312433 23.852942
47.559242 -3.101026
-7.511473 -7.126331
-15.616317 36.249241
1.001964 -17.868032
-25.061014 22.832405
-39.377407 -2.563994
-7.222663 -20.698416
43.296860 -38.231899
11.172029 30.842611
46.604862 -4.180429
6.375172 -32.181946
47.364628 0.495658
-19.533346 55.665318
48.736187 -6.378397
2.993193 22.733078
7.227264 13.687337
-24.607353 22.294207
-26.151888 21.955046
-4.132122 -1.042988
26.505487 -35.130997
5.598159 8.791037
-40.879208 0.187599
-41.114292 -33.779655
-19.695274 33.120018
46.422722 -0.289209
-62.487675 11.237440
2.427082 5.187498
12.650269 31.098402
13.873068 17.853144
0.004005 -57.557301
-73.885979 1.441013
60.691936 27.961689
5.598189 8.791213
7.798313 9.381984
24.715368 -34.273014
8.475716 -31.036074
-41.688717 -23.505318
45.832123 -6.071559
7.798159 9.381988
-28.591438 37.936100
6.120342 39.584217
-15.215691 50.258694
35.531052 -25.731436
-28.617172 22.908434
-15.287190 36.556431
29.450930 45.096561
-30.341410 37.617043
46.194057 12.347436
51.903484 12.518498
-4.310937 -18.405523
1.157588 -14.887663
0.810564 41.530720
12.324656 -31.330667
40.085979 -18.306232
28.046926 46.780529
-39.155418 0.007264
30.503378 45.639973
0.591208 35.358376
-42.982056 -35.058838
-0.087931 -23.631474
6.080675 39.084820
-6.644589 0.000834
-6.932253 54.233082
16.699100 -29.629133
11.903505 -30.691076
29.674994 46.341316
-1.962751 -61.345390
21.218477 -29.502445
3.310636 1.894619
5.202877 22.577703
-3.372203 -4.758281
-42.698284 -21.338329
37.932713 -15.611155
-3.771236 -17.951447
-30.206215 27.763386
48.073055 7.362513
22.439072 -29.021732
-4.328534 56.703274
-4.628507 56.426514
-30.266649 40.868942
48.455673 -14.793747
49.936314 -11.123110
-41.270741 -17.722145
43.144859 -13.009693
-2.562770 -54.928055
9.941973 -30.893772
37.670753 -17.675743
-28.318998 21.989492
-29.021742 22.334932
42.436409 -14.708717
-40.883022 38.418819
2.372872 -25.686672
59.667450 27.067490
0.973093 -25.665604
30.010839 48.308212
-2.133519 -58.481441
4.478071 23.427090
2.467022 31.758429
-38.787350 -16.744516
8.067375 -30.885683
52.322250 8.849747
-26.405716 20.586571
46.525997 -4.520226
-51.781635 -15.634642
9.418281 10.719954
16.661869 -31.239927
43.514507 -3.148712
29.527800 47.664497
-46.546997 6.668932
-16.700979 35.169140
-43.129036 -43.842350
-35.388489 -43.409454
-4.628507 56.426514
-6.929413 54.212807
-8.014729 -3.112057
-51.176498 -16.069416
30.959101 -25.875147
3.657660 9.554442
-16.587875 56.578861
-1.962751 -61.345390
-37.861309 -2.292321
-30.346630 37.712120
50.053822 6.083528
-9.594919 -17.738663
-38.344997 32.697029
10.160489 -31.604858
-5.388692 -23.667503
-0.047471 42.904793
46.221558 0.794536
49.039291 6.159362
-7.716931 36.997177
-18.656193 32.078247
-41.087772 -19.681980
-0.803711 -59.449738
38.353996 -20.823761
2.457807 -30.971897
51.291439 13.810203
-25.935228 22.560608
-42.265400 1.025250
-1.752412 -59.092815
29.400221 -29.879930
-8.967205 -14.000706
31.906553 45.756229
-0.229555 -59.166035
-40.295601 -44.408657
7.770239 33.018391
2.526928 2.163505
50.538094 9.304675
10.001389 -31.598906
43.889980 -9.675204
60.779736 29.241016
-26.989357 -49.652332
5.419305 -21.651381
1.426867 41.006973
46.194057 12.347436
-36.315933 1.864902
-0.016428 -16.003418
26.928053 -35.442944
31.594328 47.207611
28.844732 46.195072
-29.704260 37.937691
-48.105507 -12.868784
2.736520 37.486244
48.455791 -14.793644
25.914942 -24.404425
5.288726 37.099987
-12.190710 -0.614804
11.138811 -32.971729
29.978497 44.943588
20.331865 20.329733
15.307523 -33.324001
40.099049 -16.204895
-19.042952 33.552574
-29.021742 22.334932
-42.491077 -4.350677
8.570880 15.788185
53.784832 14.021182
-7.314241 -11.114807
-4.488074 -8.247645
-41.420815 -28.112444
5.936150 26.129038
29.367571 50.038921
-41.528568 37.982353
-35.553909 -1.627684
1.370131 -59.325665
33.006512 -24.724024
-41.537632 -3.241486
16.280945 -32.443985
4.602030 44.344662
11.222319 -31.011530
-27.186806 22.789320
11.026158 -27.478317
-19.677652 32.801666
30.907288 -27.090183
-3.094748 -25.887936
28.767059 -34.972069
60.207851 28.099476
-7.219811 37.530590
9.021251 30.629946
-5.859154 -14.503201
30.977295 49.682869
-30.266499 40.868385
50.114285 -0.070330
-39.420914 -35.331074
-39.420914 -35.331074
53.253841 19.628801
41.132286 -16.090076
5.598159 8.791037
-1.962751 -61.345390
1.226435 -27.225990
-10.674520 51.271996
34.436096 -22.628256
57.418518 24.326796
14.610634 -36.409031
43.822796 -10.252039
-2.381662 44.255531
-46.546997 6.668932
-1.962751 -61.345390
-9.907405 48.637825
36.675846 -19.843817
11.174350 14.382699
47.416039 0.708646
49.812393 -11.406376
3.977150 8.381182
-20.628895 33.776230
17.452923 -25.044680
-0.859788 -58.155174
9.532598 20.567482
20.198750 19.685659
-25.604376 23.522594
20.609341 20.311790
-41.814346 -22.696972
-3.737617 -15.183311
49.835354 7.076834
-10.183806 47.098568
-5.856909 -8.180041
-39.772659 -17.516174
-7.901005 -0.915773
-27.794802 21.572039
-19.219200 56.554665
-4.163922 -26.227720
-2.286435 -25.593134
-65.180450 7.313092
-7.027703 -3.912034
45.023376 -7.020854
13.056863 -27.194874
9.586366 24.356834
9.586501 24.356842
13.742022 -30.642611
3.404211 -20.310579
43.594624 -11.170238
-41.816708 38.562504
47.295708 1.416331
-10.782719 -5.665860
-10.860828 -10.203322
7.620048 11.205909
1.887731 -55.923561
30.729433 48.122166
23.339542 -30.137178
3.771614 22.893108
-8.007450 37.192841
-26.657887 23.029360
-68.654213 7.471205
-15.740287 53.738087
-62.489632 11.236759
30.336910 48.281052
14.272697 17.692120
28.204988 44.984100
1.887731 -55.923561
2.640512 21.849773
-45.012310 -36.837452
9.691644 19.560390
-69.864525 8.978604
55.764282 16.742542
44.543354 -9.152280
9.586576 24.357027
1.306815 7.863062
-10.624712 2.169003
-6.309608 49.322285
-66.955589 8.320412
-42.355232 -25.475220
29.799898 -33.099140
31.819164 -28.070032
13.651877 -32.885162
44.550354 -7.655512
-38.344856 32.697182
-39.334877 0.678218
2.161326 -22.512445
20.899624 -25.020933
-39.818455 -15.415157
-13.957467 37.713001
3.263088 29.223469
-4.701511 9.681646
60.668137 28.841169
-72.185730 9.561072
29.506741 -30.696321
0.021102 7.495078
-39.013046 0.115579
-1.740793 -58.806763
-43.389538 -43.621536
-0.850789 -26.719809
-66.747986 11.628688
39.232204 -22.633572
46.468613 -9.663062
-37.790348 0.218197
-4.042087 8.386674
48.736000 12.680105
0.306159 -4.878593
-50.896255 -15.811624
8.985483 -30.270409
-65.180450 7.313092
-41.231670 -32.987446
-41.324703 39.043171
-66.747986 11.628688
12.570197 23.856606
30.232943 44.206501
-42.734158 -43.155815
47.429001 6.663102
5.081600 -24.346537
-14.565989 34.505486
50.447067 10.323767
29.084576 -27.129652
53.092140 13.299768
-73.616814 1.457534
-13.221076 2.688791
-42.718750 -0.748043
-42.400784 -2.017500
-3.483117 -25.808468
-3.025129 3.037347
27.039623 -34.566051
51.551964 9.948386
59.417870 26.505209
-40.259178 2.933238
1.452742 33.986378
48.108009 3.402179
-39.680790 -16.815945
-27.725460 -50.363464
58.446758 24.246943
-39.415546 -35.287094
-2.154866 -57.458805
30.843281 -31.098742
2.211593 10.155760
56.986031 23.277212
-31.824423 -45.807690
20.496042 -23.959183
23.285290 -29.302877
59.003063 25.899940
58.117271 23.961451
-9.907388 48.637779
-19.138460 56.555054
-40.155659 -14.659324
-8.358220 37.052338
-3.482574 -17.160713
3.136370 7.460864
-38.187481 2.967995
-70.126747 9.740179
0.798151 -29.266050
-9.628624 48.659622
-19.695919 55.888538
4.977269 41.029675
-70.233734 7.104319
-70.512131 8.690123
-17.273806 32.467392
27.764887 -28.824163
-6.499835 48.307865
-42.472836 2.858918
-67.778786 7.693348
-68.424614 7.182678
-6.915978 54.179333
-67.717247 8.044422
40.836456 -16.318638
-30.174860 37.382034
-20.894838 29.915554
-4.710060 9.680868
7.419556 16.301920
1.422671 -59.009010
-9.135538 -6.405609
47.156651 1.461266
-68.715401 8.544401
27.940708 42.968826
-4.869895 -1.831747
-37.104160 -0.014295
-41.120346 -29.289112
-18.846130 55.685745
48.518658 1.601959
-43.915180 -0.898611
5.289204 -24.472126
-21.578094 31.232344
-67.242821 7.592070
45.749359 -7.710384
11.324646 29.358318
2.234972 -18.210348
6.148025 4.133421
9.924220 29.219572
-5.873874 -23.388535
-38.187481 2.967995
8.693272 21.728432
2.773262 -28.699739
10.107430 31.060850
47.779308 -0.138211
47.778061 -0.138086
-69.236488 5.895550
29.551805 -33.822414
28.824471 -29.596457
14.441844 -32.255398
14.013607 17.479689
-41.663502 -24.065033
28.686602 47.882576
-66.760635 8.708459
-43.534489 -32.825451
49.415089 -12.424832
-26.117741 34.607300
-23.800171 31.652025
1.604153 -4.293419
-13.279394 36.097591
1.604153 -4.293419
-14.139528 54.223553
1.463876 18.385479
-3.894863 -15.234536
54.519115 18.296762
11.422297 19.254154
4.603754 44.343483
-6.914046 54.177372
-6.548345 -9.619477
20.583652 -32.416748
47.388386 6.495111
2.986912 28.525921
-5.984020 37.100060
-43.204296 -3.305623
22.691807 -36.037853
11.758186 32.216267
46.250595 -1.462088
36.112740 -23.998438
-41.231682 -32.987453
-6.755310 -19.332275
-42.587711 -25.360420
11.174350 14.382699
-72.185730 9.561072
13.741981 -30.642612
20.757784 -34.130508
0.174859 -28.875885
-1.962751 -61.345390
-1.962751 -61.345390
54.273891 12.276052
29.418699 -28.570673
47.419151 -9.093714
10.780204 -29.491472
5.185181 35.796459
-71.877243 6.352366
29.825241 44.793114
44.441807 -11.191510
-4.851362 9.605933
11.126662 10.002351
47.717621 -6.966506
29.700182 46.895939
13.885156 17.868578
54.719902 15.733854
53.340065 16.153875
-12.451549 -8.150520
10.597449 -28.134315
-2.562770 -54.928055
-4.730818 -19.451265
9.163598 21.645969
20.299505 20.317738
2.503374 4.907751
-35.553909 -1.627684
4.499492 -22.581530
47.460037 1.451756
-39.602673 -15.580737
2.453063 32.515602
-12.811995 2.640953
60.979172 29.659878
-7.486097 -17.437456
-1.456462 -20.564007
-35.553909 -1.627684
29.046846 -31.546867
-43.130051 -26.703934
-46.546539 6.669344
43.363590 -38.462883
-2.541311 2.524238
57.111042 19.301643
15.044790 -36.332092
-35.553909 -1.627684
-35.553909 -1.627684
-35.553909 -1.627684
-37.640377 -4.277033
-2.381481 44.255901
15.110123 -30.335131
-37.640377 -4.277033
-40.296478 -44.410252
24.775753 -25.335871
44.806763 -3.939012
52.784153 17.236588
-4.166902 -1.031121
-37.640377 -4.277033
-4.375830 50.291782
-2.381418 44.255943
-22.336107 32.642326
2.242592 -27.305832
-26.989359 -49.652332
30.865974 45.542213
3.505322 5.626923
-39.860611 -36.279827
-29.716177 37.953827
60.197369 28.656660
32.675701 -25.434694
51.771614 11.681227
-39.080334 -35.680000
-40.717327 8.920382
7.016328 14.237339
31.644384 44.947086
-39.680798 -16.816002
-7.183422 -20.615767
29.101233 -28.451254
-27.512892 24.256433
-40.228630 -0.076940
10.750884 -29.932774
39.819202 -20.811266
4.977271 41.028572
1.168379 -59.734966
-40.894711 0.137458
22.112833 -27.160072
22.112835 -27.160072
-71.515053 1.617492
-40.359844 -0.538288
60.810738 29.032930
-69.485626 9.430940
-26.402554 23.206806
5.616189 9.698010
36.092926 -27.326868
8.950553 31.263815
46.007275 -3.348729
-32.061008 41.005733
-23.962194 30.309715
-46.145115 -18.948610
-39.787136 -2.481541
-67.927269 7.456399
-51.540859 -16.046227
1.426870 41.007030
-32.308514 33.386681
-4.851362 9.605933
10.955273 27.934351
-68.777000 9.842146
51.754280 11.708695
9.586305 24.356913
1.870377 -26.443035
33.873207 -25.621916
-9.253220 -15.834031
43.296860 -38.231899
-27.642317 22.667707
-8.910391 -0.204440
23.473938 -30.458099
5.446114 13.850155
-41.601917 -37.046230
-4.515718 7.394944
-2.566765 -19.367586
28.374510 47.533085
-3.693458 -8.381924
-1.054797 -19.686623
-43.351276 -24.686672
-66.665237 9.355550
-10.908548 -10.537940
45.945763 0.131643
-30.321001 37.824184
-1.283408 -59.193695
31.088297 -27.305796
1.536455 -5.899208
3.945907 0.455853
-66.639999 9.138516
33.436825 -26.966272
-40.717800 8.920421
-68.818932 4.371135
0.064403 -59.128380
26.452892 44.577129
-70.011208 4.726964
1.716085 -26.986540
4.065264 -32.317505
-39.365772 -1.871151
34.702164 -25.229132
-6.309605 49.324055
34.690548 -24.691324
-65.180450 7.313092
0.754945 -59.084858
-39.012592 -1.482945
59.053375 25.925619
-8.294237 -9.966578
-12.451549 -8.150520
-65.180450 7.313092
-27.860472 24.868189
18.542734 -30.752193
0.488751 -58.065926
-40.971916 -0.660846
-4.832254 9.613839
1.285208 -1.512380
-28.142181 -49.391720
-33.059647 -44.358902
-4.390992 -7.014645
-39.782955 -0.288478
-6.144992 -9.816458
4.415974 -22.497585
-12.551024 54.411987
57.534626 22.926296
-3.329052 -16.179760
-0.126166 -56.570824
-2.214761 -59.078918
-17.273804 32.467102
-39.440048 -1.742205
-2.929819 44.825027
29.765406 42.211937
24.427040 -31.728012
-13.166461 2.638932
57.865456 21.982908
30.986580 50.595707
-33.392803 -45.514870
33.662224 43.503227
7.384377 11.913559
43.980087 -14.075510
45.497849 -9.622723
1.126574 46.146049
-30.206497 27.764412
44.719517 -5.756962
-4.528334 -22.683031
43.779186 -11.044592
-42.765774 -35.226002
49.759727 9.943569
13.716513 -34.578789
-30.206310 27.764416
10.713046 29.595238
-6.565204 -9.809536
27.940708 42.968826
0.985877 31.500652
-4.074864 2.180779
-4.310937 -18.405523
7.553001 -33.862614
27.613647 -26.898678
33.742672 45.571510
33.742672 45.571510
-13.300466 2.897156
-12.688839 2.892384
38.435322 -19.817446
-28.541670 24.482147
6.439276 -27.283514
-73.910103 1.442447
31.438604 41.853474
-46.546539 6.669344
55.250202 18.217052
27.940708 42.968826
7.398536 14.118607
-38.344719 32.697472
60.519901 28.813223
47.098843 -0.985972
-9.640851 -17.485477
-26.146141 -49.817898
-45.961624 -19.679731
-38.930786 -0.681101
-9.056260 -9.364864
33.742672 45.571510
0.430958 -58.813377
3.048539 44.739834
36.113033 -23.998457
45.802727 1.240001
21.222672 -29.300718
-40.611584 -1.785156
-47.344604 -16.304161
-10.914019 -12.008936
-5.244792 -1.667961
48.452568 8.880349
2.165569 -25.683016
-12.124302 -3.344676
-40.883022 38.418819
28.767056 -34.972069
4.603782 44.343784
22.112835 -27.160072
-39.105118 -35.677399
-14.565989 34.505501
-39.393291 -2.572556
3.148660 37.643387
31.777266 -29.486956
10.104469 34.214802
49.564278 8.075106
20.558044 20.333704
-37.744064 0.952070
60.708122 29.020966
-23.096905 22.897453
28.650803 45.123093
-40.883022 38.418819
-24.570282 22.788080
11.758216 32.216309
-9.563220 -4.992782
5.117840 15.604070
-39.963783 -1.546253
-15.311052 35.896229
46.404404 8.785982
46.667698 0.335844
-40.883022 38.418819
-25.837637 23.994091
-18.066639 53.195847
54.234230 18.638973
12.403286 23.844894
-4.713692 9.679015
-25.350298 23.139332
-0.269358 -21.772888
14.941667 -33.664944
-39.371704 -35.529556
-38.873402 -35.547073
4.274929 -31.503674
-1.962751 -61.345390
-1.962751 -61.345390
-24.728508 21.857311
40.565186 -20.111626
55.263588 19.697866
-38.808266 -35.295101
-23.644775 30.938354
-1.707633 -28.555656
-12.124302 -3.344678
49.414249 -12.425091
44.468658 -11.726570
49.414398 -12.424965
-32.060978 41.005966
-25.971636 21.372406
-0.373277 6.440336
-40.385975 32.542927
-40.104019 0.209356
-39.418606 -0.148498
-11.726034 -2.325304
14.065198 20.843550
-0.047471 42.904507
52.306473 19.347403
56.241306 20.090111
3.273873 19.976845
-1.962751 -61.345390
-26.989359 -49.652332
16.072685 -32.377262
-3.025200 3.037379
-13.957466 37.712837
-13.957478 37.713001
-10.946061 -3.076030
-12.451549 -8.150520
19.677025 -33.209209
5.825243 13.143599
37.275799 -20.745846
15.044743 -36.332127
52.986691 18.527916
-5.818213 -18.536053
38.846233 -14.219819
49.414558 -12.424711
5.118191 15.604338
28.971384 48.069260
-41.555908 -19.457436
-40.601929 0.735303
6.873429 -27.893436
0.123976 -59.325047
-1.134305 -58.584797
-2.383831 44.256130
-38.741329 1.291019
28.414370 45.890587
26.326588 -36.070911
37.353985 -16.650328
-39.762959 -14.890196
-42.055958 -20.245939
6.990827 20.074377
-43.308609 -28.537771
-40.883022 38.418819
-46.024986 -19.767206
60.439423 28.489229
45.556820 3.911317
-39.096378 -33.731483
4.602029 44.344028
-13.938028 54.246971
-51.056889 -15.270595
-4.671720 -26.260798
-3.215852 -58.121677
-41.555920 -19.457483
2.578101 -5.286597
-44.551712 -19.774961
0.938140 -27.671890
-2.667501 -23.397383
-0.982776 -57.039749
-40.054943 1.048714
9.254935 35.499527
-26.989359 -49.652336
17.841503 -25.228691
-38.558697 -0.175109
-7.337291 -14.096092
-0.469819 -56.687183
-13.957479 37.712967
3.035548 18.510025
-41.528568 37.982353
-69.376526 8.707142
49.221874 7.518298
48.736553 12.680090
24.140306 -25.566706
1.068950 -1.210468
-69.482430 7.947020
-15.740296 53.737900
-69.911636 8.334940
22.250912 -30.230389
8.709940 24.022079
-69.739578 10.079492
50.848408 6.268946
8.088828 33.082958
-0.299892 -59.775372
-38.909706 -35.119022
31.286495 -29.555183
7.786587 33.975929
9.135283 -34.090855
4.399917 45.158791
18.874987 -32.845558
-27.772154 22.115873
-40.630066 0.693884
-38.879826 1.360140
1.036799 -0.886736
-42.916569 -22.542933
-51.542591 -16.044268
5.505363 -27.558123
-46.546997 6.668932
-0.288974 4.126844
38.430870 -15.305196
1.589257 -3.925740
-30.174860 37.382034
50.880302 7.145703
-19.540188 55.670097
3.501197 0.914485
59.507504 26.893587
59.626564 27.118425
-12.688839 2.892384
26.452892 44.577129
27.638205 49.342716
40.179733 -18.787701
48.978291 4.882514
60.098103 27.908546
-3.141427 -19.793671
-68.039940 8.856962
-42.850304 -35.066780
-67.980644 6.634823
19.347366 -37.109234
45.645107 8.452093
27.012077 -28.452152
-68.217720 7.894590
2.214605 38.506989
-37.864014 0.986889
-4.568657 57.182953
29.973276 -26.530931
-67.199509 6.848674
5.118191 15.604338
-25.118204 21.522146
-67.949707 8.480253
1.208698 22.083323
-41.663513 -24.065035
18.423468 17.424946
-38.457840 -2.147633
28.725752 44.561172
57.740669 23.680426
-67.013855 7.851677
-12.648309 35.720802
-69.073044 8.892175
-19.649212 56.314266
-13.781948 34.735806
60.333836 28.345051
-69.184402 9.754434
-37.861309 -2.292321
-32.158340 34.155289
0.323045 -24.908550
33.059711 -20.420431
-40.106617 -16.421713
2.199403 44.555901
-14.986052 36.740955
-67.097198 8.103363
14.979489 -34.742283
42.383362 -12.552445
3.313332 6.994576
45.926327 7.967378
55.746349 16.553625
-8.225380 -7.231128
-51.542591 -16.044268
-27.297070 -49.484253
-13.258497 36.480404
-40.102535 39.916386
31.668634 -27.838737
0.975287 -22.020008
-46.546997 6.668932
-7.062215 -10.196441
-12.824775 3.157310
-3.037440 -58.975971
57.172256 22.408010
-27.725458 -50.363476
-16.587919 56.578545
1.051018 4.085492
-66.747986 11.628688
-65.180450 7.313092
46.503120 -4.886835
43.670544 -38.348553
29.414074 44.247105
-40.259178 2.933238
-38.187481 2.967995
-8.867232 -8.951515
-25.690462 23.095066
12.290080 29.551640
-1.962751 -61.345390
-7.005704 37.322308
-9.563220 -4.992782
45.107800 -6.154536
3.048883 44.737705
13.213901 -27.526669
44.488266 -1.234792
13.947047 17.506042
-10.624697 2.169004
54.919109 19.894106
-26.862906 21.398016
-2.071855 -0.419086
46.447964 9.085908
-40.883022 38.418819
-25.624641 21.655960
26.453720 -28.621456
27.730343 -27.668190
33.659996 48.765572
-41.698990 1.897673
39.394001 -22.279856
-19.138460 56.555054
48.304657 0.265002
3.026446 -26.680403
-72.185730 9.561072
-43.300385 -43.183975
60.408489 27.102629
28.010000 45.554638
-6.922322 54.163322
-28.701906 24.143007
-12.718772 -10.485384
-5.502096 -1.576735
-42.368565 -21.115513
1.349929 35.745640
48.244774 -7.492687
54.824932 13.321103
31.373138 -25.568487
20.154650 -25.717093
-71.877243 6.352366
0.024009 4.234246
48.092777 1.424000
-5.782120 -15.867506
-41.582287 3.935077
33.006500 -24.723888
54.814903 16.737839
40.929783 -14.829641
-5.651109 -0.796253
-0.752750 -26.240091
46.466728 9.074987
20.352695 -25.778946
-4.320072 56.729618
-2.565876 -19.367550
-70.512131 8.690123
14.128877 17.492979
9.511565 -30.818451
30.486658 -29.126028
-5.149177 -0.013893
-6.355329 -6.281838
-46.546539 6.669344
35.921993 -23.323156
28.298878 -33.058170
10.342778 36.601562
26.598976 -32.636192
23.185799 -24.337467
48.889751 4.494665
48.225342 2.814733
-2.214743 -59.078907
37.290573 -18.894587
49.000889 -6.774238
-69.146126 7.004090
47.395863 -9.282636
52.605011 11.850443
38.960377 -14.279841
-41.397655 -4.975633
4.252913 -28.423769
59.239410 26.392097
-72.185730 9.561072
54.031662 19.018049
-68.370125 7.949358
46.863873 -9.307310
50.023312 1.597744
-2.631656 -58.201458
7.798313 9.381984
31.749115 46.373600
21.860058 -33.500095
-3.475991 3.161502
-42.686573 -43.676647
-40.909836 -19.944193
50.538658 10.706631
20.154840 -36.820187
-41.537632 -3.241486
-19.498177 32.290588
-1.870101 45.199245
14.955288 -34.333321
7.620049 11.206348
25.006823 -33.073380
30.073822 46.635612
-4.323709 -2.323678
56.536205 21.371225
46.194233 12.347509
-45.012417 -36.837635
-8.013540 -3.108078
-6.677785 48.884258
-6.725109 -3.475364
6.767279 10.970797
-0.575454 3.393276
3.240916 -0.323296
-67.766655 8.720971
-42.368595 -21.115288
54.032040 12.955453
-65.180450 7.313092
-65.180450 7.313092
-41.255028 -29.033768
-26.604620 -50.356697
-1.962751 -61.345390
-67.490334 8.381992
-35.553909 -1.627684
-41.752407 -20.234566
-41.806011 38.595730
-1.962751 -61.345390
25.977753 -28.617523
-40.718189 8.920389
-3.841427 3.512333
-68.435822 7.064670
-68.201057 8.238625
55.491081 20.305607
1.801022 38.440281
19.464697 -26.509304
33.028435 -20.439373
4.399914 45.158718
-4.869890 -1.831782
-43.042744 -34.145073
-65.180450 7.313092
-4.804540 -25.257463
-37.640377 -4.277033
-27.463362 23.908356
29.561394 -33.273602
-9.663487 55.013390
-51.074902 -15.256034
15.501979 -35.388466
-68.420853 6.128314
7.798159 9.381988
50.568340 -1.867726
-4.042194 8.387500
-68.827934 7.734836
-6.597695 -14.441325
-70.706787 7.950844
-70.719803 8.149100
-69.781006 7.442350
-17.579533 32.930752
-69.471176 6.369996
15.462715 -30.183331
-4.796763 -19.498755
-67.115501 7.403812
10.653563 8.856869
28.932730 -28.929659
-2.496413 49.570435
9.907221 17.877264
-39.397182 -35.492561
37.351181 -21.685003
9.381715 29.355206
52.893753 16.600376
-39.613396 0.451766
55.102028 17.263830
-7.003615 54.262943
40.910217 -14.523423
14.639550 -36.419556
26.166512 -34.047379
0.750589 -60.277004
48.890343 7.696935
9.532384 20.567507
-9.640647 0.798895
-25.126875 22.170111
-46.546539 6.669344
0.941343 -57.636806
-3.464953 2.425386
-4.432915 1.589342
6.249694 -28.504068
33.873196 -25.621916
11.302418 -27.764196
20.921043 -32.509861
-9.907386 48.637775
4.710777 -31.449474
29.139957 -26.827332
-9.663490 55.012558
-1.119820 -28.731722
5.178930 19.234934
0.165950 36.811604
46.311470 8.483473
-6.941266 54.245918
-67.106888 9.694131
-68.516792 10.454591
-67.829391 10.058556
-67.829391 10.058556
2.214847 38.506454
0.312689 22.025282
-30.005596 38.056644
57.356617 23.233044
-12.093602 -0.047455
-8.431743 -11.004145
-65.069557 10.098132
-28.221035 23.402731
-4.370912 1.681121
4.879652 -28.226219
-35.553909 -1.627684
29.537159 -27.951441
-8.910625 -0.204198
27.976099 -32.415836
-4.812739 57.208447
32.592205 -20.528366
-20.169571 32.383751
9.276754 25.315849
-3.646221 2.376230
-0.510801 -24.291191
-37.509010 -1.398986
32.343136 -26.963896
56.996067 20.646807
58.782940 25.309526
4.095721 -27.892925
26.683270 -31.824427
-40.057934 -17.569128
-6.718216 37.414951
4.459548 16.014662
1.551810 34.027077
-40.268059 -16.317768
-40.362061 -16.362614
47.289864 -0.169055
-29.823488 37.348808
-40.717911 8.920414
-2.381752 44.255482
10.396586 -29.966639
-14.874416 50.867161
-2.198987 3.008776
-39.920845 -0.326382
-40.719479 -0.296589
-6.758488 -16.967106
32.427914 -24.023083
44.105618 -37.636070
16.879517 -29.186947
-13.687089 37.006779
-40.999062 -32.336906
25.826468 -25.336542
-27.725452 -50.363468
48.664234 2.974231
-1.456439 -20.564024
-40.883022 38.418819
8.241565 22.110556
-39.429520 1.316817
5.936190 26.129002
29.795031 -30.496124
-41.535961 -20.427870
-4.327699 56.903049
11.482701 26.163177
-9.364120 -12.967367
-48.594341 -13.107169
-14.570809 52.446716
11.758446 32.216354
-5.941547 -16.915344
-47.344437 -16.304203
20.315981 19.622942
0.892822 -1.985945
3.170944 24.106689
-26.485048 -50.901222
-10.946397 -3.077233
-46.546997 6.668932
3.048905 44.737560
46.591789 0.964425
-37.982555 -0.392695
-38.202843 -0.677188
58.444431 23.824667
38.751717 -18.950232
50.027481 0.333559
-42.702911 -27.085672
19.981674 -26.372162
-41.420841 -28.112448
52.437298 19.209156
46.412861 -6.735689
-1.962751 -61.345390
39.043552 -14.071775
3.537674 30.922438
34.488598 -26.860565
-6.217640 -16.983021
-19.306692 55.526333
1.728353 20.860443
39.701225 -17.219906
0.277853 -7.483261
0.253582 -57.061707
45.321510 3.949472
25.664040 -29.727907
-66.838997 8.639117
-0.095824 -58.678692
-67.670219 6.473449
19.298933 -24.502079
-41.528568 37.982353
-9.608832 55.553787
-5.002049 57.111980
-38.803329 -35.385357
-51.627548 -15.286205
-9.995186 -8.244617
9.684924 18.289955
-28.438286 21.494553
-34.762737 1.042176
-69.111153 10.365871
-45.798309 -32.798416
7.537488 -25.441648
-41.420887 -28.112448
54.607243 19.122837
9.520968 34.808933
0.721104 -2.165351
-6.309623 49.322124
1.096920 -4.556384
1.884480 6.107448
-70.525375 11.766614
32.931194 44.101105
53.825954 18.719019
46.194309 12.347509
-66.747986 11.628688
54.052353 17.010489
-9.628690 48.659931
-67.147736 4.630728
-70.525375 11.766614
-0.850181 3.501676
-12.124347 -3.344668
-41.698990 1.897673
-67.147736 4.630728
-8.910498 -0.204152
46.692596 -7.708683
20.058477 -35.449944
-45.930626 -19.739788
31.230539 46.071388
6.977648 20.678127
-10.183755 47.098610
9.520796 34.809391
-25.846081 24.840368
-42.687138 -25.728455
-51.781635 -15.634642
-4.364005 -26.135820
5.598168 8.791060
-39.456532 4.472924
-4.003536 -17.077026
17.591209 -25.777580
54.694904 9.621859
-25.335207 24.566010
0.243239 -27.198160
-68.691841 6.700248
-25.035414 24.354820
-69.770348 10.022648
-70.059692 6.765174
1.361505 -6.201556
26.152090 -34.066212
16.980265 -29.979225
-24.734371 23.945288
-6.506207 37.268917
0.798404 -5.120754
-1.158070 -20.810148
-34.009811 -44.722309
-1.962751 -61.345390
-69.782104 6.468165
-27.129318 -49.706680
-69.509743 7.503304
9.544389 -30.214220
-68.617958 6.237799
-2.381752 44.255482
-70.542732 7.603202
-70.345177 9.208773
-37.434227 0.636508
17.236034 -31.934345
1.887731 -55.923561
5.936749 26.128643
-2.562770 -54.928055
-41.420860 -28.112272
-51.733608 -15.828590
-70.371696 7.396116
49.208904 5.080188
-1.962751 -61.345390
-34.929443 -43.478653
-34.929394 -43.478294
-4.219204 -19.125198
52.419621 12.035932
-26.419701 25.081202
39.450226 -20.617128
-1.962751 -61.345390
40.501892 -20.125059
-0.693814 -5.967269
-1.203261 -22.584318
29.037882 45.858444
17.781902 -30.004322
58.693935 25.148962
41.333988 -20.961288
-67.980499 6.229317
1.884970 18.283777
18.423483 17.424974
-1.962751 -61.345390
5.400050 -29.170044
-7.324586 -18.542778
1.887731 -55.923561
-1.962751 -61.345390
4.134643 10.515085
15.233232 -31.863428
33.294395 -21.334841
-15.006243 35.502888
-1.962751 -61.345390
-1.962751 -61.345390
46.459442 -1.290868
21.183189 -35.684917
-26.305193 24.200247
20.146019 20.202419
-67.106888 9.694131
8.661219 -31.970842
-50.952454 -15.378306
-50.899452 -15.821521
-41.411072 -36.739300
48.586323 -7.861346
-22.389374 30.385695
-1.549951 -2.864830
33.059483 -20.810934
39.233776 -22.818441
43.670544 -38.348553
-65.180450 7.313092
7.642635 26.364685
4.977269 41.029675
-65.180450 7.313092
7.542010 22.901926
-47.156956 1.240473
-47.156956 1.240473
-8.014876 -3.109670
9.888126 -33.849670
-27.725458 -50.363476
2.051031 32.874268
2.457522 21.657238
3.878091 1.856273
-14.973536 35.179626
3.313332 6.994576
-70.525375 11.766614
-66.747986 11.628688
-2.004915 -57.897331
0.268580 -60.464539
-0.397758 36.402252
-70.525375 11.766614
14.056187 17.942734
-40.295601 -44.408665
-41.507332 -31.282990
38.742950 -14.582522
43.888245 -8.783865
43.802601 -11.960361
-3.737115 -26.933006
-5.684333 48.051628
-68.812378 13.012177
-68.911835 12.087751
-51.200581 -16.078279
-72.185730 9.561072
20.807600 19.945910
-41.964909 -23.741234
0.721110 32.956615
-30.052107 38.046665
44.647285 -7.925730
-51.627548 -15.286205
-2.185613 -13.343465
-0.474260 -57.114300
-71.877243 6.352366
-12.298511 -0.760412
-8.910044 -0.202358
-72.185730 9.561072
8.570875 15.788331
19.609901 -24.529522
-70.215820 8.140092
30.443493 -27.545059
0.262557 -25.161791
44.687447 -2.923377
-74.561180 1.498252
10.139016 29.934622
2.778603 19.609528
1.281299 -19.535160
-41.310207 -19.080641
-41.420845 -28.112446
-38.915062 -35.114899
-8.013371 -3.107900
5.178930 19.234945
-2.381660 44.255524
55.454590 19.877245
52.530575 13.294140
-69.006599 6.453854
-39.249752 -35.075935
-42.750607 -27.164682
-50.328243 -16.814268
33.873280 -25.621746
-51.176498 -16.069416
49.763866 -11.387625
-74.611900 1.504080
-28.188187 -49.391533
54.144329 17.746803
-13.138996 54.661781
-69.082375 7.636456
-39.730553 -14.933603
4.369149 37.101654
37.279793 -14.939897
-7.626288 -17.447695
55.485222 18.071985
-69.269661 8.443997
-69.377548 9.272599
1.426871 41.006916
-9.608832 55.554314
-5.125906 56.922249
-69.864525 8.978604
-1.708126 -57.435253
-14.951189 36.373802
0.447357 -57.208767
42.040901 -14.855466
-6.442528 -14.958132
23.979591 -30.661150
-70.212692 9.518170
1.381844 9.445229
42.624130 -16.865570
-69.787178 7.831921
-51.706974 -15.880342
-41.528568 37.982353
59.884579 27.630556
29.707361 -25.001955
20.486361 19.611170
-24.611120 23.254227
4.603769 44.343575
-40.602940 -3.989555
12.185592 -26.912039
-0.278363 -58.041847
-40.717728 8.920418
-5.294107 -17.314987
-69.159294 7.095168
46.760487 -0.399543
10.841405 -36.833591
50.940445 14.239983
18.082224 -34.065430
-69.678192 6.911950
-37.640377 -4.277033
-68.438438 8.563891
-1.585512 -56.467304
-22.250282 30.454718
-42.631207 -43.316105
5.598353 -31.750050
3.148920 37.644360
11.358974 -31.798927
-68.730232 9.053028
1.653706 -5.037980
-6.841921 37.429451
-72.010780 2.001382
5.245630 45.708111
-7.749011 -18.104061
39.236252 -17.867020
49.851185 5.386927
-13.856816 52.618912
-41.822311 -28.263344
-30.174860 37.382034
0.874778 -14.865422
3.635609 -20.712917
-41.325855 39.042923
29.765406 42.211937
-3.894920 -15.234447
-15.446465 34.448566
11.758325 32.217731
-8.082031 -16.237436
41.869484 -12.767233
46.881943 -0.600235
-41.309528 -18.410738
-5.623794 -15.294811
-19.695919 55.888538
60.080406 28.101536
10.632043 18.623684
-13.298737 -4.461615
1.208699 22.083332
10.139010 29.934978
-4.528327 -22.683060
31.906723 49.233040
47.173443 -8.624300
29.569239 -33.987782
-3.539529 -4.625397
-1.823029 -56.741360
58.178417 24.162020
-38.806496 -1.757093
4.603776 44.343887
3.313332 6.994576
50.778427 10.034649
24.521610 -25.089962
1.455322 -58.615410
-18.944942 55.588638
0.481321 -59.660534
-1.836807 -58.206669
-38.789005 -1.867689
26.478109 47.723392
38.855030 -14.466619
-1.415243 -22.221563
-3.344254 -18.931791
-3.263643 -27.108109
-13.768941 34.840492
37.308456 -15.108941
-46.145084 -18.948610
-51.281075 -16.093023
-25.908060 22.394556
35.469109 -20.478090
-31.202934 -45.957138
6.088738 38.772026
48.455673 -14.793747
30.300074 -27.859272
22.980209 -32.756294
11.758263 32.216232
20.609915 19.625145
-0.413152 6.352406
30.120094 47.038860
-6.801126 -11.585538
20.096405 -26.207438
-2.235395 -23.966175
-2.235273 -23.966141
-47.155773 1.240463
